Probe avg_n vs gate bias
76 2 2
gate bias
Probe avg_n
-3 8.78071e+012
-2.8 8.88251e+012
-2.6 9.01307e+012
-2.4 9.18078e+012
-2.2 9.39733e+012
-2 9.67875e+012
-1.8 1.00475e+013
-1.6 1.05361e+013
-1.4 1.11928e+013
-1.2 1.20934e+013
-1 1.33636e+013
-0.95 1.37617e+013
-0.9 1.42008e+013
-0.85 1.46865e+013
-0.8 1.52257e+013
-0.75 1.58262e+013
-0.7 1.64976e+013
-0.65 1.72512e+013
-0.6 1.81004e+013
-0.55 1.90612e+013
-0.5 2.01526e+013
-0.45 2.13981e+013
-0.4 2.28306e+013
-0.35 2.45231e+013
-0.3 2.67754e+013
-0.25 3.12404e+013
-0.2 4.75189e+013
-0.15 1.28735e+014
-0.1 5.18826e+014
-0.05 1.96136e+015
-4.24783e-016 5.72059e+015
0.05 1.30329e+016
0.1 2.48019e+016
0.15 4.17332e+016
0.2 6.45238e+016
0.25 9.39855e+016
0.3 1.31126e+017
0.35 1.77212e+017
0.4 2.33822e+017
0.45 3.02884e+017
0.5 3.86695e+017
0.55 4.87904e+017
0.6 6.09468e+017
0.65 7.54582e+017
0.7 9.26572e+017
0.75 1.1287e+018
0.8 1.36387e+018
0.85 1.63445e+018
0.9 1.94205e+018
0.95 2.2876e+018
1 2.67133e+018
1.05 3.09292e+018
1.1 3.55163e+018
1.15 4.04647e+018
1.2 4.57635e+018
1.25 5.14014e+018
1.3 5.73679e+018
1.35 6.36529e+018
1.4 7.02466e+018
1.45 7.71392e+018
1.5 8.432e+018
1.6 9.94979e+018
1.7 1.1567e+019
1.8 1.3271e+019
1.9 1.50484e+019
2 1.68866e+019
2.1 1.87746e+019
2.2 2.07029e+019
2.3 2.2664e+019
2.4 2.46517e+019
2.5 2.66613e+019
2.6 2.86888e+019
2.7 3.07311e+019
2.8 3.27858e+019
2.9 3.48508e+019
3 3.69245e+019
