Conduction Band Energy vs Depth
87 2 2
Depth
Conduction Band Energy
0 3.54136
0.0200101 3.54136
0.0343543 3.54136
0.0446368 3.54136
0.0520079 3.54136
0.0572917 3.54136
0.0610795 3.54136
0.0637947 3.54136
0.0657411 3.54136
0.0671363 3.54136
0.0681365 3.54136
0.0688535 3.54136
0.0693675 3.54136
0.0697359 3.54136
0.07 0.141362
0.07 0.141362
0.0702481 0.141306
0.0704686 0.141161
0.0706647 0.140958
0.0708389 0.140718
0.0709938 0.140457
0.0711315 0.140187
0.0712539 0.139917
0.0713627 0.139653
0.0714594 0.139399
0.0715453 0.139159
0.0716217 0.138933
0.0716896 0.138723
0.07175 0.138528
0.07175 0.138528
0.0718125 0.138301
0.071875 0.138047
0.0719375 0.137767
0.072 0.137461
0.072 0.137461
0.0720595 3.53922
0.0721253 3.54116
0.0721982 3.54331
0.0722789 3.54569
0.0723683 3.54833
0.0724672 3.55125
0.0725767 3.55448
0.072698 3.55806
0.0728323 3.56202
0.0729809 3.5664
0.0731455 3.57126
0.0733277 3.57663
0.0735294 3.58259
0.0737527 3.58917
0.074 4.49647
0.074 4.49647
0.0742427 4.49976
0.0744984 4.50323
0.0747678 4.50689
0.0750516 4.51074
0.0753506 4.5148
0.0756656 4.51907
0.0759976 4.52357
0.0763473 4.52832
0.0767157 4.53332
0.0771039 4.53859
0.0775128 4.54413
0.0779437 4.54998
0.0783977 4.55614
0.0788759 4.56263
0.0793798 4.56947
0.0799107 4.57667
0.0804701 4.58426
0.0810594 4.59226
0.0816802 4.60068
0.0823344 4.60956
0.0830235 4.61891
0.0837496 4.62876
0.0845146 4.63914
0.0853206 4.65008
0.0861697 4.6616
0.0870644 4.67374
0.0880069 4.68653
0.089 4.7
0.089 0
0.0900551 0
0.0917786 0
0.0945935 0
0.0991911 0
0.106701 0
0.118966 0
0.139 0
