Conduction Band Energy vs Depth
87 2 2
Depth
Conduction Band Energy
0 2.94258
0.0200101 2.94258
0.0343543 2.94258
0.0446368 2.94258
0.0520079 2.94258
0.0572917 2.94259
0.0610795 2.94259
0.0637947 2.94259
0.0657411 2.94259
0.0671363 2.94259
0.0681365 2.94259
0.0688535 2.94259
0.0693675 2.94259
0.0697359 2.94259
0.07 -0.457414
0.07 -0.457414
0.0702481 -0.460049
0.0704686 -0.466879
0.0706647 -0.476635
0.0708389 -0.488376
0.0709938 -0.501395
0.0711315 -0.515148
0.0712539 -0.529218
0.0713627 -0.543284
0.0714594 -0.557103
0.0715453 -0.570492
0.0716217 -0.58332
0.0716896 -0.595494
0.07175 -0.606957
0.07175 -0.606957
0.0718125 -0.619509
0.071875 -0.632791
0.0719375 -0.64684
0.072 -0.661695
0.072 -0.661695
0.0720595 2.72535
0.0721253 2.71101
0.0721982 2.69513
0.0722789 2.67755
0.0723683 2.65808
0.0724672 2.63653
0.0725767 2.61267
0.072698 2.58626
0.0728323 2.55701
0.0729809 2.52464
0.0731455 2.48879
0.0733277 2.4491
0.0735294 2.40516
0.0737527 2.35651
0.074 3.20265
0.074 3.20265
0.0742427 3.17834
0.0744984 3.15272
0.0747678 3.12574
0.0750516 3.0973
0.0753506 3.06735
0.0756656 3.03579
0.0759976 3.00254
0.0763473 2.96751
0.0767157 2.9306
0.0771039 2.89171
0.0775128 2.85074
0.0779437 2.80758
0.0783977 2.76211
0.0788759 2.71419
0.0793798 2.66371
0.0799107 2.61053
0.0804701 2.5545
0.0810594 2.49547
0.0816802 2.43327
0.0823344 2.36774
0.0830235 2.2987
0.0837496 2.22596
0.0845146 2.14933
0.0853206 2.06859
0.0861697 1.98353
0.0870644 1.8939
0.0880069 1.79948
0.089 1.7
0.089 0
0.0900551 0
0.0917786 0
0.0945935 0
0.0991911 0
0.106701 0
0.118966 0
0.139 0
