Conduction Band Energy vs Depth
87 2 2
Depth
Conduction Band Energy
0 3.30487
0.0200101 3.30487
0.0343543 3.30487
0.0446368 3.30487
0.0520079 3.30487
0.0572917 3.30487
0.0610795 3.30487
0.0637947 3.30487
0.0657411 3.30487
0.0671363 3.30487
0.0681365 3.30487
0.0688535 3.30487
0.0693675 3.30487
0.0697359 3.30487
0.07 -0.0951278
0.07 -0.0951278
0.0702481 -0.0957497
0.0704686 -0.0973564
0.0706647 -0.0996376
0.0708389 -0.102362
0.0709938 -0.105357
0.0711315 -0.108491
0.0712539 -0.111665
0.0713627 -0.114807
0.0714594 -0.117863
0.0715453 -0.120795
0.0716217 -0.123579
0.0716896 -0.126196
0.07175 -0.12864
0.07175 -0.12864
0.0718125 -0.131309
0.071875 -0.134122
0.0719375 -0.137083
0.072 -0.140195
0.072 -0.140195
0.0720595 3.25874
0.0721253 3.25755
0.0721982 3.25625
0.0722789 3.2548
0.0723683 3.25319
0.0724672 3.25141
0.0725767 3.24945
0.072698 3.24727
0.0728323 3.24486
0.0729809 3.24219
0.0731455 3.23923
0.0733277 3.23596
0.0735294 3.23234
0.0737527 3.22833
0.074 4.12389
0.074 4.12389
0.0742427 4.12188
0.0744984 4.11977
0.0747678 4.11755
0.0750516 4.1152
0.0753506 4.11273
0.0756656 4.11013
0.0759976 4.10739
0.0763473 4.1045
0.0767157 4.10146
0.0771039 4.09825
0.0775128 4.09487
0.0779437 4.09132
0.0783977 4.08757
0.0788759 4.08362
0.0793798 4.07945
0.0799107 4.07507
0.0804701 4.07045
0.0810594 4.06558
0.0816802 4.06045
0.0823344 4.05505
0.0830235 4.04936
0.0837496 4.04336
0.0845146 4.03705
0.0853206 4.03039
0.0861697 4.02338
0.0870644 4.01599
0.0880069 4.0082
0.089 4
0.089 0
0.0900551 0
0.0917786 0
0.0945935 0
0.0991911 0
0.106701 0
0.118966 0
0.139 0
