Probe chan_n vs gate bias
76 2 2
gate bias
Probe chan_n
-3 7.51026e-033
-2.8 9.78654e-031
-2.6 2.19323e-027
-2.4 5.02257e-024
-2.2 1.14926e-020
-2 2.26103e-017
-1.8 4.95554e-014
-1.6 1.13438e-010
-1.4 1.79085e-007
-1.2 0.000361976
-1 0.828885
-0.95 5.73384
-0.9 39.6638
-0.85 274.369
-0.8 1897.79
-0.75 13124.8
-0.7 90737.3
-0.65 626939
-0.6 4.32829e+006
-0.55 2.98552e+007
-0.5 2.0571e+008
-0.45 1.41395e+009
-0.4 9.6509e+009
-0.35 6.48133e+010
-0.3 4.23546e+011
-0.25 2.67627e+012
-0.2 1.63303e+013
-0.15 9.46777e+013
-0.1 4.86454e+014
-0.05 1.96645e+015
-4.24783e-016 5.87303e+015
0.05 1.35062e+016
0.1 2.57756e+016
0.15 4.33408e+016
0.2 6.68114e+016
0.25 9.68722e+016
0.3 1.34362e+017
0.35 1.80332e+017
0.4 2.36101e+017
0.45 3.03297e+017
0.5 3.83895e+017
0.55 4.80231e+017
0.6 5.95002e+017
0.65 7.31245e+017
0.7 8.92291e+017
0.75 1.08162e+018
0.8 1.30263e+018
0.85 1.55835e+018
0.9 1.85127e+018
0.95 2.18316e+018
1 2.55496e+018
1.05 2.96685e+018
1.1 3.41828e+018
1.15 3.90812e+018
1.2 4.43485e+018
1.25 4.99671e+018
1.3 5.59182e+018
1.35 6.21833e+018
1.4 6.87441e+018
1.45 7.55835e+018
1.5 8.26848e+018
1.6 9.761e+018
1.7 1.13397e+019
1.8 1.29928e+019
1.9 1.47091e+019
2 1.64784e+019
2.1 1.82914e+019
2.2 2.01405e+019
2.3 2.20192e+019
2.4 2.39221e+019
2.5 2.58448e+019
2.6 2.77839e+019
2.7 2.97363e+019
2.8 3.16997e+019
2.9 3.36723e+019
3 3.56523e+019
