drain current vs gate bias
76 2 2
gate bias
drain current
-3 -4.61999e-019
-2.8 7.24192e-020
-2.6 -9.03058e-020
-2.4 8.27149e-019
-2.2 6.50027e-020
-2 -3.29813e-019
-1.8 -1.27824e-018
-1.6 1.24509e-018
-1.4 -1.73108e-018
-1.2 2.7624e-018
-1 1.15871e-018
-0.95 -2.26855e-020
-0.9 1.35764e-018
-0.85 1.95968e-018
-0.8 1.92478e-018
-0.75 1.39778e-018
-0.7 -2.62453e-018
-0.65 -4.13501e-019
-0.6 3.70697e-018
-0.55 -2.54609e-018
-0.5 1.89398e-018
-0.45 1.38872e-018
-0.4 1.0993e-017
-0.35 6.91603e-017
-0.3 4.80199e-016
-0.25 3.08628e-015
-0.2 1.91665e-014
-0.15 1.1394e-013
-0.1 6.18544e-013
-0.05 2.80148e-012
-4.24783e-016 9.90484e-012
0.05 2.7587e-011
0.1 6.3587e-011
0.15 1.27408e-010
0.2 2.3035e-010
0.25 3.85832e-010
0.3 6.09893e-010
0.35 9.21853e-010
0.4 1.34506e-009
0.45 1.9077e-009
0.5 2.64349e-009
0.55 3.59223e-009
0.6 4.79976e-009
0.65 6.3173e-009
0.7 8.19975e-009
0.75 1.05041e-008
0.8 1.32882e-008
0.85 1.66092e-008
0.9 2.05221e-008
0.95 2.50777e-008
1 3.03211e-008
1.05 3.62896e-008
1.1 4.3012e-008
1.15 5.05069e-008
1.2 5.87824e-008
1.25 6.78356e-008
1.3 7.76527e-008
1.35 8.82097e-008
1.4 9.94735e-008
1.45 1.11403e-007
1.5 1.23953e-007
1.6 1.50711e-007
1.7 1.79341e-007
1.8 2.0946e-007
1.9 2.40744e-007
2 2.72932e-007
2.1 3.05828e-007
2.2 3.39281e-007
2.3 3.7318e-007
2.4 4.07442e-007
2.5 4.42003e-007
2.6 4.76815e-007
2.7 5.1184e-007
2.8 5.47049e-007
2.9 5.82416e-007
3 6.17924e-007
