source current vs gate bias
76 2 2
gate bias
source current
-3 -3.05818e-019
-2.8 5.48815e-019
-2.6 -2.62629e-019
-2.4 1.30267e-018
-2.2 4.88611e-020
-2 2.96831e-018
-1.8 8.96253e-018
-1.6 2.32108e-017
-1.4 -2.33835e-019
-1.2 1.77994e-019
-1 9.07421e-020
-0.95 1.67175e-018
-0.9 -4.81631e-019
-0.85 1.1622e-018
-0.8 1.52866e-018
-0.75 -1.29134e-019
-0.7 -4.99091e-019
-0.65 1.41342e-018
-0.6 2.11456e-018
-0.55 4.78897e-018
-0.5 3.0477e-019
-0.45 -1.84146e-018
-0.4 -1.09159e-017
-0.35 -7.30066e-017
-0.3 -4.80084e-016
-0.25 -3.08438e-015
-0.2 -1.91634e-014
-0.15 -1.13935e-013
-0.1 -6.18543e-013
-0.05 -2.80148e-012
-4.24783e-016 -9.90484e-012
0.05 -2.7587e-011
0.1 -6.3587e-011
0.15 -1.27408e-010
0.2 -2.3035e-010
0.25 -3.85832e-010
0.3 -6.09893e-010
0.35 -9.21853e-010
0.4 -1.34506e-009
0.45 -1.9077e-009
0.5 -2.64349e-009
0.55 -3.59223e-009
0.6 -4.79976e-009
0.65 -6.3173e-009
0.7 -8.19975e-009
0.75 -1.05041e-008
0.8 -1.32882e-008
0.85 -1.66092e-008
0.9 -2.05221e-008
0.95 -2.50777e-008
1 -3.03211e-008
1.05 -3.62896e-008
1.1 -4.3012e-008
1.15 -5.05069e-008
1.2 -5.87824e-008
1.25 -6.78356e-008
1.3 -7.76527e-008
1.35 -8.82097e-008
1.4 -9.94735e-008
1.45 -1.11403e-007
1.5 -1.23953e-007
1.6 -1.50711e-007
1.7 -1.79341e-007
1.8 -2.0946e-007
1.9 -2.40744e-007
2 -2.72932e-007
2.1 -3.05828e-007
2.2 -3.39281e-007
2.3 -3.7318e-007
2.4 -4.07442e-007
2.5 -4.42003e-007
2.6 -4.76815e-007
2.7 -5.1184e-007
2.8 -5.47049e-007
2.9 -5.82416e-007
3 -6.17924e-007
