Electron Conc vs Depth
87 2 2
Depth
Electron Conc
0 0
0.0200101 0
0.0343543 0
0.0446368 0
0.0520079 0
0.0572917 0
0.0610795 0
0.0637947 0
0.0657411 0
0.0671363 0
0.0681365 0
0.0688535 0
0.0693675 0
0.0697359 0
0.07 0
0.07 6.21743e+017
0.0702481 6.35581e+017
0.0704686 6.7265e+017
0.0706647 7.28666e+017
0.0708389 8.01076e+017
0.0709938 8.88032e+017
0.0711315 9.87877e+017
0.0712539 1.09889e+018
0.0713627 1.21921e+018
0.0714594 1.34682e+018
0.0715453 1.4796e+018
0.0716217 1.61544e+018
0.0716896 1.7523e+018
0.07175 1.88832e+018
0.07175 1.88832e+018
0.0718125 2.04622e+018
0.071875 2.22354e+018
0.0719375 2.42258e+018
0.072 2.64587e+018
0.072 0
0.0720595 0
0.0721253 0
0.0721982 0
0.0722789 0
0.0723683 0
0.0724672 0
0.0725767 0
0.072698 0
0.0728323 0
0.0729809 0
0.0731455 0
0.0733277 0
0.0735294 0
0.0737527 0
0.074 0
0.074 0
0.0742427 0
0.0744984 0
0.0747678 0
0.0750516 0
0.0753506 0
0.0756656 0
0.0759976 0
0.0763473 0
0.0767157 0
0.0771039 0
0.0775128 0
0.0779437 0
0.0783977 0
0.0788759 0
0.0793798 0
0.0799107 0
0.0804701 0
0.0810594 0
0.0816802 0
0.0823344 0
0.0830235 0
0.0837496 0
0.0845146 0
0.0853206 0
0.0861697 0
0.0870644 0
0.0880069 0
0.089 0
0.089 0
0.0900551 0
0.0917786 0
0.0945935 0
0.0991911 0
0.106701 0
0.118966 0
0.139 0
