Valence Band Energy vs Depth
87 2 2
Depth
Valence Band Energy
0 -5.45864
0.0200101 -5.45864
0.0343543 -5.45864
0.0446368 -5.45864
0.0520079 -5.45864
0.0572917 -5.45864
0.0610795 -5.45864
0.0637947 -5.45864
0.0657411 -5.45864
0.0671363 -5.45864
0.0681365 -5.45864
0.0688535 -5.45864
0.0693675 -5.45864
0.0697359 -5.45864
0.07 -2.90864
0.07 -2.90864
0.0702481 -2.90869
0.0704686 -2.90884
0.0706647 -2.90904
0.0708389 -2.90928
0.0709938 -2.90954
0.0711315 -2.90981
0.0712539 -2.91008
0.0713627 -2.91035
0.0714594 -2.9106
0.0715453 -2.91084
0.0716217 -2.91107
0.0716896 -2.91128
0.07175 -2.91147
0.07175 -2.91147
0.0718125 -2.9117
0.071875 -2.91195
0.0719375 -2.91223
0.072 -2.91254
0.072 -2.91254
0.0720595 -5.46078
0.0721253 -5.45884
0.0721982 -5.45669
0.0722789 -5.45431
0.0723683 -5.45167
0.0724672 -5.44875
0.0725767 -5.44552
0.072698 -5.44194
0.0728323 -5.43798
0.0729809 -5.4336
0.0731455 -5.42874
0.0733277 -5.42337
0.0735294 -5.41741
0.0737527 -5.41083
0.074 -1.20353
0.074 -1.20353
0.0742427 -1.20024
0.0744984 -1.19677
0.0747678 -1.19311
0.0750516 -1.18926
0.0753506 -1.1852
0.0756656 -1.18093
0.0759976 -1.17643
0.0763473 -1.17168
0.0767157 -1.16668
0.0771039 -1.16141
0.0775128 -1.15587
0.0779437 -1.15002
0.0783977 -1.14386
0.0788759 -1.13737
0.0793798 -1.13053
0.0799107 -1.12333
0.0804701 -1.11574
0.0810594 -1.10774
0.0816802 -1.09932
0.0823344 -1.09044
0.0830235 -1.08109
0.0837496 -1.07124
0.0845146 -1.06086
0.0853206 -1.04992
0.0861697 -1.0384
0.0870644 -1.02626
0.0880069 -1.01347
0.089 -1
0.089 0
0.0900551 0
0.0917786 0
0.0945935 0
0.0991911 0
0.106701 0
0.118966 0
0.139 0
