Valence Band Energy vs Depth
87 2 2
Depth
Valence Band Energy
0 -6.05742
0.0200101 -6.05742
0.0343543 -6.05742
0.0446368 -6.05742
0.0520079 -6.05742
0.0572917 -6.05741
0.0610795 -6.05741
0.0637947 -6.05741
0.0657411 -6.05741
0.0671363 -6.05741
0.0681365 -6.05741
0.0688535 -6.05741
0.0693675 -6.05741
0.0697359 -6.05741
0.07 -3.50741
0.07 -3.50741
0.0702481 -3.51005
0.0704686 -3.51688
0.0706647 -3.52663
0.0708389 -3.53838
0.0709938 -3.5514
0.0711315 -3.56515
0.0712539 -3.57922
0.0713627 -3.59328
0.0714594 -3.6071
0.0715453 -3.62049
0.0716217 -3.63332
0.0716896 -3.64549
0.07175 -3.65696
0.07175 -3.65696
0.0718125 -3.66951
0.071875 -3.68279
0.0719375 -3.69684
0.072 -3.71169
0.072 -3.71169
0.0720595 -6.27465
0.0721253 -6.28899
0.0721982 -6.30487
0.0722789 -6.32245
0.0723683 -6.34192
0.0724672 -6.36347
0.0725767 -6.38732
0.072698 -6.41374
0.0728323 -6.44299
0.0729809 -6.47536
0.0731455 -6.51121
0.0733277 -6.5509
0.0735294 -6.59484
0.0737527 -6.64349
0.074 -2.49735
0.074 -2.49735
0.0742427 -2.52166
0.0744984 -2.54728
0.0747678 -2.57426
0.0750516 -2.6027
0.0753506 -2.63265
0.0756656 -2.66421
0.0759976 -2.69746
0.0763473 -2.73249
0.0767157 -2.7694
0.0771039 -2.80829
0.0775128 -2.84926
0.0779437 -2.89242
0.0783977 -2.93789
0.0788759 -2.98581
0.0793798 -3.03629
0.0799107 -3.08947
0.0804701 -3.1455
0.0810594 -3.20453
0.0816802 -3.26673
0.0823344 -3.33226
0.0830235 -3.4013
0.0837496 -3.47404
0.0845146 -3.55067
0.0853206 -3.63141
0.0861697 -3.71647
0.0870644 -3.8061
0.0880069 -3.90052
0.089 -4
0.089 0
0.0900551 0
0.0917786 0
0.0945935 0
0.0991911 0
0.106701 0
0.118966 0
0.139 0
