Valence Band Energy vs Depth
87 2 2
Depth
Valence Band Energy
0 -5.69513
0.0200101 -5.69513
0.0343543 -5.69513
0.0446368 -5.69513
0.0520079 -5.69513
0.0572917 -5.69513
0.0610795 -5.69513
0.0637947 -5.69513
0.0657411 -5.69513
0.0671363 -5.69513
0.0681365 -5.69513
0.0688535 -5.69513
0.0693675 -5.69513
0.0697359 -5.69513
0.07 -3.14513
0.07 -3.14513
0.0702481 -3.14575
0.0704686 -3.14736
0.0706647 -3.14964
0.0708389 -3.15236
0.0709938 -3.15536
0.0711315 -3.15849
0.0712539 -3.16167
0.0713627 -3.16481
0.0714594 -3.16786
0.0715453 -3.1708
0.0716217 -3.17358
0.0716896 -3.1762
0.07175 -3.17864
0.07175 -3.17864
0.0718125 -3.18131
0.071875 -3.18412
0.0719375 -3.18708
0.072 -3.19019
0.072 -3.19019
0.0720595 -5.74126
0.0721253 -5.74245
0.0721982 -5.74375
0.0722789 -5.7452
0.0723683 -5.74681
0.0724672 -5.74859
0.0725767 -5.75055
0.072698 -5.75273
0.0728323 -5.75514
0.0729809 -5.75781
0.0731455 -5.76077
0.0733277 -5.76404
0.0735294 -5.76766
0.0737527 -5.77167
0.074 -1.57611
0.074 -1.57611
0.0742427 -1.57812
0.0744984 -1.58023
0.0747678 -1.58245
0.0750516 -1.5848
0.0753506 -1.58727
0.0756656 -1.58987
0.0759976 -1.59261
0.0763473 -1.5955
0.0767157 -1.59854
0.0771039 -1.60175
0.0775128 -1.60513
0.0779437 -1.60868
0.0783977 -1.61243
0.0788759 -1.61638
0.0793798 -1.62055
0.0799107 -1.62493
0.0804701 -1.62955
0.0810594 -1.63442
0.0816802 -1.63955
0.0823344 -1.64495
0.0830235 -1.65064
0.0837496 -1.65664
0.0845146 -1.66295
0.0853206 -1.66961
0.0861697 -1.67662
0.0870644 -1.68401
0.0880069 -1.6918
0.089 -1.7
0.089 0
0.0900551 0
0.0917786 0
0.0945935 0
0.0991911 0
0.106701 0
0.118966 0
0.139 0
