Probe avg_n vs gate bias
76 2 2
gate bias
Probe avg_n
-3 5.43754e+012
-2.8 5.43908e+012
-2.6 5.44174e+012
-2.4 5.4463e+012
-2.2 5.45415e+012
-2 5.46767e+012
-1.8 5.49099e+012
-1.6 5.53133e+012
-1.4 5.60148e+012
-1.2 5.72454e+012
-1 5.94359e+012
-0.95 6.02186e+012
-0.9 6.11299e+012
-0.85 6.21937e+012
-0.8 6.34389e+012
-0.75 6.49012e+012
-0.7 6.66248e+012
-0.65 6.8665e+012
-0.6 7.10914e+012
-0.55 7.39946e+012
-0.5 7.75074e+012
-0.45 8.19115e+012
-0.4 8.82705e+012
-0.35 1.02286e+013
-0.3 1.56562e+013
-0.25 4.23253e+013
-0.2 1.62693e+014
-0.15 5.75049e+014
-0.1 1.58511e+015
-0.05 3.47677e+015
-4.24783e-016 6.47283e+015
0.05 1.0792e+016
0.1 1.67031e+016
0.15 2.45532e+016
0.2 3.478e+016
0.25 4.79113e+016
0.3 6.45467e+016
0.35 8.53095e+016
0.4 1.10768e+017
0.45 1.41345e+017
0.5 1.7726e+017
0.55 2.18527e+017
0.6 2.65003e+017
0.65 3.16446e+017
0.7 3.72563e+017
0.75 4.33052e+017
0.8 4.97639e+017
0.85 5.66097e+017
0.9 6.38266e+017
0.95 7.14056e+017
1 7.93436e+017
1.05 8.76422e+017
1.1 9.63042e+017
1.15 1.05331e+018
1.2 1.14719e+018
1.25 1.24459e+018
1.3 1.34536e+018
1.35 1.44933e+018
1.4 1.55626e+018
1.45 1.66596e+018
1.5 1.77818e+018
1.6 2.00938e+018
1.7 2.24832e+018
1.8 2.49371e+018
1.9 2.74449e+018
2 2.99979e+018
2.1 3.25891e+018
2.2 3.52128e+018
2.3 3.78644e+018
2.4 4.05399e+018
2.5 4.32362e+018
2.6 4.59506e+018
2.7 4.86807e+018
2.8 5.14248e+018
2.9 5.41811e+018
3 5.69481e+018
