Conduction Band Energy vs Depth
108 2 2
Depth
Conduction Band Energy
0 3.5138
0.0200769 3.5138
0.0346253 3.5138
0.0451677 3.5138
0.0528071 3.5138
0.0583429 3.5138
0.0623543 3.5138
0.0652611 3.5138
0.0673675 3.5138
0.0688939 3.5138
0.07 0.139856
0.07 0.139856
0.0709987 0.139837
0.0719247 0.139785
0.0727833 0.139706
0.0735795 0.139607
0.0743178 0.139491
0.0750024 0.139363
0.0756372 0.139225
0.0762258 0.13908
0.0767715 0.13893
0.0772776 0.138778
0.0777469 0.138624
0.078182 0.138471
0.0785855 0.138319
0.0789596 0.138169
0.0793065 0.138023
0.0796282 0.13788
0.0799264 0.137741
0.080203 0.137607
0.0804595 0.137478
0.0806973 0.137354
0.0809178 0.137235
0.0811222 0.137122
0.0813118 0.137014
0.0814876 0.136911
0.0816506 0.136814
0.0818017 0.136721
0.0819419 0.136634
0.0820719 0.136552
0.0821924 0.136474
0.0823041 0.136401
0.0824077 0.136332
0.0825038 0.136267
0.0825929 0.136206
0.0826755 0.136149
0.0827521 0.136096
0.0828231 0.136046
0.0828889 0.135999
0.08295 0.135955
0.08295 0.135955
0.0830125 0.135892
0.083075 0.13581
0.0831375 0.135708
0.0832 0.135588
0.0832 0.135588
0.0832595 3.51147
0.0833253 3.51362
0.0833982 3.516
0.0834789 3.51863
0.0835683 3.52155
0.0836672 3.52478
0.0837767 3.52836
0.083898 3.53231
0.0840323 3.5367
0.0841809 3.54155
0.0843455 3.54692
0.0845277 3.55287
0.0847294 3.55945
0.0849527 3.56674
0.0852 4.47482
0.0852 4.47482
0.0854427 4.47846
0.0856984 4.4823
0.0859678 4.48634
0.0862516 4.4906
0.0865506 4.49509
0.0868656 4.49982
0.0871976 4.5048
0.0875473 4.51005
0.0879157 4.51558
0.0883039 4.52141
0.0887128 4.52755
0.0891437 4.53402
0.0895977 4.54083
0.0900759 4.54801
0.0905798 4.55558
0.0911107 4.56355
0.0916701 4.57195
0.0922594 4.58079
0.0928802 4.59011
0.0935344 4.59993
0.0942235 4.61028
0.0949496 4.62118
0.0957146 4.63266
0.0965206 4.64476
0.0973697 4.65751
0.0982644 4.67094
0.0992069 4.68509
0.1002 4.7
0.1002 0
0.101255 0
0.102979 0
0.105793 0
0.110391 0
0.117901 0
0.130166 0
0.1502 0
