Conduction Band Energy vs Depth
108 2 2
Depth
Conduction Band Energy
0 3.14169
0.0200769 3.14169
0.0346253 3.14169
0.0451677 3.14169
0.0528071 3.14169
0.0583429 3.14169
0.0623543 3.14169
0.0652611 3.14169
0.0673675 3.14169
0.0688939 3.14169
0.07 -0.232253
0.07 -0.232253
0.0709987 -0.232958
0.0719247 -0.2349
0.0727833 -0.237873
0.0735795 -0.24173
0.0743178 -0.246361
0.0750024 -0.251684
0.0756372 -0.257635
0.0762258 -0.264167
0.0767715 -0.271242
0.0772776 -0.27883
0.0777469 -0.286907
0.078182 -0.295452
0.0785855 -0.30445
0.0789596 -0.313884
0.0793065 -0.32374
0.0796282 -0.334005
0.0799264 -0.344669
0.080203 -0.355718
0.0804595 -0.367141
0.0806973 -0.378924
0.0809178 -0.391048
0.0811222 -0.403492
0.0813118 -0.416228
0.0814876 -0.429223
0.0816506 -0.442439
0.0818017 -0.455831
0.0819419 -0.469355
0.0820719 -0.482959
0.0821924 -0.496593
0.0823041 -0.510204
0.0824077 -0.523744
0.0825038 -0.537161
0.0825929 -0.550409
0.0826755 -0.563444
0.0827521 -0.576227
0.0828231 -0.588721
0.0828889 -0.600895
0.08295 -0.61272
0.08295 -0.61272
0.0830125 -0.62541
0.083075 -0.638727
0.0831375 -0.65271
0.0832 -0.667399
0.0832 -0.667399
0.0832595 2.6938
0.0833253 2.67969
0.0833982 2.66407
0.0834789 2.64678
0.0835683 2.62763
0.0836672 2.60644
0.0837767 2.58297
0.083898 2.55699
0.0840323 2.52822
0.0841809 2.49637
0.0843455 2.46111
0.0845277 2.42207
0.0847294 2.37885
0.0849527 2.331
0.0852 3.17802
0.0852 3.17802
0.0854427 3.15411
0.0856984 3.12892
0.0859678 3.10237
0.0862516 3.07441
0.0865506 3.04494
0.0868656 3.0139
0.0871976 2.98119
0.0875473 2.94674
0.0879157 2.91043
0.0883039 2.87218
0.0887128 2.83189
0.0891437 2.78943
0.0895977 2.7447
0.0900759 2.69757
0.0905798 2.64792
0.0911107 2.59561
0.0916701 2.5405
0.0922594 2.48243
0.0928802 2.42125
0.0935344 2.3568
0.0942235 2.28889
0.0949496 2.21734
0.0957146 2.14197
0.0965206 2.06255
0.0973697 1.97888
0.0982644 1.89073
0.0992069 1.79785
0.1002 1.7
0.1002 0
0.101255 0
0.102979 0
0.105793 0
0.110391 0
0.117901 0
0.130166 0
0.1502 0
