Conduction Band Energy vs Depth
108 2 2
Depth
Conduction Band Energy
0 3.44776
0.0200769 3.44776
0.0346253 3.44776
0.0451677 3.44776
0.0528071 3.44776
0.0583429 3.44776
0.0623543 3.44776
0.0652611 3.44776
0.0673675 3.44776
0.0688939 3.44776
0.07 0.0738163
0.07 0.0738163
0.0709987 0.073744
0.0719247 0.0735465
0.0727833 0.0732487
0.0735795 0.0728709
0.0743178 0.0724294
0.0750024 0.0719382
0.0756372 0.0714087
0.0762258 0.0708509
0.0767715 0.0702731
0.0772776 0.0696827
0.0777469 0.0690858
0.078182 0.0684876
0.0785855 0.0678926
0.0789596 0.0673048
0.0793065 0.0667272
0.0796282 0.0661624
0.0799264 0.0656126
0.080203 0.0650796
0.0804595 0.0645646
0.0806973 0.0640686
0.0809178 0.0635924
0.0811222 0.0631363
0.0813118 0.0627005
0.0814876 0.0622852
0.0816506 0.0618901
0.0818017 0.061515
0.0819419 0.0611595
0.0820719 0.0608231
0.0821924 0.0605052
0.0823041 0.0602053
0.0824077 0.0599226
0.0825038 0.0596566
0.0825929 0.0594065
0.0826755 0.0591716
0.0827521 0.0589511
0.0828231 0.0587444
0.0828889 0.0585508
0.08295 0.0583695
0.08295 0.0583695
0.0830125 0.0581637
0.083075 0.0579373
0.0831375 0.0576904
0.0832 0.0574229
0.0832 0.0574229
0.0832595 3.43316
0.0833253 3.43515
0.0833982 3.43735
0.0834789 3.43978
0.0835683 3.44248
0.0836672 3.44547
0.0837767 3.44877
0.083898 3.45244
0.0840323 3.45649
0.0841809 3.46098
0.0843455 3.46594
0.0845277 3.47144
0.0847294 3.47753
0.0849527 3.48428
0.0852 4.39174
0.0852 4.39174
0.0854427 4.39511
0.0856984 4.39866
0.0859678 4.4024
0.0862516 4.40634
0.0865506 4.41049
0.0868656 4.41487
0.0871976 4.41948
0.0875473 4.42433
0.0879157 4.42945
0.0883039 4.43484
0.0887128 4.44051
0.0891437 4.4465
0.0895977 4.4528
0.0900759 4.45944
0.0905798 4.46644
0.0911107 4.47381
0.0916701 4.48157
0.0922594 4.48975
0.0928802 4.49837
0.0935344 4.50746
0.0942235 4.51702
0.0949496 4.5271
0.0957146 4.53773
0.0965206 4.54892
0.0973697 4.56071
0.0982644 4.57313
0.0992069 4.58621
0.1002 4.6
0.1002 0
0.101255 0
0.102979 0
0.105793 0
0.110391 0
0.117901 0
0.130166 0
0.1502 0
