Probe chan_n vs gate bias
76 2 2
gate bias
Probe chan_n
-3 5.31327e-032
-2.8 1.61922e-029
-2.6 3.6868e-026
-2.4 8.42398e-023
-2.2 1.5903e-019
-2 2.77864e-016
-1.8 6.34335e-013
-1.6 1.43584e-009
-1.4 2.65755e-006
-1.2 0.00608405
-1 13.9212
-0.95 96.2866
-0.9 665.736
-0.85 4598.29
-0.8 31684.1
-0.75 217305
-0.7 1.4799e+006
-0.65 9.99709e+006
-0.6 6.71024e+007
-0.55 4.49446e+008
-0.5 3.01631e+009
-0.45 2.02748e+010
-0.4 1.3532e+011
-0.35 8.81723e+011
-0.3 5.48265e+012
-0.25 3.14047e+013
-0.2 1.54343e+014
-0.15 5.90342e+014
-0.1 1.68489e+015
-0.05 3.73862e+015
-4.24783e-016 6.88783e+015
0.05 1.11116e+016
0.1 1.62817e+016
0.15 2.22142e+016
0.2 2.87121e+016
0.25 3.55949e+016
0.3 4.27114e+016
0.35 4.99402e+016
0.4 5.71835e+016
0.45 6.43615e+016
0.5 7.14115e+016
0.55 7.829e+016
0.6 8.49741e+016
0.65 9.14572e+016
0.7 9.77447e+016
0.75 1.03849e+017
0.8 1.09786e+017
0.85 1.15576e+017
0.9 1.21238e+017
0.95 1.26793e+017
1 1.32261e+017
1.05 1.37661e+017
1.1 1.43009e+017
1.15 1.48319e+017
1.2 1.53603e+017
1.25 1.58866e+017
1.3 1.64112e+017
1.35 1.69344e+017
1.4 1.74561e+017
1.45 1.79761e+017
1.5 1.84943e+017
1.6 1.95246e+017
1.7 2.05455e+017
1.8 2.15562e+017
1.9 2.2556e+017
2 2.35446e+017
2.1 2.45219e+017
2.2 2.5488e+017
2.3 2.6443e+017
2.4 2.73874e+017
2.5 2.83214e+017
2.6 2.92452e+017
2.7 3.01594e+017
2.8 3.10641e+017
2.9 3.19598e+017
3 3.28468e+017
