source current vs gate bias
76 2 2
gate bias
source current
-3 3.48549e-020
-2.8 2.07648e-019
-2.6 1.13028e-019
-2.4 1.30092e-019
-2.2 4.35981e-019
-2 1.76236e-018
-1.8 1.26001e-017
-1.6 8.00168e-017
-1.4 7.84832e-019
-1.2 1.20007e-018
-1 8.56818e-019
-0.95 1.12505e-016
-0.9 9.72172e-018
-0.85 2.03055e-017
-0.8 4.54955e-017
-0.75 -3.9103e-019
-0.7 -1.22857e-018
-0.65 -1.68242e-018
-0.6 7.88867e-021
-0.55 -1.42085e-017
-0.5 -9.87963e-017
-0.45 -6.59864e-016
-0.4 -4.41035e-015
-0.35 -2.89979e-014
-0.3 -1.83905e-013
-0.25 -1.09137e-012
-0.2 -5.73057e-012
-0.15 -2.45886e-011
-0.1 -8.23531e-011
-0.05 -2.19699e-010
-4.24783e-016 -4.91197e-010
0.05 -9.65492e-010
0.1 -1.72916e-009
0.15 -2.8929e-009
0.2 -4.59888e-009
0.25 -7.02831e-009
0.3 -1.04074e-008
0.35 -1.5009e-008
0.4 -2.11467e-008
0.45 -2.916e-008
0.5 -3.9394e-008
0.55 -5.21764e-008
0.6 -6.77988e-008
0.65 -8.65067e-008
0.7 -1.08498e-007
0.75 -1.33923e-007
0.8 -1.62887e-007
0.85 -1.95444e-007
0.9 -2.31598e-007
0.95 -2.71293e-007
1 -3.14414e-007
1.05 -3.60787e-007
1.1 -4.10186e-007
1.15 -4.62347e-007
1.2 -5.16994e-007
1.25 -5.7385e-007
1.3 -6.3266e-007
1.35 -6.93192e-007
1.4 -7.55244e-007
1.45 -8.18639e-007
1.5 -8.83229e-007
1.6 -1.01549e-006
1.7 -1.1512e-006
1.8 -1.28974e-006
1.9 -1.43065e-006
2 -1.57356e-006
2.1 -1.71819e-006
2.2 -1.86431e-006
2.3 -2.01174e-006
2.4 -2.16033e-006
2.5 -2.30994e-006
2.6 -2.46047e-006
2.7 -2.61184e-006
2.8 -2.76396e-006
2.9 -2.91676e-006
3 -3.0702e-006
