Electron Conc vs Depth
108 2 2
Depth
Electron Conc
0 0
0.0200769 0
0.0346253 0
0.0451677 0
0.0528071 0
0.0583429 0
0.0623543 0
0.0652611 0
0.0673675 0
0.0688939 0
0.07 0
0.07 1.08934e+016
0.0709987 1.09014e+016
0.0719247 1.09234e+016
0.0727833 1.09565e+016
0.0735795 1.09986e+016
0.0743178 1.10478e+016
0.0750024 1.11028e+016
0.0756372 1.11621e+016
0.0762258 1.12247e+016
0.0767715 1.12898e+016
0.0772776 1.13565e+016
0.0777469 1.1424e+016
0.078182 1.14919e+016
0.0785855 1.15596e+016
0.0789596 1.16266e+016
0.0793065 1.16926e+016
0.0796282 1.17573e+016
0.0799264 1.18204e+016
0.080203 1.18817e+016
0.0804595 1.19411e+016
0.0806973 1.19984e+016
0.0809178 1.20535e+016
0.0811222 1.21064e+016
0.0813118 1.2157e+016
0.0814876 1.22053e+016
0.0816506 1.22513e+016
0.0818017 1.22951e+016
0.0819419 1.23366e+016
0.0820719 1.23759e+016
0.0821924 1.24131e+016
0.0823041 1.24483e+016
0.0824077 1.24815e+016
0.0825038 1.25127e+016
0.0825929 1.25421e+016
0.0826755 1.25697e+016
0.0827521 1.25957e+016
0.0828231 1.26201e+016
0.0828889 1.26429e+016
0.08295 1.26643e+016
0.08295 1.26643e+016
0.0830125 1.26953e+016
0.083075 1.27357e+016
0.0831375 1.27855e+016
0.0832 1.28449e+016
0.0832 0
0.0832595 0
0.0833253 0
0.0833982 0
0.0834789 0
0.0835683 0
0.0836672 0
0.0837767 0
0.083898 0
0.0840323 0
0.0841809 0
0.0843455 0
0.0845277 0
0.0847294 0
0.0849527 0
0.0852 0
0.0852 0
0.0854427 0
0.0856984 0
0.0859678 0
0.0862516 0
0.0865506 0
0.0868656 0
0.0871976 0
0.0875473 0
0.0879157 0
0.0883039 0
0.0887128 0
0.0891437 0
0.0895977 0
0.0900759 0
0.0905798 0
0.0911107 0
0.0916701 0
0.0922594 0
0.0928802 0
0.0935344 0
0.0942235 0
0.0949496 0
0.0957146 0
0.0965206 0
0.0973697 0
0.0982644 0
0.0992069 0
0.1002 0
0.1002 0
0.101255 0
0.102979 0
0.105793 0
0.110391 0
0.117901 0
0.130166 0
0.1502 0
