Electron Conc vs Depth
108 2 2
Depth
Electron Conc
0 0
0.0200769 0
0.0346253 0
0.0451677 0
0.0528071 0
0.0583429 0
0.0623543 0
0.0652611 0
0.0673675 0
0.0688939 0
0.07 0
0.07 8.21256e+016
0.0709987 8.43691e+016
0.0719247 9.0863e+016
0.0727833 1.01777e+017
0.0735795 1.17877e+017
0.0743178 1.40542e+017
0.0750024 1.71892e+017
0.0756372 2.15044e+017
0.0762258 2.74491e+017
0.0767715 3.56637e+017
0.0772776 4.70503e+017
0.0777469 6.28577e+017
0.078182 8.47703e+017
0.0785855 1.14974e+018
0.0789596 1.56154e+018
0.0793065 2.11386e+018
0.0796282 2.83885e+018
0.0799264 3.76672e+018
0.080203 4.92257e+018
0.0804595 6.32436e+018
0.0806973 7.9826e+018
0.0809178 9.90117e+018
0.0811222 1.20786e+019
0.0813118 1.45095e+019
0.0814876 1.71851e+019
0.0816506 2.0094e+019
0.0818017 2.32223e+019
0.0819419 2.65544e+019
0.0820719 3.00721e+019
0.0821924 3.3756e+019
0.0823041 3.75851e+019
0.0824077 4.15372e+019
0.0825038 4.55896e+019
0.0825929 4.9719e+019
0.0826755 5.39024e+019
0.0827521 5.81173e+019
0.0828231 6.23416e+019
0.0828889 6.65547e+019
0.08295 7.0737e+019
0.08295 7.0737e+019
0.0830125 7.5321e+019
0.083075 8.02366e+019
0.0831375 8.55107e+019
0.0832 9.11726e+019
0.0832 0
0.0832595 0
0.0833253 0
0.0833982 0
0.0834789 0
0.0835683 0
0.0836672 0
0.0837767 0
0.083898 0
0.0840323 0
0.0841809 0
0.0843455 0
0.0845277 0
0.0847294 0
0.0849527 0
0.0852 0
0.0852 0
0.0854427 0
0.0856984 0
0.0859678 0
0.0862516 0
0.0865506 0
0.0868656 0
0.0871976 0
0.0875473 0
0.0879157 0
0.0883039 0
0.0887128 0
0.0891437 0
0.0895977 0
0.0900759 0
0.0905798 0
0.0911107 0
0.0916701 0
0.0922594 0
0.0928802 0
0.0935344 0
0.0942235 0
0.0949496 0
0.0957146 0
0.0965206 0
0.0973697 0
0.0982644 0
0.0992069 0
0.1002 0
0.1002 0
0.101255 0
0.102979 0
0.105793 0
0.110391 0
0.117901 0
0.130166 0
0.1502 0
