Electron QFL vs Depth
108 2 2
Depth
Electron QFL
0 0
0.0200769 0
0.0346253 0
0.0451677 0
0.0528071 0
0.0583429 0
0.0623543 0
0.0652611 0
0.0673675 0
0.0688939 0
0.07 0
0.07 -0.319619
0.0709987 -0.319619
0.0719247 -0.319619
0.0727833 -0.319619
0.0735795 -0.319619
0.0743178 -0.319619
0.0750024 -0.319619
0.0756372 -0.319619
0.0762258 -0.319619
0.0767715 -0.319619
0.0772776 -0.319619
0.0777469 -0.319619
0.078182 -0.319619
0.0785855 -0.319619
0.0789596 -0.319619
0.0793065 -0.319619
0.0796282 -0.319619
0.0799264 -0.319619
0.080203 -0.319619
0.0804595 -0.319619
0.0806973 -0.319619
0.0809178 -0.319619
0.0811222 -0.319619
0.0813118 -0.319619
0.0814876 -0.319619
0.0816506 -0.319619
0.0818017 -0.319619
0.0819419 -0.319619
0.0820719 -0.319619
0.0821924 -0.319619
0.0823041 -0.319619
0.0824077 -0.319619
0.0825038 -0.319619
0.0825929 -0.319619
0.0826755 -0.319619
0.0827521 -0.319619
0.0828231 -0.319619
0.0828889 -0.319619
0.08295 -0.319619
0.08295 -0.319619
0.0830125 -0.319619
0.083075 -0.319619
0.0831375 -0.319619
0.0832 -0.319619
0.0832 0
0.0832595 0
0.0833253 0
0.0833982 0
0.0834789 0
0.0835683 0
0.0836672 0
0.0837767 0
0.083898 0
0.0840323 0
0.0841809 0
0.0843455 0
0.0845277 0
0.0847294 0
0.0849527 0
0.0852 0
0.0852 0
0.0854427 0
0.0856984 0
0.0859678 0
0.0862516 0
0.0865506 0
0.0868656 0
0.0871976 0
0.0875473 0
0.0879157 0
0.0883039 0
0.0887128 0
0.0891437 0
0.0895977 0
0.0900759 0
0.0905798 0
0.0911107 0
0.0916701 0
0.0922594 0
0.0928802 0
0.0935344 0
0.0942235 0
0.0949496 0
0.0957146 0
0.0965206 0
0.0973697 0
0.0982644 0
0.0992069 0
0.1002 0
0.1002 -3
0.101255 -3
0.102979 -3
0.105793 -3
0.110391 -3
0.117901 -3
0.130166 -3
0.1502 -3
