Valence Band Energy vs Depth
108 2 2
Depth
Valence Band Energy
0 -5.4862
0.0200769 -5.4862
0.0346253 -5.4862
0.0451677 -5.4862
0.0528071 -5.4862
0.0583429 -5.4862
0.0623543 -5.4862
0.0652611 -5.4862
0.0673675 -5.4862
0.0688939 -5.4862
0.07 -2.9362
0.07 -2.9362
0.0709987 -2.93622
0.0719247 -2.93628
0.0727833 -2.93635
0.0735795 -2.93645
0.0743178 -2.93657
0.0750024 -2.9367
0.0756372 -2.93684
0.0762258 -2.93698
0.0767715 -2.93713
0.0772776 -2.93728
0.0777469 -2.93744
0.078182 -2.93759
0.0785855 -2.93774
0.0789596 -2.93789
0.0793065 -2.93804
0.0796282 -2.93818
0.0799264 -2.93832
0.080203 -2.93845
0.0804595 -2.93858
0.0806973 -2.93871
0.0809178 -2.93882
0.0811222 -2.93894
0.0813118 -2.93905
0.0814876 -2.93915
0.0816506 -2.93925
0.0818017 -2.93934
0.0819419 -2.93943
0.0820719 -2.93951
0.0821924 -2.93959
0.0823041 -2.93966
0.0824077 -2.93973
0.0825038 -2.93979
0.0825929 -2.93985
0.0826755 -2.93991
0.0827521 -2.93996
0.0828231 -2.94001
0.0828889 -2.94006
0.08295 -2.9401
0.08295 -2.9401
0.0830125 -2.94017
0.083075 -2.94025
0.0831375 -2.94035
0.0832 -2.94047
0.0832 -2.94047
0.0832595 -5.48853
0.0833253 -5.48638
0.0833982 -5.484
0.0834789 -5.48137
0.0835683 -5.47845
0.0836672 -5.47522
0.0837767 -5.47164
0.083898 -5.46769
0.0840323 -5.4633
0.0841809 -5.45845
0.0843455 -5.45308
0.0845277 -5.44713
0.0847294 -5.44055
0.0849527 -5.43326
0.0852 -1.22518
0.0852 -1.22518
0.0854427 -1.22154
0.0856984 -1.2177
0.0859678 -1.21366
0.0862516 -1.2094
0.0865506 -1.20491
0.0868656 -1.20018
0.0871976 -1.1952
0.0875473 -1.18995
0.0879157 -1.18442
0.0883039 -1.17859
0.0887128 -1.17245
0.0891437 -1.16598
0.0895977 -1.15917
0.0900759 -1.15199
0.0905798 -1.14442
0.0911107 -1.13645
0.0916701 -1.12805
0.0922594 -1.11921
0.0928802 -1.10989
0.0935344 -1.10007
0.0942235 -1.08972
0.0949496 -1.07882
0.0957146 -1.06734
0.0965206 -1.05524
0.0973697 -1.04249
0.0982644 -1.02906
0.0992069 -1.01491
0.1002 -1
0.1002 0
0.101255 0
0.102979 0
0.105793 0
0.110391 0
0.117901 0
0.130166 0
0.1502 0
