Valence Band Energy vs Depth
108 2 2
Depth
Valence Band Energy
0 -5.85831
0.0200769 -5.85831
0.0346253 -5.85831
0.0451677 -5.85831
0.0528071 -5.85831
0.0583429 -5.85831
0.0623543 -5.85831
0.0652611 -5.85831
0.0673675 -5.85831
0.0688939 -5.85831
0.07 -3.30831
0.07 -3.30831
0.0709987 -3.30902
0.0719247 -3.31096
0.0727833 -3.31393
0.0735795 -3.31779
0.0743178 -3.32242
0.0750024 -3.32774
0.0756372 -3.3337
0.0762258 -3.34023
0.0767715 -3.3473
0.0772776 -3.35489
0.0777469 -3.36297
0.078182 -3.37151
0.0785855 -3.38051
0.0789596 -3.38994
0.0793065 -3.3998
0.0796282 -3.41007
0.0799264 -3.42073
0.080203 -3.43178
0.0804595 -3.4432
0.0806973 -3.45498
0.0809178 -3.46711
0.0811222 -3.47955
0.0813118 -3.49229
0.0814876 -3.50528
0.0816506 -3.5185
0.0818017 -3.53189
0.0819419 -3.54541
0.0820719 -3.55902
0.0821924 -3.57265
0.0823041 -3.58626
0.0824077 -3.5998
0.0825038 -3.61322
0.0825929 -3.62647
0.0826755 -3.6395
0.0827521 -3.65229
0.0828231 -3.66478
0.0828889 -3.67695
0.08295 -3.68878
0.08295 -3.68878
0.0830125 -3.70147
0.083075 -3.71479
0.0831375 -3.72877
0.0832 -3.74346
0.0832 -3.74346
0.0832595 -6.3062
0.0833253 -6.32031
0.0833982 -6.33593
0.0834789 -6.35322
0.0835683 -6.37237
0.0836672 -6.39356
0.0837767 -6.41703
0.083898 -6.44301
0.0840323 -6.47178
0.0841809 -6.50363
0.0843455 -6.53889
0.0845277 -6.57793
0.0847294 -6.62115
0.0849527 -6.669
0.0852 -2.52198
0.0852 -2.52198
0.0854427 -2.54589
0.0856984 -2.57108
0.0859678 -2.59763
0.0862516 -2.62559
0.0865506 -2.65506
0.0868656 -2.6861
0.0871976 -2.71881
0.0875473 -2.75326
0.0879157 -2.78957
0.0883039 -2.82782
0.0887128 -2.86811
0.0891437 -2.91057
0.0895977 -2.9553
0.0900759 -3.00243
0.0905798 -3.05208
0.0911107 -3.10439
0.0916701 -3.1595
0.0922594 -3.21757
0.0928802 -3.27875
0.0935344 -3.3432
0.0942235 -3.41111
0.0949496 -3.48266
0.0957146 -3.55803
0.0965206 -3.63745
0.0973697 -3.72112
0.0982644 -3.80927
0.0992069 -3.90215
0.1002 -4
0.1002 0
0.101255 0
0.102979 0
0.105793 0
0.110391 0
0.117901 0
0.130166 0
0.1502 0
