Valence Band Energy vs Depth
108 2 2
Depth
Valence Band Energy
0 -5.55224
0.0200769 -5.55224
0.0346253 -5.55224
0.0451677 -5.55224
0.0528071 -5.55224
0.0583429 -5.55224
0.0623543 -5.55224
0.0652611 -5.55224
0.0673675 -5.55224
0.0688939 -5.55224
0.07 -3.00224
0.07 -3.00224
0.0709987 -3.00232
0.0719247 -3.00251
0.0727833 -3.00281
0.0735795 -3.00319
0.0743178 -3.00363
0.0750024 -3.00412
0.0756372 -3.00465
0.0762258 -3.00521
0.0767715 -3.00579
0.0772776 -3.00638
0.0777469 -3.00697
0.078182 -3.00757
0.0785855 -3.00817
0.0789596 -3.00876
0.0793065 -3.00933
0.0796282 -3.0099
0.0799264 -3.01045
0.080203 -3.01098
0.0804595 -3.0115
0.0806973 -3.01199
0.0809178 -3.01247
0.0811222 -3.01292
0.0813118 -3.01336
0.0814876 -3.01377
0.0816506 -3.01417
0.0818017 -3.01454
0.0819419 -3.0149
0.0820719 -3.01524
0.0821924 -3.01555
0.0823041 -3.01585
0.0824077 -3.01614
0.0825038 -3.0164
0.0825929 -3.01665
0.0826755 -3.01689
0.0827521 -3.01711
0.0828231 -3.01732
0.0828889 -3.01751
0.08295 -3.01769
0.08295 -3.01769
0.0830125 -3.0179
0.083075 -3.01812
0.0831375 -3.01837
0.0832 -3.01864
0.0832 -3.01864
0.0832595 -5.56684
0.0833253 -5.56485
0.0833982 -5.56265
0.0834789 -5.56022
0.0835683 -5.55752
0.0836672 -5.55453
0.0837767 -5.55123
0.083898 -5.54756
0.0840323 -5.54351
0.0841809 -5.53902
0.0843455 -5.53406
0.0845277 -5.52856
0.0847294 -5.52247
0.0849527 -5.51572
0.0852 -1.30826
0.0852 -1.30826
0.0854427 -1.30489
0.0856984 -1.30134
0.0859678 -1.2976
0.0862516 -1.29366
0.0865506 -1.28951
0.0868656 -1.28513
0.0871976 -1.28052
0.0875473 -1.27567
0.0879157 -1.27055
0.0883039 -1.26516
0.0887128 -1.25949
0.0891437 -1.2535
0.0895977 -1.2472
0.0900759 -1.24056
0.0905798 -1.23356
0.0911107 -1.22619
0.0916701 -1.21843
0.0922594 -1.21025
0.0928802 -1.20163
0.0935344 -1.19254
0.0942235 -1.18298
0.0949496 -1.1729
0.0957146 -1.16227
0.0965206 -1.15108
0.0973697 -1.13929
0.0982644 -1.12687
0.0992069 -1.11379
0.1002 -1.1
0.1002 0
0.101255 0
0.102979 0
0.105793 0
0.110391 0
0.117901 0
0.130166 0
0.1502 0
