Probe avg_n vs gate bias
76 2 2
gate bias
Probe avg_n
-3 8.76059e+012
-2.8 8.8478e+012
-2.6 8.9572e+012
-2.4 9.0946e+012
-2.2 9.26784e+012
-2 9.48735e+012
-1.8 9.76718e+012
-1.6 1.01267e+013
-1.4 1.05931e+013
-1.2 1.1206e+013
-1 1.20256e+013
-0.95 1.22728e+013
-0.9 1.25407e+013
-0.85 1.28313e+013
-0.8 1.31474e+013
-0.75 1.34918e+013
-0.7 1.38681e+013
-0.65 1.42801e+013
-0.6 1.47325e+013
-0.55 1.52308e+013
-0.5 1.57812e+013
-0.45 1.63912e+013
-0.4 1.70697e+013
-0.35 1.7827e+013
-0.3 1.86755e+013
-0.25 1.96299e+013
-0.2 2.07075e+013
-0.15 2.19288e+013
-0.1 2.33191e+013
-0.05 2.49143e+013
-4.24783e-016 2.67983e+013
0.05 2.93294e+013
0.1 3.45136e+013
0.15 5.40709e+013
0.2 1.53417e+014
0.25 6.39414e+014
0.3 2.48346e+015
0.35 7.41046e+015
0.4 1.71584e+016
0.45 3.29941e+016
0.5 5.58709e+016
0.55 8.6686e+016
0.6 1.26443e+017
0.65 1.76346e+017
0.7 2.37853e+017
0.75 3.12709e+017
0.8 4.02955e+017
0.85 5.10901e+017
0.9 6.39069e+017
0.95 7.90114e+017
1 9.66754e+017
1.05 1.1717e+018
1.1 1.40752e+018
1.15 1.67638e+018
1.2 1.97989e+018
1.25 2.31905e+018
1.3 2.69428e+018
1.35 3.10552e+018
1.4 3.55237e+018
1.45 4.03417e+018
1.5 4.55015e+018
1.6 5.68139e+018
1.7 6.93954e+018
1.8 8.31766e+018
1.9 9.80749e+018
2 1.13987e+019
2.1 1.30794e+019
2.2 1.48369e+019
2.3 1.66591e+019
2.4 1.8535e+019
2.5 2.04551e+019
2.6 2.24115e+019
2.7 2.43977e+019
2.8 2.64084e+019
2.9 2.84393e+019
3 3.0487e+019
