Conduction Band Energy vs Depth
87 2 2
Depth
Conduction Band Energy
0 2.64292
0.0200101 2.64292
0.0343543 2.64292
0.0446368 2.64292
0.0520079 2.64292
0.0572917 2.64292
0.0610795 2.64292
0.0637947 2.64292
0.0657411 2.64292
0.0671363 2.64292
0.0681365 2.64292
0.0688535 2.64292
0.0693675 2.64292
0.0697359 2.64292
0.07 -0.403772
0.07 -0.403772
0.0702481 -0.405816
0.0704686 -0.411115
0.0706647 -0.418685
0.0708389 -0.427799
0.0709938 -0.437907
0.0711315 -0.448589
0.0712539 -0.459521
0.0713627 -0.470456
0.0714594 -0.481203
0.0715453 -0.491622
0.0716217 -0.501608
0.0716896 -0.51109
0.07175 -0.520022
0.07175 -0.520022
0.0718125 -0.529809
0.071875 -0.540173
0.0719375 -0.551144
0.072 -0.562752
0.072 -0.562752
0.0720595 2.47268
0.0721253 2.46022
0.0721982 2.44643
0.0722789 2.43115
0.0723683 2.41424
0.0724672 2.39552
0.0725767 2.37479
0.072698 2.35185
0.0728323 2.32644
0.0729809 2.29831
0.0731455 2.26717
0.0733277 2.23269
0.0735294 2.19451
0.0737527 2.15225
0.074 3.00545
0.074 3.00545
0.0742427 2.98433
0.0744984 2.96208
0.0747678 2.93863
0.0750516 2.91393
0.0753506 2.88791
0.0756656 2.86049
0.0759976 2.8316
0.0763473 2.80117
0.0767157 2.76911
0.0771039 2.73532
0.0775128 2.69973
0.0779437 2.66223
0.0783977 2.62272
0.0788759 2.5811
0.0793798 2.53724
0.0799107 2.49104
0.0804701 2.44236
0.0810594 2.39107
0.0816802 2.33704
0.0823344 2.28011
0.0830235 2.22013
0.0837496 2.15694
0.0845146 2.09036
0.0853206 2.02022
0.0861697 1.94632
0.0870644 1.86846
0.0880069 1.78643
0.089 1.7
0.089 0
0.0900551 0
0.0917786 0
0.0945935 0
0.0991911 0
0.106701 0
0.118966 0
0.139 0
