Conduction Band Energy vs Depth
87 2 2
Depth
Conduction Band Energy
0 3.03613
0.0200101 3.03613
0.0343543 3.03613
0.0446368 3.03613
0.0520079 3.03613
0.0572917 3.03613
0.0610795 3.03613
0.0637947 3.03613
0.0657411 3.03613
0.0671363 3.03613
0.0681365 3.03613
0.0688535 3.03613
0.0693675 3.03613
0.0697359 3.03613
0.07 -0.0105615
0.07 -0.0105615
0.0702481 -0.010838
0.0704686 -0.0115507
0.0706647 -0.0125585
0.0708389 -0.0137562
0.0709938 -0.0150653
0.0711315 -0.0164271
0.0712539 -0.0177987
0.0713627 -0.0191485
0.0714594 -0.0204544
0.0715453 -0.0217011
0.0716217 -0.0228789
0.0716896 -0.023982
0.07175 -0.0250079
0.07175 -0.0250079
0.0718125 -0.0261327
0.071875 -0.027322
0.0719375 -0.0285771
0.072 -0.029899
0.072 -0.029899
0.0720595 3.01735
0.0721253 3.01796
0.0721982 3.01864
0.0722789 3.0194
0.0723683 3.02023
0.0724672 3.02116
0.0725767 3.02218
0.072698 3.02332
0.0728323 3.02457
0.0729809 3.02596
0.0731455 3.0275
0.0733277 3.02921
0.0735294 3.03109
0.0737527 3.03318
0.074 3.93549
0.074 3.93549
0.0742427 3.93654
0.0744984 3.93764
0.0747678 3.93879
0.0750516 3.94002
0.0753506 3.9413
0.0756656 3.94266
0.0759976 3.94408
0.0763473 3.94559
0.0767157 3.94717
0.0771039 3.94884
0.0775128 3.9506
0.0779437 3.95245
0.0783977 3.95441
0.0788759 3.95646
0.0793798 3.95863
0.0799107 3.96091
0.0804701 3.96332
0.0810594 3.96585
0.0816802 3.96852
0.0823344 3.97133
0.0830235 3.9743
0.0837496 3.97742
0.0845146 3.98071
0.0853206 3.98418
0.0861697 3.98783
0.0870644 3.99168
0.0880069 3.99573
0.089 4
0.089 0
0.0900551 0
0.0917786 0
0.0945935 0
0.0991911 0
0.106701 0
0.118966 0
0.139 0
