Probe chan_n vs gate bias
76 2 2
gate bias
Probe chan_n
-3 1.18741e-038
-2.8 1.5569e-036
-2.6 3.48953e-033
-2.4 7.99114e-030
-2.2 1.82784e-026
-2 3.57096e-023
-1.8 7.88311e-020
-1.6 1.80528e-016
-1.4 4.12977e-013
-1.2 5.95634e-010
-1 1.31895e-006
-0.95 9.12398e-006
-0.9 6.3116e-005
-0.85 0.00043661
-0.8 0.00302029
-0.75 0.0208931
-0.7 0.144529
-0.65 0.99979
-0.6 6.91609
-0.55 47.842
-0.5 330.941
-0.45 2289.11
-0.4 15831.3
-0.35 109453
-0.3 756298
-0.25 5.22176e+006
-0.2 3.60213e+007
-0.15 2.48227e+008
-0.1 1.70668e+009
-0.05 1.16576e+010
-4.24783e-016 7.84071e+010
0.05 5.13515e+011
0.1 3.25287e+012
0.15 1.99058e+013
0.2 1.16055e+014
0.25 6.04181e+014
0.3 2.49498e+015
0.35 7.61409e+015
0.4 1.77949e+016
0.45 3.4326e+016
0.5 5.81162e+016
0.55 8.99705e+016
0.6 1.30757e+017
0.65 1.81503e+017
0.7 2.43452e+017
0.75 3.18095e+017
0.8 4.07197e+017
0.85 5.12791e+017
0.9 6.37153e+017
0.95 7.8275e+017
1 9.52201e+017
1.05 1.14822e+018
1.1 1.37351e+018
1.15 1.63051e+018
1.2 1.92125e+018
1.25 2.24721e+018
1.3 2.60926e+018
1.35 3.00771e+018
1.4 3.44238e+018
1.45 3.91265e+018
1.5 4.4176e+018
1.6 5.52695e+018
1.7 6.7603e+018
1.8 8.10691e+018
1.9 9.55572e+018
2 1.10954e+019
2.1 1.27143e+019
2.2 1.44012e+019
2.3 1.61456e+019
2.4 1.79378e+019
2.5 1.97699e+019
2.6 2.16346e+019
2.7 2.35263e+019
2.8 2.54402e+019
2.9 2.73722e+019
3 2.93191e+019
