drain current vs gate bias
76 2 2
gate bias
drain current
-3 -1.2213e-019
-2.8 -6.12305e-019
-2.6 -4.57339e-019
-2.4 1.26052e-018
-2.2 -4.46473e-019
-2 4.65371e-019
-1.8 7.15774e-019
-1.6 -1.00917e-018
-1.4 3.91195e-019
-1.2 2.40765e-018
-1 7.71996e-019
-0.95 -4.87577e-019
-0.9 1.02807e-018
-0.85 1.1528e-018
-0.8 8.01289e-019
-0.75 -7.03017e-019
-0.7 1.27942e-018
-0.65 -2.27536e-018
-0.6 -2.26969e-018
-0.55 7.06797e-019
-0.5 3.65115e-018
-0.45 -3.53398e-019
-0.4 -3.1957e-018
-0.35 1.36069e-018
-0.3 1.5762e-018
-0.25 -2.87008e-018
-0.2 -3.00655e-018
-0.15 1.38764e-018
-0.1 1.16445e-018
-0.05 9.83755e-018
-4.24783e-016 8.63278e-017
0.05 5.8396e-016
0.1 3.74577e-015
0.15 2.33308e-014
0.2 1.39329e-013
0.25 7.63761e-013
0.3 3.51633e-012
0.35 1.26606e-011
0.4 3.57944e-011
0.45 8.33857e-011
0.5 1.68247e-010
0.55 3.05472e-010
0.6 5.12728e-010
0.65 8.1078e-010
0.7 1.22412e-009
0.75 1.78166e-009
0.8 2.51738e-009
0.85 3.47079e-009
0.9 4.68709e-009
0.95 6.21673e-009
1 8.11405e-009
1.05 1.0435e-008
1.1 1.32351e-008
1.15 1.6568e-008
1.2 2.04846e-008
1.25 2.50319e-008
1.3 3.02514e-008
1.35 3.6178e-008
1.4 4.28387e-008
1.45 5.02516e-008
1.5 5.84254e-008
1.6 7.7041e-008
1.7 9.85605e-008
1.8 1.22727e-007
1.9 1.49199e-007
2 1.77603e-007
2.1 2.07584e-007
2.2 2.3883e-007
2.3 2.71084e-007
2.4 3.0414e-007
2.5 3.37839e-007
2.6 3.72057e-007
2.7 4.067e-007
2.8 4.41694e-007
2.9 4.76981e-007
3 5.12517e-007
