source current vs gate bias
76 2 2
gate bias
source current
-3 8.9767e-020
-2.8 -3.41115e-019
-2.6 1.34178e-019
-2.4 5.50886e-019
-2.2 -4.84742e-019
-2 3.96865e-020
-1.8 1.51187e-019
-1.6 1.87377e-018
-1.4 3.65304e-018
-1.2 9.96697e-018
-1 2.56696e-017
-0.95 3.28831e-019
-0.9 -5.82068e-019
-0.85 5.72619e-019
-0.8 -6.06636e-019
-0.75 -1.49486e-018
-0.7 8.12628e-020
-0.65 8.73102e-019
-0.6 2.35473e-018
-0.55 3.00483e-019
-0.5 -3.06153e-019
-0.45 -6.65221e-019
-0.4 -1.23406e-018
-0.35 1.19436e-018
-0.3 -1.60643e-018
-0.25 1.10316e-018
-0.2 2.6726e-018
-0.15 -1.97075e-019
-0.1 -1.53014e-018
-0.05 -1.40443e-017
-4.24783e-016 -8.902e-017
0.05 -5.81675e-016
0.1 -3.74633e-015
0.15 -2.33345e-014
0.2 -1.39332e-013
0.25 -7.63763e-013
0.3 -3.51633e-012
0.35 -1.26606e-011
0.4 -3.57944e-011
0.45 -8.33857e-011
0.5 -1.68247e-010
0.55 -3.05472e-010
0.6 -5.12728e-010
0.65 -8.1078e-010
0.7 -1.22412e-009
0.75 -1.78166e-009
0.8 -2.51738e-009
0.85 -3.47079e-009
0.9 -4.68709e-009
0.95 -6.21673e-009
1 -8.11405e-009
1.05 -1.0435e-008
1.1 -1.32351e-008
1.15 -1.6568e-008
1.2 -2.04846e-008
1.25 -2.50319e-008
1.3 -3.02514e-008
1.35 -3.6178e-008
1.4 -4.28387e-008
1.45 -5.02516e-008
1.5 -5.84254e-008
1.6 -7.7041e-008
1.7 -9.85605e-008
1.8 -1.22727e-007
1.9 -1.49199e-007
2 -1.77603e-007
2.1 -2.07584e-007
2.2 -2.3883e-007
2.3 -2.71084e-007
2.4 -3.0414e-007
2.5 -3.37839e-007
2.6 -3.72057e-007
2.7 -4.067e-007
2.8 -4.41694e-007
2.9 -4.76981e-007
3 -5.12517e-007
