Valence Band Energy vs Depth
87 2 2
Depth
Valence Band Energy
0 -5.51773
0.0200101 -5.51773
0.0343543 -5.51773
0.0446368 -5.51773
0.0520079 -5.51773
0.0572917 -5.51773
0.0610795 -5.51773
0.0637947 -5.51773
0.0657411 -5.51773
0.0671363 -5.51773
0.0681365 -5.51773
0.0688535 -5.51773
0.0693675 -5.51773
0.0697359 -5.51773
0.07 -2.96773
0.07 -2.96773
0.0702481 -2.96772
0.0704686 -2.96768
0.0706647 -2.96764
0.0708389 -2.96759
0.0709938 -2.96753
0.0711315 -2.96747
0.0712539 -2.96741
0.0713627 -2.96735
0.0714594 -2.9673
0.0715453 -2.96724
0.0716217 -2.9672
0.0716896 -2.96715
0.07175 -2.96711
0.07175 -2.96711
0.0718125 -2.96706
0.071875 -2.96702
0.0719375 -2.96698
0.072 -2.96693
0.072 -2.96693
0.0720595 -5.51481
0.0721253 -5.51247
0.0721982 -5.50987
0.0722789 -5.507
0.0723683 -5.50381
0.0724672 -5.50029
0.0725767 -5.49639
0.072698 -5.49207
0.0728323 -5.48729
0.0729809 -5.48199
0.0731455 -5.47613
0.0733277 -5.46964
0.0735294 -5.46246
0.0737527 -5.4545
0.074 -1.2457
0.074 -1.2457
0.0742427 -1.24172
0.0744984 -1.23753
0.0747678 -1.23312
0.0750516 -1.22847
0.0753506 -1.22357
0.0756656 -1.21841
0.0759976 -1.21298
0.0763473 -1.20725
0.0767157 -1.20121
0.0771039 -1.19486
0.0775128 -1.18816
0.0779437 -1.1811
0.0783977 -1.17366
0.0788759 -1.16583
0.0793798 -1.15758
0.0799107 -1.14888
0.0804701 -1.13972
0.0810594 -1.13007
0.0816802 -1.1199
0.0823344 -1.10918
0.0830235 -1.09789
0.0837496 -1.086
0.0845146 -1.07347
0.0853206 -1.06027
0.0861697 -1.04636
0.0870644 -1.03171
0.0880069 -1.01627
0.089 -1
0.089 0
0.0900551 0
0.0917786 0
0.0945935 0
0.0991911 0
0.106701 0
0.118966 0
0.139 0
