Valence Band Energy vs Depth
87 2 2
Depth
Valence Band Energy
0 -6.35708
0.0200101 -6.35708
0.0343543 -6.35708
0.0446368 -6.35708
0.0520079 -6.35708
0.0572917 -6.35708
0.0610795 -6.35708
0.0637947 -6.35708
0.0657411 -6.35708
0.0671363 -6.35708
0.0681365 -6.35708
0.0688535 -6.35708
0.0693675 -6.35708
0.0697359 -6.35708
0.07 -3.80708
0.07 -3.80708
0.0702481 -3.80913
0.0704686 -3.81442
0.0706647 -3.822
0.0708389 -3.83111
0.0709938 -3.84122
0.0711315 -3.8519
0.0712539 -3.86283
0.0713627 -3.87377
0.0714594 -3.88451
0.0715453 -3.89493
0.0716217 -3.90492
0.0716896 -3.9144
0.07175 -3.92333
0.07175 -3.92333
0.0718125 -3.93312
0.071875 -3.94348
0.0719375 -3.95445
0.072 -3.96606
0.072 -3.96606
0.0720595 -6.52732
0.0721253 -6.53978
0.0721982 -6.55357
0.0722789 -6.56885
0.0723683 -6.58576
0.0724672 -6.60448
0.0725767 -6.62521
0.072698 -6.64815
0.0728323 -6.67356
0.0729809 -6.70169
0.0731455 -6.73283
0.0733277 -6.76731
0.0735294 -6.80549
0.0737527 -6.84775
0.074 -2.69455
0.074 -2.69455
0.0742427 -2.71567
0.0744984 -2.73792
0.0747678 -2.76137
0.0750516 -2.78607
0.0753506 -2.81209
0.0756656 -2.83951
0.0759976 -2.8684
0.0763473 -2.89883
0.0767157 -2.93089
0.0771039 -2.96468
0.0775128 -3.00027
0.0779437 -3.03777
0.0783977 -3.07728
0.0788759 -3.1189
0.0793798 -3.16276
0.0799107 -3.20896
0.0804701 -3.25764
0.0810594 -3.30893
0.0816802 -3.36296
0.0823344 -3.41989
0.0830235 -3.47987
0.0837496 -3.54306
0.0845146 -3.60964
0.0853206 -3.67978
0.0861697 -3.75368
0.0870644 -3.83154
0.0880069 -3.91357
0.089 -4
0.089 0
0.0900551 0
0.0917786 0
0.0945935 0
0.0991911 0
0.106701 0
0.118966 0
0.139 0
