Valence Band Energy vs Depth
87 2 2
Depth
Valence Band Energy
0 -5.96387
0.0200101 -5.96387
0.0343543 -5.96387
0.0446368 -5.96387
0.0520079 -5.96387
0.0572917 -5.96387
0.0610795 -5.96387
0.0637947 -5.96387
0.0657411 -5.96387
0.0671363 -5.96387
0.0681365 -5.96387
0.0688535 -5.96387
0.0693675 -5.96387
0.0697359 -5.96387
0.07 -3.41387
0.07 -3.41387
0.0702481 -3.41415
0.0704686 -3.41486
0.0706647 -3.41587
0.0708389 -3.41707
0.0709938 -3.41838
0.0711315 -3.41974
0.0712539 -3.42111
0.0713627 -3.42246
0.0714594 -3.42376
0.0715453 -3.42501
0.0716217 -3.42619
0.0716896 -3.42729
0.07175 -3.42832
0.07175 -3.42832
0.0718125 -3.42944
0.071875 -3.43063
0.0719375 -3.43189
0.072 -3.43321
0.072 -3.43321
0.0720595 -5.98265
0.0721253 -5.98204
0.0721982 -5.98136
0.0722789 -5.9806
0.0723683 -5.97977
0.0724672 -5.97884
0.0725767 -5.97782
0.072698 -5.97668
0.0728323 -5.97543
0.0729809 -5.97404
0.0731455 -5.9725
0.0733277 -5.97079
0.0735294 -5.96891
0.0737527 -5.96682
0.074 -1.76451
0.074 -1.76451
0.0742427 -1.76346
0.0744984 -1.76236
0.0747678 -1.76121
0.0750516 -1.75998
0.0753506 -1.7587
0.0756656 -1.75734
0.0759976 -1.75592
0.0763473 -1.75441
0.0767157 -1.75283
0.0771039 -1.75116
0.0775128 -1.7494
0.0779437 -1.74755
0.0783977 -1.74559
0.0788759 -1.74354
0.0793798 -1.74137
0.0799107 -1.73909
0.0804701 -1.73668
0.0810594 -1.73415
0.0816802 -1.73148
0.0823344 -1.72867
0.0830235 -1.7257
0.0837496 -1.72258
0.0845146 -1.71929
0.0853206 -1.71582
0.0861697 -1.71217
0.0870644 -1.70832
0.0880069 -1.70427
0.089 -1.7
0.089 0
0.0900551 0
0.0917786 0
0.0945935 0
0.0991911 0
0.106701 0
0.118966 0
0.139 0
