Probe avg_n vs gate bias
76 2 2
gate bias
Probe avg_n
-3 5.4377e+012
-2.8 5.43935e+012
-2.6 5.44219e+012
-2.4 5.44709e+012
-2.2 5.45551e+012
-2 5.47001e+012
-1.8 5.49502e+012
-1.6 5.53832e+012
-1.4 5.61366e+012
-1.2 5.74599e+012
-1 5.98208e+012
-0.95 6.0666e+012
-0.9 6.16512e+012
-0.85 6.28026e+012
-0.8 6.41523e+012
-0.75 6.57399e+012
-0.7 6.76146e+012
-0.65 6.98381e+012
-0.6 7.2489e+012
-0.55 7.56739e+012
-0.5 7.95735e+012
-0.45 8.47036e+012
-0.4 9.35047e+012
-0.35 1.19822e+013
-0.3 2.40744e+013
-0.25 8.26284e+013
-0.2 3.15348e+014
-0.15 9.8337e+014
-0.1 2.38832e+015
-0.05 4.77296e+015
-4.24783e-016 8.34559e+015
0.05 1.33418e+016
0.1 2.00641e+016
0.15 2.89006e+016
0.2 4.0332e+016
0.25 5.49244e+016
0.3 7.32983e+016
0.35 9.60656e+016
0.4 1.2374e+017
0.45 1.56657e+017
0.5 1.94939e+017
0.55 2.38522e+017
0.6 2.87211e+017
0.65 3.40737e+017
0.7 3.98796e+017
0.75 4.61095e+017
0.8 5.2738e+017
0.85 5.97454e+017
0.9 6.7119e+017
0.95 7.48528e+017
1 8.29463e+017
1.05 9.14021e+017
1.1 1.00223e+018
1.15 1.09408e+018
1.2 1.18951e+018
1.25 1.2884e+018
1.3 1.3906e+018
1.35 1.49589e+018
1.4 1.60406e+018
1.45 1.71488e+018
1.5 1.82814e+018
1.6 2.06116e+018
1.7 2.30163e+018
1.8 2.5483e+018
1.9 2.80016e+018
2 3.05639e+018
2.1 3.31633e+018
2.2 3.57943e+018
2.3 3.84523e+018
2.4 4.11337e+018
2.5 4.38354e+018
2.6 4.65548e+018
2.7 4.92897e+018
2.8 5.20382e+018
2.9 5.47988e+018
3 5.757e+018
