Conduction Band Energy vs Depth
108 2 2
Depth
Conduction Band Energy
0 3.53514
0.0200769 3.53514
0.0346253 3.53514
0.0451677 3.53514
0.0528071 3.53514
0.0583429 3.53514
0.0623543 3.53514
0.0652611 3.53514
0.0673675 3.53514
0.0688939 3.53514
0.07 0.135138
0.07 0.135138
0.0709987 0.135084
0.0719247 0.134938
0.0727833 0.134718
0.0735795 0.134439
0.0743178 0.134114
0.0750024 0.133752
0.0756372 0.133362
0.0762258 0.132952
0.0767715 0.132527
0.0772776 0.132094
0.0777469 0.131656
0.078182 0.131219
0.0785855 0.130784
0.0789596 0.130355
0.0793065 0.129933
0.0796282 0.129522
0.0799264 0.129122
0.080203 0.128735
0.0804595 0.128361
0.0806973 0.128001
0.0809178 0.127656
0.0811222 0.127326
0.0813118 0.127011
0.0814876 0.126711
0.0816506 0.126426
0.0818017 0.126156
0.0819419 0.1259
0.0820719 0.125658
0.0821924 0.125429
0.0823041 0.125213
0.0824077 0.12501
0.0825038 0.124819
0.0825929 0.12464
0.0826755 0.124471
0.0827521 0.124313
0.0828231 0.124165
0.0828889 0.124027
0.08295 0.123897
0.08295 0.123897
0.0830125 0.123744
0.083075 0.123572
0.0831375 0.12338
0.0832 0.123168
0.0832 0.123168
0.0832595 3.52502
0.0833253 3.52707
0.0833982 3.52933
0.0834789 3.53185
0.0835683 3.53463
0.0836672 3.5377
0.0837767 3.54111
0.083898 3.54488
0.0840323 3.54906
0.0841809 3.55368
0.0843455 3.5588
0.0845277 3.56447
0.0847294 3.57075
0.0849527 3.5777
0.0852 4.48539
0.0852 4.48539
0.0854427 4.48886
0.0856984 4.49252
0.0859678 4.49637
0.0862516 4.50043
0.0865506 4.50471
0.0868656 4.50922
0.0871976 4.51397
0.0875473 4.51897
0.0879157 4.52424
0.0883039 4.5298
0.0887128 4.53565
0.0891437 4.54181
0.0895977 4.54831
0.0900759 4.55515
0.0905798 4.56236
0.0911107 4.56996
0.0916701 4.57796
0.0922594 4.58639
0.0928802 4.59527
0.0935344 4.60463
0.0942235 4.61449
0.0949496 4.62488
0.0957146 4.63583
0.0965206 4.64736
0.0973697 4.65951
0.0982644 4.67231
0.0992069 4.68579
0.1002 4.7
0.1002 0
0.101255 0
0.102979 0
0.105793 0
0.110391 0
0.117901 0
0.130166 0
0.1502 0
