Conduction Band Energy vs Depth
108 2 2
Depth
Conduction Band Energy
0 3.16701
0.0200769 3.16701
0.0346253 3.16701
0.0451677 3.16701
0.0528071 3.16701
0.0583429 3.16701
0.0623543 3.16701
0.0652611 3.16701
0.0673675 3.16701
0.0688939 3.16701
0.07 -0.232988
0.07 -0.232988
0.0709987 -0.2337
0.0719247 -0.235662
0.0727833 -0.238668
0.0735795 -0.242567
0.0743178 -0.24725
0.0750024 -0.252634
0.0756372 -0.258656
0.0762258 -0.265268
0.0767715 -0.272432
0.0772776 -0.280118
0.0777469 -0.288302
0.078182 -0.296966
0.0785855 -0.30609
0.0789596 -0.31566
0.0793065 -0.325661
0.0796282 -0.336081
0.0799264 -0.346906
0.080203 -0.358126
0.0804595 -0.369726
0.0806973 -0.381693
0.0809178 -0.394007
0.0811222 -0.406644
0.0813118 -0.419577
0.0814876 -0.43277
0.0816506 -0.446184
0.0818017 -0.459774
0.0819419 -0.473492
0.0820719 -0.487288
0.0821924 -0.501108
0.0823041 -0.514902
0.0824077 -0.528616
0.0825038 -0.542202
0.0825929 -0.555612
0.0826755 -0.568802
0.0827521 -0.581731
0.0828231 -0.594364
0.0828889 -0.606669
0.08295 -0.618618
0.08295 -0.618618
0.0830125 -0.631437
0.083075 -0.644884
0.0831375 -0.658999
0.0832 -0.673821
0.0832 -0.673821
0.0832595 2.71331
0.0833253 2.69905
0.0833982 2.68327
0.0834789 2.6658
0.0835683 2.64646
0.0836672 2.62504
0.0837767 2.60133
0.083898 2.57508
0.0840323 2.54602
0.0841809 2.51385
0.0843455 2.47822
0.0845277 2.43878
0.0847294 2.39512
0.0849527 2.34677
0.0852 3.19325
0.0852 3.19325
0.0854427 3.16909
0.0856984 3.14363
0.0859678 3.11682
0.0862516 3.08856
0.0865506 3.0588
0.0868656 3.02743
0.0871976 2.99439
0.0875473 2.95958
0.0879157 2.9229
0.0883039 2.88426
0.0887128 2.84355
0.0891437 2.80065
0.0895977 2.75546
0.0900759 2.70785
0.0905798 2.65769
0.0911107 2.60483
0.0916701 2.54915
0.0922594 2.49049
0.0928802 2.42868
0.0935344 2.36356
0.0942235 2.29496
0.0949496 2.22267
0.0957146 2.14652
0.0965206 2.06628
0.0973697 1.98175
0.0982644 1.89269
0.0992069 1.79886
0.1002 1.7
0.1002 0
0.101255 0
0.102979 0
0.105793 0
0.110391 0
0.117901 0
0.130166 0
0.1502 0
