Conduction Band Energy vs Depth
108 2 2
Depth
Conduction Band Energy
0 3.46679
0.0200769 3.46679
0.0346253 3.46679
0.0451677 3.46679
0.0528071 3.46679
0.0583429 3.46679
0.0623543 3.46679
0.0652611 3.46679
0.0673675 3.46679
0.0688939 3.46679
0.07 0.0667939
0.07 0.0667939
0.0709987 0.066695
0.0719247 0.0664247
0.0727833 0.0660171
0.0735795 0.0654993
0.0743178 0.0648937
0.0750024 0.0642188
0.0756372 0.0634904
0.0762258 0.0627218
0.0767715 0.0619245
0.0772776 0.0611082
0.0777469 0.0602816
0.078182 0.0594517
0.0785855 0.058625
0.0789596 0.0578066
0.0793065 0.057001
0.0796282 0.056212
0.0799264 0.0554427
0.080203 0.0546955
0.0804595 0.0539724
0.0806973 0.053275
0.0809178 0.0526042
0.0811222 0.0519609
0.0813118 0.0513455
0.0814876 0.050758
0.0816506 0.0501985
0.0818017 0.0496665
0.0819419 0.0491618
0.0820719 0.0486836
0.0821924 0.0482313
0.0823041 0.0478041
0.0824077 0.0474012
0.0825038 0.0470215
0.0825929 0.0466643
0.0826755 0.0463285
0.0827521 0.0460131
0.0828231 0.0457172
0.0828889 0.0454398
0.08295 0.04518
0.08295 0.04518
0.0830125 0.0448927
0.083075 0.0445838
0.0831375 0.0442533
0.0832 0.0439011
0.0832 0.0439011
0.0832595 3.44561
0.0833253 3.44751
0.0833982 3.44961
0.0834789 3.45193
0.0835683 3.4545
0.0836672 3.45735
0.0837767 3.4605
0.083898 3.46399
0.0840323 3.46785
0.0841809 3.47213
0.0843455 3.47687
0.0845277 3.48211
0.0847294 3.48792
0.0849527 3.49435
0.0852 4.40146
0.0852 4.40146
0.0854427 4.40467
0.0856984 4.40806
0.0859678 4.41162
0.0862516 4.41538
0.0865506 4.41934
0.0868656 4.42351
0.0871976 4.4279
0.0875473 4.43253
0.0879157 4.43741
0.0883039 4.44254
0.0887128 4.44796
0.0891437 4.45366
0.0895977 4.45967
0.0900759 4.466
0.0905798 4.47267
0.0911107 4.4797
0.0916701 4.4871
0.0922594 4.4949
0.0928802 4.50312
0.0935344 4.51177
0.0942235 4.5209
0.0949496 4.53051
0.0957146 4.54063
0.0965206 4.5513
0.0973697 4.56254
0.0982644 4.57438
0.0992069 4.58686
0.1002 4.6
0.1002 0
0.101255 0
0.102979 0
0.105793 0
0.110391 0
0.117901 0
0.130166 0
0.1502 0
