Probe chan_n vs gate bias
76 2 2
gate bias
Probe chan_n
-3 1.42067e-031
-2.8 4.32953e-029
-2.6 9.85788e-026
-2.4 2.25251e-022
-2.2 4.25939e-019
-2 7.43016e-016
-1.8 1.69612e-012
-1.6 3.81298e-009
-1.4 7.10481e-006
-1.2 0.0162675
-1 37.2206
-0.95 257.403
-0.9 1778.99
-0.85 12275
-0.8 84401.8
-0.75 576892
-0.7 3.91212e+006
-0.65 2.63286e+007
-0.6 1.76419e+008
-0.55 1.18246e+009
-0.5 7.94628e+009
-0.45 5.33044e+010
-0.4 3.52227e+011
-0.35 2.24706e+012
-0.3 1.34688e+013
-0.25 7.20774e+013
-0.2 3.14257e+014
-0.15 1.03105e+015
-0.1 2.56055e+015
-0.05 5.11834e+015
-4.24783e-016 8.75333e+015
0.05 1.33849e+016
0.1 1.88549e+016
0.15 2.49735e+016
0.2 3.15556e+016
0.25 3.844e+016
0.3 4.54963e+016
0.35 5.26196e+016
0.4 5.97246e+016
0.45 6.67415e+016
0.5 7.36178e+016
0.55 8.03205e+016
0.6 8.68346e+016
0.65 9.31593e+016
0.7 9.93028e+016
0.75 1.05279e+017
0.8 1.11105e+017
0.85 1.168e+017
0.9 1.22383e+017
0.95 1.27874e+017
1 1.33293e+017
1.05 1.38656e+017
1.1 1.43979e+017
1.15 1.49275e+017
1.2 1.54551e+017
1.25 1.59813e+017
1.3 1.65064e+017
1.35 1.70303e+017
1.4 1.7553e+017
1.45 1.80744e+017
1.5 1.85942e+017
1.6 1.96283e+017
1.7 2.06539e+017
1.8 2.16702e+017
1.9 2.26764e+017
2 2.36723e+017
2.1 2.46577e+017
2.2 2.56326e+017
2.3 2.65973e+017
2.4 2.7552e+017
2.5 2.8497e+017
2.6 2.94325e+017
2.7 3.03588e+017
2.8 3.12763e+017
2.9 3.21853e+017
3 3.3086e+017
