drain current vs gate bias
76 2 2
gate bias
drain current
-3 -1.02245e-019
-2.8 2.15608e-020
-2.6 -1.63052e-020
-2.4 -9.54728e-020
-2.2 -2.58211e-019
-2 3.84999e-020
-1.8 -4.62272e-019
-1.6 3.70167e-019
-1.4 -3.98414e-019
-1.2 1.12773e-019
-1 -1.36898e-018
-0.95 6.84949e-020
-0.9 -1.66999e-018
-0.85 3.66118e-019
-0.8 -4.49136e-019
-0.75 5.8634e-019
-0.7 2.57261e-018
-0.65 2.12909e-018
-0.6 6.7356e-018
-0.55 4.02905e-017
-0.5 2.59754e-016
-0.45 1.73704e-015
-0.4 1.15192e-014
-0.35 7.45563e-014
-0.3 4.58994e-013
-0.25 2.57923e-012
-0.2 1.23071e-011
-0.15 4.64727e-011
-0.1 1.37501e-010
-0.05 3.32423e-010
-4.24783e-016 6.91497e-010
0.05 1.29038e-009
0.1 2.22533e-009
0.15 3.62003e-009
0.2 5.63322e-009
0.25 8.4658e-009
0.3 1.23652e-008
0.35 1.76237e-008
0.4 2.45686e-008
0.45 3.35435e-008
0.5 4.4887e-008
0.55 5.89103e-008
0.6 7.58831e-008
0.65 9.60277e-008
0.7 1.1952e-007
0.75 1.46489e-007
0.8 1.77018e-007
0.85 2.11138e-007
0.9 2.48825e-007
0.95 2.89999e-007
1 3.34515e-007
1.05 3.82176e-007
1.1 4.32736e-007
1.15 4.85925e-007
1.2 5.41464e-007
1.25 5.99088e-007
1.3 6.58551e-007
1.35 7.19638e-007
1.4 7.82159e-007
1.45 8.45952e-007
1.5 9.10877e-007
1.6 1.04366e-006
1.7 1.17974e-006
1.8 1.31854e-006
1.9 1.45962e-006
2 1.60264e-006
2.1 1.74732e-006
2.2 1.89346e-006
2.3 2.04088e-006
2.4 2.18942e-006
2.5 2.33898e-006
2.6 2.48943e-006
2.7 2.64071e-006
2.8 2.79273e-006
2.9 2.94542e-006
3 3.09874e-006
