source current vs gate bias
76 2 2
gate bias
source current
-3 2.38307e-020
-2.8 -1.77831e-019
-2.6 2.82151e-019
-2.4 3.04891e-019
-2.2 1.95663e-019
-2 2.91596e-018
-1.8 1.69426e-017
-1.6 1.08281e-016
-1.4 4.71161e-020
-1.2 3.83909e-020
-1 -1.48331e-020
-0.95 1.67234e-016
-0.9 1.3997e-017
-0.85 3.07231e-017
-0.8 -6.93271e-019
-0.75 3.754e-019
-0.7 1.06022e-018
-0.65 -1.58055e-018
-0.6 -5.13896e-018
-0.55 -3.82841e-017
-0.5 -2.58822e-016
-0.45 -1.73357e-015
-0.4 -1.15199e-014
-0.35 -7.4554e-014
-0.3 -4.58992e-013
-0.25 -2.57922e-012
-0.2 -1.23071e-011
-0.15 -4.64727e-011
-0.1 -1.37501e-010
-0.05 -3.32423e-010
-4.24783e-016 -6.91497e-010
0.05 -1.29038e-009
0.1 -2.22533e-009
0.15 -3.62003e-009
0.2 -5.63322e-009
0.25 -8.4658e-009
0.3 -1.23652e-008
0.35 -1.76237e-008
0.4 -2.45686e-008
0.45 -3.35435e-008
0.5 -4.4887e-008
0.55 -5.89103e-008
0.6 -7.58831e-008
0.65 -9.60277e-008
0.7 -1.1952e-007
0.75 -1.46489e-007
0.8 -1.77018e-007
0.85 -2.11138e-007
0.9 -2.48825e-007
0.95 -2.89999e-007
1 -3.34515e-007
1.05 -3.82176e-007
1.1 -4.32736e-007
1.15 -4.85925e-007
1.2 -5.41464e-007
1.25 -5.99088e-007
1.3 -6.58551e-007
1.35 -7.19638e-007
1.4 -7.82159e-007
1.45 -8.45952e-007
1.5 -9.10877e-007
1.6 -1.04366e-006
1.7 -1.17974e-006
1.8 -1.31854e-006
1.9 -1.45962e-006
2 -1.60264e-006
2.1 -1.74732e-006
2.2 -1.89346e-006
2.3 -2.04088e-006
2.4 -2.18942e-006
2.5 -2.33898e-006
2.6 -2.48943e-006
2.7 -2.64071e-006
2.8 -2.79273e-006
2.9 -2.94542e-006
3 -3.09874e-006
