Electron Conc vs Depth
108 2 2
Depth
Electron Conc
0 0
0.0200769 0
0.0346253 0
0.0451677 0
0.0528071 0
0.0583429 0
0.0623543 0
0.0652611 0
0.0673675 0
0.0688939 0
0.07 0
0.07 8.14775e+016
0.0709987 8.37268e+016
0.0719247 9.02412e+016
0.0727833 1.01201e+017
0.0735795 1.17395e+017
0.0743178 1.40234e+017
0.0750024 1.71896e+017
0.0756372 2.15585e+017
0.0762258 2.75936e+017
0.0767715 3.59565e+017
0.0772776 4.75813e+017
0.0777469 6.37619e+017
0.078182 8.62424e+017
0.0785855 1.17279e+018
0.0789596 1.59627e+018
0.0793065 2.1641e+018
0.0796282 2.9085e+018
0.0799264 3.85922e+018
0.080203 5.0404e+018
0.0804595 6.46883e+018
0.0806973 8.15385e+018
0.0809178 1.00984e+019
0.0811222 1.23003e+019
0.0813118 1.47537e+019
0.0814876 1.74494e+019
0.0816506 2.03758e+019
0.0818017 2.35191e+019
0.0819419 2.68631e+019
0.0820719 3.03899e+019
0.0821924 3.40798e+019
0.0823041 3.79117e+019
0.0824077 4.18637e+019
0.0825038 4.59128e+019
0.0825929 5.00361e+019
0.0826755 5.42106e+019
0.0827521 5.84137e+019
0.0828231 6.26239e+019
0.0828889 6.68205e+019
0.08295 7.09843e+019
0.08295 7.09843e+019
0.0830125 7.55457e+019
0.083075 8.04343e+019
0.0831375 8.56766e+019
0.0832 9.13012e+019
0.0832 0
0.0832595 0
0.0833253 0
0.0833982 0
0.0834789 0
0.0835683 0
0.0836672 0
0.0837767 0
0.083898 0
0.0840323 0
0.0841809 0
0.0843455 0
0.0845277 0
0.0847294 0
0.0849527 0
0.0852 0
0.0852 0
0.0854427 0
0.0856984 0
0.0859678 0
0.0862516 0
0.0865506 0
0.0868656 0
0.0871976 0
0.0875473 0
0.0879157 0
0.0883039 0
0.0887128 0
0.0891437 0
0.0895977 0
0.0900759 0
0.0905798 0
0.0911107 0
0.0916701 0
0.0922594 0
0.0928802 0
0.0935344 0
0.0942235 0
0.0949496 0
0.0957146 0
0.0965206 0
0.0973697 0
0.0982644 0
0.0992069 0
0.1002 0
0.1002 0
0.101255 0
0.102979 0
0.105793 0
0.110391 0
0.117901 0
0.130166 0
0.1502 0
