Electron Conc vs Depth
108 2 2
Depth
Electron Conc
0 0
0.0200769 0
0.0346253 0
0.0451677 0
0.0528071 0
0.0583429 0
0.0623543 0
0.0652611 0
0.0673675 0
0.0688939 0
0.07 0
0.07 1.57771e+016
0.0709987 1.58375e+016
0.0719247 1.60035e+016
0.0727833 1.62572e+016
0.0735795 1.65853e+016
0.0743178 1.69775e+016
0.0750024 1.74254e+016
0.0756372 1.7922e+016
0.0762258 1.84614e+016
0.0767715 1.9038e+016
0.0772776 1.96469e+016
0.0777469 2.02834e+016
0.078182 2.0943e+016
0.0785855 2.16214e+016
0.0789596 2.23145e+016
0.0793065 2.30184e+016
0.0796282 2.37292e+016
0.0799264 2.44434e+016
0.080203 2.51575e+016
0.0804595 2.58683e+016
0.0806973 2.6573e+016
0.0809178 2.72686e+016
0.0811222 2.79529e+016
0.0813118 2.86235e+016
0.0814876 2.92785e+016
0.0816506 2.99163e+016
0.0818017 3.05354e+016
0.0819419 3.11347e+016
0.0820719 3.17132e+016
0.0821924 3.22702e+016
0.0823041 3.28053e+016
0.0824077 3.33181e+016
0.0825038 3.38086e+016
0.0825929 3.42766e+016
0.0826755 3.47225e+016
0.0827521 3.51464e+016
0.0828231 3.55489e+016
0.0828889 3.59304e+016
0.08295 3.62914e+016
0.08295 3.62914e+016
0.0830125 3.66947e+016
0.083075 3.71333e+016
0.0831375 3.76085e+016
0.0832 3.81214e+016
0.0832 0
0.0832595 0
0.0833253 0
0.0833982 0
0.0834789 0
0.0835683 0
0.0836672 0
0.0837767 0
0.083898 0
0.0840323 0
0.0841809 0
0.0843455 0
0.0845277 0
0.0847294 0
0.0849527 0
0.0852 0
0.0852 0
0.0854427 0
0.0856984 0
0.0859678 0
0.0862516 0
0.0865506 0
0.0868656 0
0.0871976 0
0.0875473 0
0.0879157 0
0.0883039 0
0.0887128 0
0.0891437 0
0.0895977 0
0.0900759 0
0.0905798 0
0.0911107 0
0.0916701 0
0.0922594 0
0.0928802 0
0.0935344 0
0.0942235 0
0.0949496 0
0.0957146 0
0.0965206 0
0.0973697 0
0.0982644 0
0.0992069 0
0.1002 0
0.1002 0
0.101255 0
0.102979 0
0.105793 0
0.110391 0
0.117901 0
0.130166 0
0.1502 0
