Valence Band Energy vs Depth
108 2 2
Depth
Valence Band Energy
0 -5.46486
0.0200769 -5.46486
0.0346253 -5.46486
0.0451677 -5.46486
0.0528071 -5.46486
0.0583429 -5.46486
0.0623543 -5.46486
0.0652611 -5.46486
0.0673675 -5.46486
0.0688939 -5.46486
0.07 -2.91486
0.07 -2.91486
0.0709987 -2.91492
0.0719247 -2.91506
0.0727833 -2.91528
0.0735795 -2.91556
0.0743178 -2.91589
0.0750024 -2.91625
0.0756372 -2.91664
0.0762258 -2.91705
0.0767715 -2.91747
0.0772776 -2.91791
0.0777469 -2.91834
0.078182 -2.91878
0.0785855 -2.91922
0.0789596 -2.91965
0.0793065 -2.92007
0.0796282 -2.92048
0.0799264 -2.92088
0.080203 -2.92127
0.0804595 -2.92164
0.0806973 -2.922
0.0809178 -2.92234
0.0811222 -2.92267
0.0813118 -2.92299
0.0814876 -2.92329
0.0816506 -2.92357
0.0818017 -2.92384
0.0819419 -2.9241
0.0820719 -2.92434
0.0821924 -2.92457
0.0823041 -2.92479
0.0824077 -2.92499
0.0825038 -2.92518
0.0825929 -2.92536
0.0826755 -2.92553
0.0827521 -2.92569
0.0828231 -2.92583
0.0828889 -2.92597
0.08295 -2.9261
0.08295 -2.9261
0.0830125 -2.92626
0.083075 -2.92643
0.0831375 -2.92662
0.0832 -2.92683
0.0832 -2.92683
0.0832595 -5.47498
0.0833253 -5.47293
0.0833982 -5.47067
0.0834789 -5.46815
0.0835683 -5.46537
0.0836672 -5.4623
0.0837767 -5.45889
0.083898 -5.45512
0.0840323 -5.45094
0.0841809 -5.44632
0.0843455 -5.4412
0.0845277 -5.43553
0.0847294 -5.42925
0.0849527 -5.4223
0.0852 -1.21461
0.0852 -1.21461
0.0854427 -1.21114
0.0856984 -1.20748
0.0859678 -1.20363
0.0862516 -1.19957
0.0865506 -1.19529
0.0868656 -1.19078
0.0871976 -1.18603
0.0875473 -1.18103
0.0879157 -1.17576
0.0883039 -1.1702
0.0887128 -1.16435
0.0891437 -1.15819
0.0895977 -1.15169
0.0900759 -1.14485
0.0905798 -1.13764
0.0911107 -1.13004
0.0916701 -1.12204
0.0922594 -1.11361
0.0928802 -1.10473
0.0935344 -1.09537
0.0942235 -1.08551
0.0949496 -1.07512
0.0957146 -1.06417
0.0965206 -1.05264
0.0973697 -1.04049
0.0982644 -1.02769
0.0992069 -1.01421
0.1002 -1
0.1002 0
0.101255 0
0.102979 0
0.105793 0
0.110391 0
0.117901 0
0.130166 0
0.1502 0
