Valence Band Energy vs Depth
108 2 2
Depth
Valence Band Energy
0 -5.83299
0.0200769 -5.83299
0.0346253 -5.83299
0.0451677 -5.83299
0.0528071 -5.83299
0.0583429 -5.83299
0.0623543 -5.83299
0.0652611 -5.83299
0.0673675 -5.83299
0.0688939 -5.83299
0.07 -3.28299
0.07 -3.28299
0.0709987 -3.2837
0.0719247 -3.28566
0.0727833 -3.28867
0.0735795 -3.29257
0.0743178 -3.29725
0.0750024 -3.30263
0.0756372 -3.30866
0.0762258 -3.31527
0.0767715 -3.32243
0.0772776 -3.33012
0.0777469 -3.3383
0.078182 -3.34697
0.0785855 -3.35609
0.0789596 -3.36566
0.0793065 -3.37566
0.0796282 -3.38608
0.0799264 -3.39691
0.080203 -3.40813
0.0804595 -3.41973
0.0806973 -3.43169
0.0809178 -3.44401
0.0811222 -3.45664
0.0813118 -3.46958
0.0814876 -3.48277
0.0816506 -3.49618
0.0818017 -3.50977
0.0819419 -3.52349
0.0820719 -3.53729
0.0821924 -3.55111
0.0823041 -3.5649
0.0824077 -3.57862
0.0825038 -3.5922
0.0825929 -3.60561
0.0826755 -3.6188
0.0827521 -3.63173
0.0828231 -3.64436
0.0828889 -3.65667
0.08295 -3.66862
0.08295 -3.66862
0.0830125 -3.68144
0.083075 -3.69488
0.0831375 -3.709
0.0832 -3.72382
0.0832 -3.72382
0.0832595 -6.28669
0.0833253 -6.30095
0.0833982 -6.31673
0.0834789 -6.3342
0.0835683 -6.35354
0.0836672 -6.37496
0.0837767 -6.39867
0.083898 -6.42492
0.0840323 -6.45398
0.0841809 -6.48615
0.0843455 -6.52178
0.0845277 -6.56122
0.0847294 -6.60488
0.0849527 -6.65323
0.0852 -2.50675
0.0852 -2.50675
0.0854427 -2.53091
0.0856984 -2.55637
0.0859678 -2.58318
0.0862516 -2.61144
0.0865506 -2.6412
0.0868656 -2.67257
0.0871976 -2.70561
0.0875473 -2.74042
0.0879157 -2.7771
0.0883039 -2.81574
0.0887128 -2.85645
0.0891437 -2.89935
0.0895977 -2.94454
0.0900759 -2.99215
0.0905798 -3.04231
0.0911107 -3.09517
0.0916701 -3.15085
0.0922594 -3.20951
0.0928802 -3.27132
0.0935344 -3.33644
0.0942235 -3.40504
0.0949496 -3.47733
0.0957146 -3.55348
0.0965206 -3.63372
0.0973697 -3.71825
0.0982644 -3.80731
0.0992069 -3.90114
0.1002 -4
0.1002 0
0.101255 0
0.102979 0
0.105793 0
0.110391 0
0.117901 0
0.130166 0
0.1502 0
