Valence Band Energy vs Depth
108 2 2
Depth
Valence Band Energy
0 -5.53321
0.0200769 -5.53321
0.0346253 -5.53321
0.0451677 -5.53321
0.0528071 -5.53321
0.0583429 -5.53321
0.0623543 -5.53321
0.0652611 -5.53321
0.0673675 -5.53321
0.0688939 -5.53321
0.07 -2.98321
0.07 -2.98321
0.0709987 -2.98331
0.0719247 -2.98358
0.0727833 -2.98398
0.0735795 -2.9845
0.0743178 -2.98511
0.0750024 -2.98578
0.0756372 -2.98651
0.0762258 -2.98728
0.0767715 -2.98808
0.0772776 -2.98889
0.0777469 -2.98972
0.078182 -2.99055
0.0785855 -2.99138
0.0789596 -2.99219
0.0793065 -2.993
0.0796282 -2.99379
0.0799264 -2.99456
0.080203 -2.9953
0.0804595 -2.99603
0.0806973 -2.99673
0.0809178 -2.9974
0.0811222 -2.99804
0.0813118 -2.99865
0.0814876 -2.99924
0.0816506 -2.9998
0.0818017 -3.00033
0.0819419 -3.00084
0.0820719 -3.00132
0.0821924 -3.00177
0.0823041 -3.0022
0.0824077 -3.0026
0.0825038 -3.00298
0.0825929 -3.00334
0.0826755 -3.00367
0.0827521 -3.00399
0.0828231 -3.00428
0.0828889 -3.00456
0.08295 -3.00482
0.08295 -3.00482
0.0830125 -3.00511
0.083075 -3.00542
0.0831375 -3.00575
0.0832 -3.0061
0.0832 -3.0061
0.0832595 -5.55439
0.0833253 -5.55249
0.0833982 -5.55039
0.0834789 -5.54807
0.0835683 -5.5455
0.0836672 -5.54265
0.0837767 -5.5395
0.083898 -5.53601
0.0840323 -5.53215
0.0841809 -5.52787
0.0843455 -5.52313
0.0845277 -5.51789
0.0847294 -5.51208
0.0849527 -5.50565
0.0852 -1.29854
0.0852 -1.29854
0.0854427 -1.29533
0.0856984 -1.29194
0.0859678 -1.28838
0.0862516 -1.28462
0.0865506 -1.28066
0.0868656 -1.27649
0.0871976 -1.2721
0.0875473 -1.26747
0.0879157 -1.26259
0.0883039 -1.25746
0.0887128 -1.25204
0.0891437 -1.24634
0.0895977 -1.24033
0.0900759 -1.234
0.0905798 -1.22733
0.0911107 -1.2203
0.0916701 -1.2129
0.0922594 -1.2051
0.0928802 -1.19688
0.0935344 -1.18823
0.0942235 -1.1791
0.0949496 -1.16949
0.0957146 -1.15937
0.0965206 -1.1487
0.0973697 -1.13746
0.0982644 -1.12562
0.0992069 -1.11314
0.1002 -1.1
0.1002 0
0.101255 0
0.102979 0
0.105793 0
0.110391 0
0.117901 0
0.130166 0
0.1502 0
