Probe avg_n vs gate bias
121 2 2
gate bias
Probe avg_n
-3 3.81588e+013
-2.95 8.23046e+013
-2.9 2.38472e+014
-2.85 6.22984e+014
-2.8 1.3224e+015
-2.75 2.36869e+015
-2.7 3.76002e+015
-2.65 5.48047e+015
-2.6 7.50946e+015
-2.55 9.82551e+015
-2.5 1.24077e+016
-2.45 1.52365e+016
-2.4 1.82935e+016
-2.35 2.15624e+016
-2.3 2.50292e+016
-2.25 2.86851e+016
-2.2 3.25306e+016
-2.15 3.65805e+016
-2.1 4.08587e+016
-2.05 4.53871e+016
-2 5.01794e+016
-1.95 5.52398e+016
-1.9 6.05665e+016
-1.85 6.61529e+016
-1.8 7.19899e+016
-1.75 7.80676e+016
-1.7 8.43752e+016
-1.65 9.09024e+016
-1.6 9.76397e+016
-1.55 1.04578e+017
-1.5 1.1171e+017
-1.45 1.19028e+017
-1.4 1.26528e+017
-1.35 1.34204e+017
-1.3 1.42055e+017
-1.25 1.50077e+017
-1.2 1.58269e+017
-1.15 1.66634e+017
-1.1 1.7517e+017
-1.05 1.83882e+017
-1 1.92773e+017
-0.95 2.01846e+017
-0.9 2.11106e+017
-0.85 2.20557e+017
-0.8 2.30205e+017
-0.75 2.40052e+017
-0.7 2.50105e+017
-0.65 2.60371e+017
-0.6 2.70859e+017
-0.55 2.81584e+017
-0.5 2.92565e+017
-0.45 3.03827e+017
-0.4 3.15403e+017
-0.35 3.2733e+017
-0.3 3.39655e+017
-0.25 3.52436e+017
-0.2 3.65742e+017
-0.15 3.79665e+017
-0.1 3.94318e+017
-0.05 4.09849e+017
0 4.26439e+017
0.05 4.44307e+017
0.1 4.63708e+017
0.15 4.84915e+017
0.2 5.08196e+017
0.25 5.33787e+017
0.3 5.61865e+017
0.35 5.92528e+017
0.4 6.25796e+017
0.45 6.61612e+017
0.5 6.9986e+017
0.55 7.40383e+017
0.6 7.82994e+017
0.65 8.275e+017
0.7 8.73705e+017
0.75 9.21428e+017
0.8 9.705e+017
0.85 1.02077e+018
0.9 1.07211e+018
0.95 1.12439e+018
1 1.17751e+018
1.05 1.23138e+018
1.1 1.28592e+018
1.15 1.34104e+018
1.2 1.39668e+018
1.25 1.4528e+018
1.3 1.50932e+018
1.35 1.56622e+018
1.4 1.62345e+018
1.45 1.68098e+018
1.5 1.73877e+018
1.55 1.7968e+018
1.6 1.85505e+018
1.65 1.91349e+018
1.7 1.97211e+018
1.75 2.03089e+018
1.8 2.08981e+018
1.85 2.14886e+018
1.9 2.20803e+018
1.95 2.26731e+018
2 2.32668e+018
2.05 2.38614e+018
2.1 2.44569e+018
2.15 2.5053e+018
2.2 2.56499e+018
2.25 2.62473e+018
2.3 2.68453e+018
2.35 2.74438e+018
2.4 2.80427e+018
2.45 2.86421e+018
2.5 2.92419e+018
2.55 2.98419e+018
2.6 3.04423e+018
2.65 3.1043e+018
2.7 3.16439e+018
2.75 3.22451e+018
2.8 3.28464e+018
2.85 3.34479e+018
2.9 3.40496e+018
2.95 3.46514e+018
3 3.52534e+018
