Conduction Band Energy vs Depth
144 2 2
Depth
Conduction Band Energy
0 0.033557
0.000999473 0.0335574
0.00196919 0.0335583
0.00291003 0.0335598
0.00382286 0.0335621
0.00470851 0.033565
0.0055678 0.0335688
0.0064015 0.0335736
0.00721037 0.0335794
0.00799517 0.0335866
0.00875659 0.0335951
0.00949535 0.0336054
0.0102121 0.0336176
0.0109075 0.0336319
0.0115822 0.0336486
0.0122369 0.0336682
0.012872 0.0336907
0.0134882 0.0337167
0.0140861 0.0337465
0.0146662 0.0337804
0.015229 0.0338189
0.015775 0.0338623
0.0163048 0.0339111
0.0168189 0.0339657
0.0173176 0.0340264
0.0178014 0.0340938
0.0182709 0.0341683
0.0187264 0.0342502
0.0191683 0.03434
0.0195971 0.034438
0.020013 0.0345448
0.0204167 0.0346605
0.0208083 0.0347855
0.0211882 0.0349202
0.0215568 0.0350649
0.0219145 0.0352197
0.0222615 0.0353849
0.0225981 0.0355607
0.0229248 0.0357472
0.0232417 0.0359446
0.0235492 0.0361528
0.0238475 0.036372
0.0241369 0.0366022
0.0244178 0.0368432
0.0246902 0.037095
0.0249546 0.0373574
0.0252111 0.0376304
0.0254599 0.0379137
0.0257013 0.038207
0.0259356 0.0385102
0.0261629 0.0388228
0.0263834 0.0391447
0.0265973 0.0394753
0.0268049 0.0398145
0.0270063 0.0401616
0.0272017 0.0405165
0.0273913 0.0408785
0.0275752 0.0412473
0.0277536 0.0416224
0.0279268 0.0420033
0.0280948 0.0423896
0.0282578 0.0427808
0.0284159 0.0431763
0.0285693 0.0435758
0.0287182 0.0439787
0.0288626 0.0443846
0.0290027 0.0447929
0.0291387 0.0452033
0.0292706 0.0456152
0.0293986 0.0460283
0.0295227 0.046442
0.0296432 0.046856
0.0297601 0.0472698
0.0298735 0.047683
0.0299835 0.0480953
0.0300903 0.0485063
0.0301939 0.0489157
0.0302943 0.049323
0.0303918 0.049728
0.0304864 0.0501304
0.0305782 0.0505299
0.0306673 0.0509262
0.0307537 0.0513191
0.0308375 0.0517083
0.0309188 0.0520936
0.0309977 0.0524747
0.0310743 0.0528516
0.0311485 0.053224
0.0312206 0.0535918
0.0312905 0.0539548
0.0313584 0.0543128
0.0314242 0.0546659
0.031488 0.0550137
0.03155 0.0553564
0.03155 0.0553564
0.0316125 0.055688
0.031675 0.0560056
0.0317375 0.0563093
0.0318 0.0565992
0.0318 0.0565992
0.0318595 3.45122
0.0319253 3.45381
0.0319982 3.45669
0.0320789 3.45988
0.0321683 3.4634
0.0322672 3.46731
0.0323767 3.47163
0.032498 3.47641
0.0326323 3.48171
0.0327809 3.48758
0.0329455 3.49407
0.0331277 3.50126
0.0333294 3.50922
0.0335527 3.51803
0.0338 3.52779
0.0338 3.52779
0.0340427 3.53219
0.0342984 3.53683
0.0345678 3.54172
0.0348516 3.54687
0.0351506 3.5523
0.0354656 3.55802
0.0357976 3.56404
0.0361473 3.57039
0.0365157 3.57707
0.0369039 3.58412
0.0373128 3.59154
0.0377437 3.59936
0.0381977 3.6076
0.0386759 3.61628
0.0391798 3.62542
0.0397107 3.63505
0.0402701 3.6452
0.0408594 3.6559
0.0414802 3.66717
0.0421344 3.67904
0.0428235 3.69154
0.0435496 3.70472
0.0443146 3.7186
0.0451206 3.73323
0.0459697 3.74864
0.0468644 3.76487
0.0478069 3.78198
0.0488 3.8
