Conduction Band Energy vs Depth
144 2 2
Depth
Conduction Band Energy
0 -0.309641
0.000999473 -0.309643
0.00196919 -0.309649
0.00291003 -0.309659
0.00382286 -0.309674
0.00470851 -0.309694
0.0055678 -0.309719
0.0064015 -0.30975
0.00721037 -0.309789
0.00799517 -0.309836
0.00875659 -0.309893
0.00949535 -0.309961
0.0102121 -0.310041
0.0109075 -0.310136
0.0115822 -0.310247
0.0122369 -0.310377
0.012872 -0.310527
0.0134882 -0.3107
0.0140861 -0.310898
0.0146662 -0.311125
0.015229 -0.311382
0.015775 -0.311673
0.0163048 -0.312
0.0168189 -0.312368
0.0173176 -0.312778
0.0178014 -0.313234
0.0182709 -0.31374
0.0187264 -0.314299
0.0191683 -0.314914
0.0195971 -0.315588
0.020013 -0.316326
0.0204167 -0.317131
0.0208083 -0.318006
0.0211882 -0.318955
0.0215568 -0.319981
0.0219145 -0.321088
0.0222615 -0.322279
0.0225981 -0.323558
0.0229248 -0.324928
0.0232417 -0.326392
0.0235492 -0.327954
0.0238475 -0.329617
0.0241369 -0.331385
0.0244178 -0.333262
0.0246902 -0.335249
0.0249546 -0.337352
0.0252111 -0.339572
0.0254599 -0.341915
0.0257013 -0.344383
0.0259356 -0.346981
0.0261629 -0.349711
0.0263834 -0.352578
0.0265973 -0.355586
0.0268049 -0.358739
0.0270063 -0.362041
0.0272017 -0.365496
0.0273913 -0.36911
0.0275752 -0.372887
0.0277536 -0.376831
0.0279268 -0.380948
0.0280948 -0.385243
0.0282578 -0.389721
0.0284159 -0.394388
0.0285693 -0.399249
0.0287182 -0.404308
0.0288626 -0.409573
0.0290027 -0.415047
0.0291387 -0.420737
0.0292706 -0.426646
0.0293986 -0.432781
0.0295227 -0.439145
0.0296432 -0.445743
0.0297601 -0.452578
0.0298735 -0.459654
0.0299835 -0.466975
0.0300903 -0.474543
0.0301939 -0.482359
0.0302943 -0.490426
0.0303918 -0.498745
0.0304864 -0.507315
0.0305782 -0.516138
0.0306673 -0.525213
0.0307537 -0.534538
0.0308375 -0.544111
0.0309188 -0.55393
0.0309977 -0.563993
0.0310743 -0.574294
0.0311485 -0.584831
0.0312206 -0.595599
0.0312905 -0.606592
0.0313584 -0.617804
0.0314242 -0.62923
0.031488 -0.640862
0.03155 -0.652693
0.03155 -0.652693
0.0316125 -0.665223
0.031675 -0.678386
0.0317375 -0.692219
0.0318 -0.706763
0.0318 -0.706763
0.0318595 2.67291
0.0319253 2.65895
0.0319982 2.64351
0.0320789 2.6264
0.0321683 2.60747
0.0322672 2.58651
0.0323767 2.5633
0.032498 2.5376
0.0326323 2.50915
0.0327809 2.47766
0.0329455 2.44279
0.0331277 2.40418
0.0333294 2.36144
0.0335527 2.31411
0.0338 2.26172
0.0338 2.26172
0.0340427 2.23807
0.0342984 2.21315
0.0345678 2.1869
0.0348516 2.15924
0.0351506 2.1301
0.0354656 2.0994
0.0357976 2.06706
0.0361473 2.03298
0.0365157 1.99708
0.0369039 1.95925
0.0373128 1.9194
0.0377437 1.87741
0.0381977 1.83317
0.0386759 1.78657
0.0391798 1.73746
0.0397107 1.68573
0.0402701 1.63122
0.0408594 1.5738
0.0414802 1.51329
0.0421344 1.44955
0.0428235 1.38239
0.0435496 1.31164
0.0443146 1.23709
0.0451206 1.15855
0.0459697 1.0758
0.0468644 0.988622
0.0478069 0.896771
0.0488 0.8
