Probe chan_mob vs gate bias
121 2 2
gate bias
Probe chan_mob
-3 82.4906
-2.95 82.4906
-2.9 82.4906
-2.85 82.4906
-2.8 82.4906
-2.75 82.4906
-2.7 82.4906
-2.65 82.4906
-2.6 82.4906
-2.55 82.4906
-2.5 82.4906
-2.45 82.4906
-2.4 82.4906
-2.35 82.4906
-2.3 82.4906
-2.25 82.4906
-2.2 82.4906
-2.15 82.4906
-2.1 82.4906
-2.05 82.4906
-2 82.4906
-1.95 82.4906
-1.9 82.4906
-1.85 82.4906
-1.8 82.4906
-1.75 82.4906
-1.7 82.4906
-1.65 82.4906
-1.6 82.4906
-1.55 82.4906
-1.5 82.4906
-1.45 82.4906
-1.4 82.4906
-1.35 82.4906
-1.3 82.4906
-1.25 82.4906
-1.2 82.4906
-1.15 82.4906
-1.1 82.4906
-1.05 82.4906
-1 82.4906
-0.95 82.4906
-0.9 82.4906
-0.85 82.4906
-0.8 82.4906
-0.75 82.4906
-0.7 82.4906
-0.65 82.4906
-0.6 82.4906
-0.55 82.4906
-0.5 82.4906
-0.45 82.4906
-0.4 82.4906
-0.35 82.4906
-0.3 82.4906
-0.25 82.4906
-0.2 82.4906
-0.15 82.4906
-0.1 82.4906
-0.05 82.4906
0 82.4906
0.05 82.4906
0.1 82.4906
0.15 82.4906
0.2 82.4906
0.25 82.4906
0.3 82.4906
0.35 82.4906
0.4 82.4906
0.45 82.4906
0.5 82.4906
0.55 82.4906
0.6 82.4906
0.65 82.4906
0.7 82.4906
0.75 82.4906
0.8 82.4906
0.85 82.4906
0.9 82.4906
0.95 82.4906
1 82.4906
1.05 82.4906
1.1 82.4906
1.15 82.4906
1.2 82.4906
1.25 82.4906
1.3 82.4906
1.35 82.4906
1.4 82.4906
1.45 82.4906
1.5 82.4906
1.55 82.4906
1.6 82.4906
1.65 82.4906
1.7 82.4906
1.75 82.4906
1.8 82.4906
1.85 82.4906
1.9 82.4906
1.95 82.4906
2 82.4906
2.05 82.4906
2.1 82.4906
2.15 82.4906
2.2 82.4906
2.25 82.4906
2.3 82.4906
2.35 82.4906
2.4 82.4906
2.45 82.4906
2.5 82.4906
2.55 82.4906
2.6 82.4906
2.65 82.4906
2.7 82.4906
2.75 82.4906
2.8 82.4906
2.85 82.4906
2.9 82.4906
2.95 82.4906
3 82.4906
