Probe chan_n vs gate bias
121 2 2
gate bias
Probe chan_n
-3 2.51129e+006
-2.95 1.41603e+007
-2.9 6.48185e+007
-2.85 2.32126e+008
-2.8 6.78178e+008
-2.75 1.71656e+009
-2.7 3.93804e+009
-2.65 8.42958e+009
-2.6 1.71467e+010
-2.55 3.35372e+010
-2.5 6.35716e+010
-2.45 1.17422e+011
-2.4 2.12161e+011
-2.35 3.76062e+011
-2.3 6.55393e+011
-2.25 1.1253e+012
-2.2 1.90784e+012
-2.15 3.20283e+012
-2.1 5.33946e+012
-2.05 8.85886e+012
-2 1.46448e+013
-1.95 2.41293e+013
-1.9 3.96125e+013
-1.85 6.47515e+013
-1.8 1.05294e+014
-1.75 1.70156e+014
-1.7 2.72964e+014
-1.65 4.3421e+014
-1.6 6.84155e+014
-1.55 1.0666e+015
-1.5 1.64358e+015
-1.45 2.50084e+015
-1.4 3.75384e+015
-1.35 5.55353e+015
-1.3 8.09103e+015
-1.25 1.15997e+016
-1.2 1.63534e+016
-1.15 2.26583e+016
-1.1 3.0839e+016
-1.05 4.1217e+016
-1 5.40825e+016
-0.95 6.96641e+016
-0.9 8.80974e+016
-0.85 1.09398e+017
-0.8 1.33447e+017
-0.75 1.5998e+017
-0.7 1.88603e+017
-0.65 2.18807e+017
-0.6 2.50009e+017
-0.55 2.81586e+017
-0.5 3.12936e+017
-0.45 3.43511e+017
-0.4 3.72864e+017
-0.35 4.00657e+017
-0.3 4.26658e+017
-0.25 4.50722e+017
-0.2 4.72771e+017
-0.15 4.92772e+017
-0.1 5.10733e+017
-0.05 5.26697e+017
0 5.40747e+017
0.05 5.52998e+017
0.1 5.63595e+017
0.15 5.72703e+017
0.2 5.80494e+017
0.25 5.87138e+017
0.3 5.92798e+017
0.35 5.97617e+017
0.4 6.01724e+017
0.45 6.05232e+017
0.5 6.08239e+017
0.55 6.10835e+017
0.6 6.13097e+017
0.65 6.1509e+017
0.7 6.16866e+017
0.75 6.18467e+017
0.8 6.19926e+017
0.85 6.21268e+017
0.9 6.22513e+017
0.95 6.23676e+017
1 6.24769e+017
1.05 6.258e+017
1.1 6.26778e+017
1.15 6.27707e+017
1.2 6.28595e+017
1.25 6.29443e+017
1.3 6.30256e+017
1.35 6.31037e+017
1.4 6.31789e+017
1.45 6.32513e+017
1.5 6.33212e+017
1.55 6.33888e+017
1.6 6.34541e+017
1.65 6.35175e+017
1.7 6.35789e+017
1.75 6.36385e+017
1.8 6.36964e+017
1.85 6.37528e+017
1.9 6.38076e+017
1.95 6.3861e+017
2 6.39131e+017
2.05 6.39639e+017
2.1 6.40135e+017
2.15 6.40619e+017
2.2 6.41092e+017
2.25 6.41555e+017
2.3 6.42008e+017
2.35 6.42451e+017
2.4 6.42885e+017
2.45 6.4331e+017
2.5 6.43727e+017
2.55 6.44136e+017
2.6 6.44537e+017
2.65 6.4493e+017
2.7 6.45317e+017
2.75 6.45696e+017
2.8 6.46069e+017
2.85 6.46435e+017
2.9 6.46795e+017
2.95 6.47149e+017
3 6.47498e+017
