source current vs gate bias
121 2 2
gate bias
source current
-3 -1.14442e-012
-2.95 -6.4581e-012
-2.9 -2.94275e-011
-2.85 -1.01765e-010
-2.8 -2.7286e-010
-2.75 -6.0071e-010
-2.7 -1.14442e-009
-2.65 -1.9607e-009
-2.6 -3.10253e-009
-2.55 -4.61886e-009
-2.5 -6.55461e-009
-2.45 -8.95081e-009
-2.4 -1.18447e-008
-2.35 -1.52699e-008
-2.3 -1.92559e-008
-2.25 -2.38258e-008
-2.2 -2.89914e-008
-2.15 -3.47454e-008
-2.1 -4.1061e-008
-2.05 -4.79e-008
-2 -5.52213e-008
-1.95 -6.29847e-008
-1.9 -7.1153e-008
-1.85 -7.96919e-008
-1.8 -8.85703e-008
-1.75 -9.77604e-008
-1.7 -1.07238e-007
-1.65 -1.1698e-007
-1.6 -1.26969e-007
-1.55 -1.37188e-007
-1.5 -1.47622e-007
-1.45 -1.58262e-007
-1.4 -1.69096e-007
-1.35 -1.80118e-007
-1.3 -1.91322e-007
-1.25 -2.02703e-007
-1.2 -2.14261e-007
-1.15 -2.25995e-007
-1.1 -2.37904e-007
-1.05 -2.49992e-007
-1 -2.62262e-007
-0.95 -2.74717e-007
-0.9 -2.87364e-007
-0.85 -3.00206e-007
-0.8 -3.1325e-007
-0.75 -3.26501e-007
-0.7 -3.39963e-007
-0.65 -3.53645e-007
-0.6 -3.67557e-007
-0.55 -3.81712e-007
-0.5 -3.96128e-007
-0.45 -4.10831e-007
-0.4 -4.2585e-007
-0.35 -4.41223e-007
-0.3 -4.56996e-007
-0.25 -4.73226e-007
-0.2 -4.89984e-007
-0.15 -5.07364e-007
-0.1 -5.25484e-007
-0.05 -5.44498e-007
0 -5.64599e-007
0.05 -5.86025e-007
0.1 -6.09053e-007
0.15 -6.33993e-007
0.2 -6.61162e-007
0.25 -6.90864e-007
0.3 -7.23361e-007
0.35 -7.58859e-007
0.4 -7.97495e-007
0.45 -8.39338e-007
0.5 -8.84385e-007
0.55 -9.32561e-007
0.6 -9.83715e-007
0.65 -1.03762e-006
0.7 -1.09396e-006
0.75 -1.15238e-006
0.8 -1.21243e-006
0.85 -1.27369e-006
0.9 -1.33575e-006
0.95 -1.39822e-006
1 -1.46081e-006
1.05 -1.52327e-006
1.1 -1.58539e-006
1.15 -1.64704e-006
1.2 -1.7081e-006
1.25 -1.76848e-006
1.3 -1.82811e-006
1.35 -1.88696e-006
1.4 -1.94499e-006
1.45 -2.00216e-006
1.5 -2.05848e-006
1.55 -2.11393e-006
1.6 -2.1685e-006
1.65 -2.2222e-006
1.7 -2.27503e-006
1.75 -2.327e-006
1.8 -2.37811e-006
1.85 -2.42838e-006
1.9 -2.47782e-006
1.95 -2.52643e-006
2 -2.57424e-006
2.05 -2.62125e-006
2.1 -2.66748e-006
2.15 -2.71295e-006
2.2 -2.75766e-006
2.25 -2.80163e-006
2.3 -2.84488e-006
2.35 -2.88742e-006
2.4 -2.92927e-006
2.45 -2.97043e-006
2.5 -3.01093e-006
2.55 -3.05077e-006
2.6 -3.08998e-006
2.65 -3.12855e-006
2.7 -3.16652e-006
2.75 -3.20388e-006
2.8 -3.24066e-006
2.85 -3.27686e-006
2.9 -3.31249e-006
2.95 -3.34758e-006
3 -3.38212e-006
