Electron Conc vs Depth
144 2 2
Depth
Electron Conc
0 5.99474e+017
0.000999473 5.99468e+017
0.00196919 5.99448e+017
0.00291003 5.99415e+017
0.00382286 5.99367e+017
0.00470851 5.99304e+017
0.0055678 5.99223e+017
0.0064015 5.99122e+017
0.00721037 5.98997e+017
0.00799517 5.98845e+017
0.00875659 5.98663e+017
0.00949535 5.98444e+017
0.0102121 5.98186e+017
0.0109075 5.97881e+017
0.0115822 5.97525e+017
0.0122369 5.9711e+017
0.012872 5.9663e+017
0.0134882 5.96079e+017
0.0140861 5.95448e+017
0.0146662 5.9473e+017
0.015229 5.93916e+017
0.015775 5.92999e+017
0.0163048 5.9197e+017
0.0168189 5.90822e+017
0.0173176 5.89545e+017
0.0178014 5.88132e+017
0.0182709 5.86574e+017
0.0187264 5.84865e+017
0.0191683 5.82996e+017
0.0195971 5.80962e+017
0.020013 5.78756e+017
0.0204167 5.76373e+017
0.0208083 5.73807e+017
0.0211882 5.71055e+017
0.0215568 5.68114e+017
0.0219145 5.64981e+017
0.0222615 5.61655e+017
0.0225981 5.58137e+017
0.0229248 5.54426e+017
0.0232417 5.50524e+017
0.0235492 5.46434e+017
0.0238475 5.4216e+017
0.0241369 5.37706e+017
0.0244178 5.33078e+017
0.0246902 5.28282e+017
0.0249546 5.23326e+017
0.0252111 5.18217e+017
0.0254599 5.12964e+017
0.0257013 5.07577e+017
0.0259356 5.02066e+017
0.0261629 4.9644e+017
0.0263834 4.9071e+017
0.0265973 4.84887e+017
0.0268049 4.78982e+017
0.0270063 4.73007e+017
0.0272017 4.66973e+017
0.0273913 4.6089e+017
0.0275752 4.5477e+017
0.0277536 4.48623e+017
0.0279268 4.42461e+017
0.0280948 4.36293e+017
0.0282578 4.3013e+017
0.0284159 4.23981e+017
0.0285693 4.17855e+017
0.0287182 4.11762e+017
0.0288626 4.05708e+017
0.0290027 3.99702e+017
0.0291387 3.93751e+017
0.0292706 3.87862e+017
0.0293986 3.82041e+017
0.0295227 3.76293e+017
0.0296432 3.70624e+017
0.0297601 3.65038e+017
0.0298735 3.59539e+017
0.0299835 3.54131e+017
0.0300903 3.48818e+017
0.0301939 3.43602e+017
0.0302943 3.38484e+017
0.0303918 3.33468e+017
0.0304864 3.28555e+017
0.0305782 3.23745e+017
0.0306673 3.19041e+017
0.0307537 3.14441e+017
0.0308375 3.09948e+017
0.0309188 3.0556e+017
0.0309977 3.01277e+017
0.0310743 2.97099e+017
0.0311485 2.93025e+017
0.0312206 2.89055e+017
0.0312905 2.85187e+017
0.0313584 2.8142e+017
0.0314242 2.77753e+017
0.031488 2.74184e+017
0.03155 2.70712e+017
0.03155 2.70712e+017
0.0316125 2.67392e+017
0.031675 2.64249e+017
0.0317375 2.61277e+017
0.0318 2.58471e+017
0.0318 0
0.0318595 0
0.0319253 0
0.0319982 0
0.0320789 0
0.0321683 0
0.0322672 0
0.0323767 0
0.032498 0
0.0326323 0
0.0327809 0
0.0329455 0
0.0331277 0
0.0333294 0
0.0335527 0
0.0338 0
0.0338 0
0.0340427 0
0.0342984 0
0.0345678 0
0.0348516 0
0.0351506 0
0.0354656 0
0.0357976 0
0.0361473 0
0.0365157 0
0.0369039 0
0.0373128 0
0.0377437 0
0.0381977 0
0.0386759 0
0.0391798 0
0.0397107 0
0.0402701 0
0.0408594 0
0.0414802 0
0.0421344 0
0.0428235 0
0.0435496 0
0.0443146 0
0.0451206 0
0.0459697 0
0.0468644 0
0.0478069 0
0.0488 0
