Electron Conc vs Depth
144 2 2
Depth
Electron Conc
0 6.00852e+017
0.000999473 6.00897e+017
0.00196919 6.01029e+017
0.00291003 6.01249e+017
0.00382286 6.01564e+017
0.00470851 6.01983e+017
0.0055678 6.0252e+017
0.0064015 6.03194e+017
0.00721037 6.04025e+017
0.00799517 6.05037e+017
0.00875659 6.06259e+017
0.00949535 6.07722e+017
0.0102121 6.09463e+017
0.0109075 6.11521e+017
0.0115822 6.13941e+017
0.0122369 6.1677e+017
0.012872 6.20063e+017
0.0134882 6.23878e+017
0.0140861 6.2828e+017
0.0146662 6.33337e+017
0.015229 6.39127e+017
0.015775 6.45734e+017
0.0163048 6.53247e+017
0.0168189 6.61766e+017
0.0173176 6.71401e+017
0.0178014 6.82271e+017
0.0182709 6.94508e+017
0.0187264 7.08255e+017
0.0191683 7.23673e+017
0.0195971 7.40939e+017
0.020013 7.60248e+017
0.0204167 7.8182e+017
0.0208083 8.05897e+017
0.0211882 8.32753e+017
0.0215568 8.62691e+017
0.0219145 8.96054e+017
0.0222615 9.33226e+017
0.0225981 9.74641e+017
0.0229248 1.02078e+018
0.0232417 1.07221e+018
0.0235492 1.12952e+018
0.0238475 1.19344e+018
0.0241369 1.26474e+018
0.0244178 1.3443e+018
0.0246902 1.43314e+018
0.0249546 1.53236e+018
0.0252111 1.64322e+018
0.0254599 1.76713e+018
0.0257013 1.90566e+018
0.0259356 2.06054e+018
0.0261629 2.23371e+018
0.0263834 2.42727e+018
0.0265973 2.64355e+018
0.0268049 2.88508e+018
0.0270063 3.1546e+018
0.0272017 3.45504e+018
0.0273913 3.78953e+018
0.0275752 4.16142e+018
0.0277536 4.57418e+018
0.0279268 5.03149e+018
0.0280948 5.53712e+018
0.0282578 6.09498e+018
0.0284159 6.70908e+018
0.0285693 7.38347e+018
0.0287182 8.1223e+018
0.0288626 8.92973e+018
0.0290027 9.80994e+018
0.0291387 1.07672e+019
0.0292706 1.18056e+019
0.0293986 1.29294e+019
0.0295227 1.41428e+019
0.0296432 1.54501e+019
0.0297601 1.68552e+019
0.0298735 1.83624e+019
0.0299835 1.99758e+019
0.0300903 2.16993e+019
0.0301939 2.35369e+019
0.0302943 2.54925e+019
0.0303918 2.75698e+019
0.0304864 2.97726e+019
0.0305782 3.21042e+019
0.0306673 3.45682e+019
0.0307537 3.71677e+019
0.0308375 3.99056e+019
0.0309188 4.27847e+019
0.0309977 4.58077e+019
0.0310743 4.89766e+019
0.0311485 5.22937e+019
0.0312206 5.57604e+019
0.0312905 5.93784e+019
0.0313584 6.31485e+019
0.0314242 6.70717e+019
0.031488 7.11481e+019
0.03155 7.5378e+019
0.03155 7.5378e+019
0.0316125 7.9948e+019
0.031675 8.48465e+019
0.0317375 9.01003e+019
0.0318 9.57382e+019
0.0318 0
0.0318595 0
0.0319253 0
0.0319982 0
0.0320789 0
0.0321683 0
0.0322672 0
0.0323767 0
0.032498 0
0.0326323 0
0.0327809 0
0.0329455 0
0.0331277 0
0.0333294 0
0.0335527 0
0.0338 0
0.0338 0
0.0340427 0
0.0342984 0
0.0345678 0
0.0348516 0
0.0351506 0
0.0354656 0
0.0357976 0
0.0361473 0
0.0365157 0
0.0369039 0
0.0373128 0
0.0377437 0
0.0381977 0
0.0386759 0
0.0391798 0
0.0397107 0
0.0402701 0
0.0408594 0
0.0414802 0
0.0421344 0
0.0428235 0
0.0435496 0
0.0443146 0
0.0451206 0
0.0459697 0
0.0468644 0
0.0478069 0
0.0488 0
