Electron QFL vs Depth
144 2 2
Depth
Electron QFL
0 0
0.000999473 0
0.00196919 0
0.00291003 0
0.00382286 0
0.00470851 0
0.0055678 0
0.0064015 0
0.00721037 0
0.00799517 0
0.00875659 0
0.00949535 0
0.0102121 0
0.0109075 0
0.0115822 0
0.0122369 0
0.012872 0
0.0134882 0
0.0140861 0
0.0146662 0
0.015229 0
0.015775 0
0.0163048 0
0.0168189 0
0.0173176 0
0.0178014 0
0.0182709 0
0.0187264 0
0.0191683 0
0.0195971 0
0.020013 0
0.0204167 0
0.0208083 0
0.0211882 0
0.0215568 0
0.0219145 0
0.0222615 0
0.0225981 0
0.0229248 0
0.0232417 0
0.0235492 0
0.0238475 0
0.0241369 0
0.0244178 0
0.0246902 0
0.0249546 0
0.0252111 0
0.0254599 0
0.0257013 0
0.0259356 0
0.0261629 0
0.0263834 0
0.0265973 0
0.0268049 0
0.0270063 0
0.0272017 0
0.0273913 0
0.0275752 0
0.0277536 0
0.0279268 0
0.0280948 0
0.0282578 0
0.0284159 0
0.0285693 0
0.0287182 0
0.0288626 0
0.0290027 0
0.0291387 0
0.0292706 0
0.0293986 0
0.0295227 0
0.0296432 0
0.0297601 0
0.0298735 0
0.0299835 0
0.0300903 0
0.0301939 0
0.0302943 0
0.0303918 0
0.0304864 0
0.0305782 0
0.0306673 0
0.0307537 0
0.0308375 0
0.0309188 0
0.0309977 0
0.0310743 0
0.0311485 0
0.0312206 0
0.0312905 0
0.0313584 0
0.0314242 0
0.031488 0
0.03155 0
0.03155 0
0.0316125 0
0.031675 0
0.0317375 0
0.0318 0
0.0318 0
0.0318595 0
0.0319253 0
0.0319982 0
0.0320789 0
0.0321683 0
0.0322672 0
0.0323767 0
0.032498 0
0.0326323 0
0.0327809 0
0.0329455 0
0.0331277 0
0.0333294 0
0.0335527 0
0.0338 0
0.0338 0
0.0340427 0
0.0342984 0
0.0345678 0
0.0348516 0
0.0351506 0
0.0354656 0
0.0357976 0
0.0361473 0
0.0365157 0
0.0369039 0
0.0373128 0
0.0377437 0
0.0381977 0
0.0386759 0
0.0391798 0
0.0397107 0
0.0402701 0
0.0408594 0
0.0414802 0
0.0421344 0
0.0428235 0
0.0435496 0
0.0443146 0
0.0451206 0
0.0459697 0
0.0468644 0
0.0478069 0
0.0488 0
