Valence Band Energy vs Depth
144 2 2
Depth
Valence Band Energy
0 -3.02417
0.000999473 -3.02417
0.00196919 -3.02417
0.00291003 -3.02417
0.00382286 -3.02417
0.00470851 -3.02416
0.0055678 -3.02416
0.0064015 -3.02416
0.00721037 -3.02415
0.00799517 -3.02414
0.00875659 -3.02413
0.00949535 -3.02412
0.0102121 -3.02411
0.0109075 -3.0241
0.0115822 -3.02408
0.0122369 -3.02406
0.012872 -3.02404
0.0134882 -3.02401
0.0140861 -3.02398
0.0146662 -3.02395
0.015229 -3.02391
0.015775 -3.02387
0.0163048 -3.02382
0.0168189 -3.02376
0.0173176 -3.0237
0.0178014 -3.02364
0.0182709 -3.02356
0.0187264 -3.02348
0.0191683 -3.02339
0.0195971 -3.02329
0.020013 -3.02319
0.0204167 -3.02307
0.0208083 -3.02294
0.0211882 -3.02281
0.0215568 -3.02267
0.0219145 -3.02251
0.0222615 -3.02235
0.0225981 -3.02217
0.0229248 -3.02198
0.0232417 -3.02179
0.0235492 -3.02158
0.0238475 -3.02136
0.0241369 -3.02113
0.0244178 -3.02089
0.0246902 -3.02064
0.0249546 -3.02037
0.0252111 -3.0201
0.0254599 -3.01982
0.0257013 -3.01952
0.0259356 -3.01922
0.0261629 -3.01891
0.0263834 -3.01859
0.0265973 -3.01825
0.0268049 -3.01792
0.0270063 -3.01757
0.0272017 -3.01721
0.0273913 -3.01685
0.0275752 -3.01648
0.0277536 -3.01611
0.0279268 -3.01573
0.0280948 -3.01534
0.0282578 -3.01495
0.0284159 -3.01455
0.0285693 -3.01415
0.0287182 -3.01375
0.0288626 -3.01335
0.0290027 -3.01294
0.0291387 -3.01253
0.0292706 -3.01211
0.0293986 -3.0117
0.0295227 -3.01129
0.0296432 -3.01087
0.0297601 -3.01046
0.0298735 -3.01005
0.0299835 -3.00963
0.0300903 -3.00922
0.0301939 -3.00881
0.0302943 -3.00841
0.0303918 -3.008
0.0304864 -3.0076
0.0305782 -3.0072
0.0306673 -3.0068
0.0307537 -3.00641
0.0308375 -3.00602
0.0309188 -3.00564
0.0309977 -3.00526
0.0310743 -3.00488
0.0311485 -3.00451
0.0312206 -3.00414
0.0312905 -3.00378
0.0313584 -3.00342
0.0314242 -3.00306
0.031488 -3.00272
0.03155 -3.00237
0.03155 -3.00237
0.0316125 -3.00204
0.031675 -3.00172
0.0317375 -3.00142
0.0318 -3.00113
0.0318 -3.00113
0.0318595 -5.54878
0.0319253 -5.54619
0.0319982 -5.54331
0.0320789 -5.54012
0.0321683 -5.5366
0.0322672 -5.53269
0.0323767 -5.52837
0.032498 -5.52359
0.0326323 -5.51829
0.0327809 -5.51242
0.0329455 -5.50593
0.0331277 -5.49874
0.0333294 -5.49078
0.0335527 -5.48197
0.0338 -5.47221
0.0338 -5.47221
0.0340427 -5.46781
0.0342984 -5.46317
0.0345678 -5.45828
0.0348516 -5.45313
0.0351506 -5.4477
0.0354656 -5.44198
0.0357976 -5.43596
0.0361473 -5.42961
0.0365157 -5.42293
0.0369039 -5.41588
0.0373128 -5.40846
0.0377437 -5.40064
0.0381977 -5.3924
0.0386759 -5.38372
0.0391798 -5.37458
0.0397107 -5.36495
0.0402701 -5.3548
0.0408594 -5.3441
0.0414802 -5.33283
0.0421344 -5.32096
0.0428235 -5.30846
0.0435496 -5.29528
0.0443146 -5.2814
0.0451206 -5.26677
0.0459697 -5.25136
0.0468644 -5.23513
0.0478069 -5.21802
0.0488 -5.2
