Valence Band Energy vs Depth
144 2 2
Depth
Valence Band Energy
0 -3.36737
0.000999473 -3.36737
0.00196919 -3.36738
0.00291003 -3.36739
0.00382286 -3.3674
0.00470851 -3.36742
0.0055678 -3.36745
0.0064015 -3.36748
0.00721037 -3.36752
0.00799517 -3.36757
0.00875659 -3.36762
0.00949535 -3.36769
0.0102121 -3.36777
0.0109075 -3.36787
0.0115822 -3.36798
0.0122369 -3.36811
0.012872 -3.36826
0.0134882 -3.36843
0.0140861 -3.36863
0.0146662 -3.36885
0.015229 -3.36911
0.015775 -3.3694
0.0163048 -3.36973
0.0168189 -3.3701
0.0173176 -3.37051
0.0178014 -3.37096
0.0182709 -3.37147
0.0187264 -3.37203
0.0191683 -3.37264
0.0195971 -3.37332
0.020013 -3.37406
0.0204167 -3.37486
0.0208083 -3.37574
0.0211882 -3.37669
0.0215568 -3.37771
0.0219145 -3.37882
0.0222615 -3.38001
0.0225981 -3.38129
0.0229248 -3.38266
0.0232417 -3.38412
0.0235492 -3.38568
0.0238475 -3.38735
0.0241369 -3.38912
0.0244178 -3.39099
0.0246902 -3.39298
0.0249546 -3.39508
0.0252111 -3.3973
0.0254599 -3.39965
0.0257013 -3.40211
0.0259356 -3.40471
0.0261629 -3.40744
0.0263834 -3.41031
0.0265973 -3.41332
0.0268049 -3.41647
0.0270063 -3.41977
0.0272017 -3.42323
0.0273913 -3.42684
0.0275752 -3.43062
0.0277536 -3.43456
0.0279268 -3.43868
0.0280948 -3.44297
0.0282578 -3.44745
0.0284159 -3.45212
0.0285693 -3.45698
0.0287182 -3.46204
0.0288626 -3.4673
0.0290027 -3.47278
0.0291387 -3.47847
0.0292706 -3.48438
0.0293986 -3.49051
0.0295227 -3.49687
0.0296432 -3.50347
0.0297601 -3.51031
0.0298735 -3.51738
0.0299835 -3.52471
0.0300903 -3.53227
0.0301939 -3.54009
0.0302943 -3.54816
0.0303918 -3.55647
0.0304864 -3.56505
0.0305782 -3.57387
0.0306673 -3.58294
0.0307537 -3.59227
0.0308375 -3.60184
0.0309188 -3.61166
0.0309977 -3.62172
0.0310743 -3.63202
0.0311485 -3.64256
0.0312206 -3.65333
0.0312905 -3.66432
0.0313584 -3.67553
0.0314242 -3.68696
0.031488 -3.69859
0.03155 -3.71042
0.03155 -3.71042
0.0316125 -3.72295
0.031675 -3.73612
0.0317375 -3.74995
0.0318 -3.76449
0.0318 -3.76449
0.0318595 -6.32709
0.0319253 -6.34105
0.0319982 -6.35649
0.0320789 -6.3736
0.0321683 -6.39253
0.0322672 -6.41349
0.0323767 -6.4367
0.032498 -6.4624
0.0326323 -6.49085
0.0327809 -6.52234
0.0329455 -6.55721
0.0331277 -6.59582
0.0333294 -6.63856
0.0335527 -6.68589
0.0338 -6.73828
0.0338 -6.73828
0.0340427 -6.76193
0.0342984 -6.78685
0.0345678 -6.8131
0.0348516 -6.84076
0.0351506 -6.8699
0.0354656 -6.9006
0.0357976 -6.93294
0.0361473 -6.96702
0.0365157 -7.00292
0.0369039 -7.04075
0.0373128 -7.0806
0.0377437 -7.12259
0.0381977 -7.16683
0.0386759 -7.21343
0.0391798 -7.26254
0.0397107 -7.31427
0.0402701 -7.36878
0.0408594 -7.4262
0.0414802 -7.48671
0.0421344 -7.55045
0.0428235 -7.61761
0.0435496 -7.68836
0.0443146 -7.76291
0.0451206 -7.84145
0.0459697 -7.9242
0.0468644 -8.01138
0.0478069 -8.10323
0.0488 -8.2
