v ATLAS
# This file was created by ATLAS version 5.28.1.R on Tue Sep 22 06:03:05 2026.
#SSF 2.0 generic
##############################################################################
#                    Copyright (c) 1984 - 2019                               #
#                    Silvaco Inc. All rights reserved                        #
#                                                                            #
# This file format and the following Key are copyright Silvaco Inc.          #
# You may not use, this format or key without reproducing this message in    #
# full and obtaining express written permission from Silvaco Inc.            #
#                                                                            #
# To obtain such permission please contact: Silvaco Inc.                     #
#                                           support@silvaco.com              #
#                                                                            #
# KEY=SVC86hn7562asdx                       PROD=345                         #
##############################################################################
p 4 74 76 75 205
d  3.403310e+000 5.597591e-017 1.644484e-253 5.597591e-017
d  3.385492e+000 8.739000e-017 2.140016e-250 8.739000e-017
d  3.367673e+000 1.364339e-016 2.672157e-247 1.364339e-016
d  3.349855e+000 2.130016e-016 3.201580e-244 2.130016e-016
d  3.332036e+000 3.325397e-016 3.680648e-241 3.325397e-016
d  3.314218e+000 5.191633e-016 4.060146e-238 5.191633e-016
d  3.296400e+000 8.105216e-016 4.297508e-235 8.105216e-016
d  3.278581e+000 1.265392e-015 4.364647e-232 1.265392e-015
d  3.260763e+000 1.975540e-015 4.253429e-229 1.975540e-015
d  3.242945e+000 3.084227e-015 3.977285e-226 3.084227e-015
d  3.225126e+000 4.815117e-015 3.568550e-223 4.815117e-015
d  3.207308e+000 7.517396e-015 3.072234e-220 7.517396e-015
d  3.189489e+000 1.173621e-014 2.537900e-217 1.173621e-014
d  3.171671e+000 1.832266e-014 2.011649e-214 1.832266e-014
d  3.153853e+000 2.860547e-014 1.529985e-211 2.860547e-014
d  3.136034e+000 4.465907e-014 1.116555e-208 4.465907e-014
d  3.118216e+000 6.972207e-014 7.818621e-206 6.972207e-014
d  3.100398e+000 1.088506e-013 5.253369e-203 1.088506e-013
d  3.082579e+000 1.699384e-013 3.386906e-200 1.699384e-013
d  3.064761e+000 2.653090e-013 2.095202e-197 2.653090e-013
d  3.046942e+000 4.142024e-013 1.243673e-194 4.142024e-013
d  3.029124e+000 6.466557e-013 7.083438e-192 6.466557e-013
d  3.011306e+000 1.009564e-012 3.871145e-189 1.009564e-012
d  2.993487e+000 1.576138e-012 2.029983e-186 1.576138e-012
d  2.975669e+000 2.460678e-012 1.021416e-183 2.460678e-012
d  2.957851e+000 3.841629e-012 4.931405e-181 3.841629e-012
d  2.940032e+000 5.997579e-012 2.284526e-178 5.997579e-012
d  2.922214e+000 9.363464e-012 1.015498e-175 9.363464e-012
d  2.904395e+000 1.461831e-011 4.331314e-173 1.461831e-011
d  2.886577e+000 2.282221e-011 1.772628e-170 2.282221e-011
d  2.868759e+000 3.563020e-011 6.961025e-168 3.563020e-011
d  2.850940e+000 5.562613e-011 2.622928e-165 5.562613e-011
d  2.833122e+000 8.684392e-011 9.483244e-163 8.684392e-011
d  2.815304e+000 1.355814e-010 3.289918e-160 1.355814e-010
d  2.797485e+000 2.116706e-010 1.095143e-157 2.116706e-010
d  2.779667e+000 3.304617e-010 3.497952e-155 3.304617e-010
d  2.761848e+000 5.159192e-010 1.072049e-152 5.159192e-010
d  2.744030e+000 8.054568e-010 3.152629e-150 8.054568e-010
d  2.726212e+000 1.257485e-009 8.895873e-148 1.257485e-009
d  2.708393e+000 1.963195e-009 2.408584e-145 1.963195e-009
d  2.690575e+000 3.064954e-009 6.257382e-143 3.064954e-009
d  2.672757e+000 4.785029e-009 1.559843e-140 4.785029e-009
d  2.654938e+000 7.470421e-009 3.731014e-138 7.470421e-009
d  2.637120e+000 1.166288e-008 8.563084e-136 1.166288e-008
d  2.619301e+000 1.820817e-008 1.885780e-133 1.820817e-008
d  2.601483e+000 2.842672e-008 3.984828e-131 2.842672e-008
d  2.583665e+000 4.438001e-008 8.079519e-129 4.438001e-008
d  2.565846e+000 6.928639e-008 1.571878e-126 6.928639e-008
d  2.548028e+000 1.081704e-007 2.934337e-124 1.081704e-007
d  2.530210e+000 1.688765e-007 5.256038e-122 1.688765e-007
d  2.512391e+000 2.636511e-007 9.033677e-120 2.636511e-007
d  2.494573e+000 4.116141e-007 1.489800e-117 4.116141e-007
d  2.476754e+000 6.426149e-007 2.357486e-115 6.426149e-007
d  2.458936e+000 1.003255e-006 3.579545e-113 1.003255e-006
d  2.441118e+000 1.566289e-006 5.215116e-111 1.566289e-006
d  2.423299e+000 2.445302e-006 7.290506e-109 2.445302e-006
d  2.405481e+000 3.817623e-006 9.779324e-107 3.817623e-006
d  2.387663e+000 5.960101e-006 1.258687e-104 5.960101e-006
d  2.369844e+000 9.304954e-006 1.554475e-102 9.304954e-006
d  2.352026e+000 1.452696e-005 1.842076e-100 1.452696e-005
d  2.334207e+000 2.267960e-005 2.094541e-098 2.267960e-005
d  2.316389e+000 3.540755e-005 2.285218e-096 3.540755e-005
d  2.298571e+000 5.527853e-005 2.392346e-094 5.527853e-005
d  2.280752e+000 8.630125e-005 2.403134e-092 8.630125e-005
d  2.262934e+000 1.347341e-004 2.316271e-090 1.347341e-004
d  2.245115e+000 2.103479e-004 2.142191e-088 2.103479e-004
d  2.227297e+000 3.283967e-004 1.901011e-086 3.283967e-004
d  2.209479e+000 5.126953e-004 1.618709e-084 5.126953e-004
d  2.191660e+000 8.004237e-004 1.322544e-082 8.004237e-004
d  2.173842e+000 1.249627e-003 1.036834e-080 1.249627e-003
d  2.156024e+000 1.950927e-003 7.799481e-079 1.950927e-003
d  2.138205e+000 3.045802e-003 5.629629e-077 3.045802e-003
d  2.120387e+000 4.755128e-003 3.898983e-075 4.755128e-003
d  2.102568e+000 7.423740e-003 2.591078e-073 7.423740e-003
d  2.084750e+000 1.159000e-002 1.652217e-071 1.159000e-002
d  2.066932e+000 1.809439e-002 1.010907e-069 1.809439e-002
d  2.049113e+000 2.824909e-002 5.934894e-068 2.824909e-002
d  2.031295e+000 4.410269e-002 3.343276e-066 4.410269e-002
d  2.013477e+000 6.885344e-002 1.807128e-064 6.885344e-002
d  1.995658e+000 1.074945e-001 9.372667e-063 1.074945e-001
d  1.977840e+000 1.678212e-001 4.664392e-061 1.678212e-001
d  1.960021e+000 2.620036e-001 2.227329e-059 2.620036e-001
d  1.942203e+000 4.090420e-001 1.020543e-057 4.090420e-001
d  1.924385e+000 6.385993e-001 4.486788e-056 6.385993e-001
d  1.906566e+000 9.969859e-001 1.892768e-054 9.969859e-001
d  1.888748e+000 1.556502e+000 7.661553e-053 1.556502e+000
d  1.870930e+000 2.430022e+000 2.975732e-051 2.430022e+000
d  1.853111e+000 3.793768e+000 1.108991e-049 3.793768e+000
d  1.835293e+000 5.922858e+000 3.965703e-048 5.922858e+000
d  1.817474e+000 9.246809e+000 1.360723e-046 9.246809e+000
d  1.799656e+000 1.443619e+001 4.479987e-045 1.443619e+001
d  1.781838e+000 2.253788e+001 1.415277e-043 2.253788e+001
d  1.764019e+000 3.518630e+001 4.290060e-042 3.518630e+001
d  1.746201e+000 5.493311e+001 1.247794e-040 5.493311e+001
d  1.728383e+000 8.576197e+001 3.482412e-039 8.576197e+001
d  1.710564e+000 1.338922e+002 9.325557e-038 1.338922e+002
d  1.692746e+000 2.090335e+002 2.396222e-036 2.090335e+002
d  1.674927e+000 3.263446e+002 5.907948e-035 3.263446e+002
d  1.657109e+000 5.094916e+002 1.397668e-033 5.094916e+002
d  1.639291e+000 7.954220e+002 3.172698e-032 7.954220e+002
d  1.621472e+000 1.241819e+003 6.910524e-031 1.241819e+003
d  1.603654e+000 1.938736e+003 1.444278e-029 1.938736e+003
d  1.585836e+000 3.026769e+003 2.896330e-028 3.026769e+003
d  1.568017e+000 4.725414e+003 5.573179e-027 4.725414e+003
d  1.550199e+000 7.377351e+003 1.029000e-025 7.377351e+003
d  1.532380e+000 1.151757e+004 1.822994e-024 1.151757e+004
d  1.514562e+000 1.798132e+004 3.098937e-023 1.798132e+004
d  1.496744e+000 2.807257e+004 5.054726e-022 2.807257e+004
d  1.478925e+000 4.382710e+004 7.911159e-021 4.382710e+004
d  1.461107e+000 6.842318e+004 1.188065e-019 6.842318e+004
d  1.443289e+000 1.068228e+005 1.711976e-018 1.068228e+005
d  1.425470e+000 1.667725e+005 2.367079e-017 1.667725e+005
d  1.407652e+000 2.603664e+005 3.140402e-016 2.603664e+005
d  1.389833e+000 4.064860e+005 3.997748e-015 4.064860e+005
d  1.372015e+000 6.346089e+005 4.883183e-014 6.346089e+005
d  1.354197e+000 9.907560e+005 5.723322e-013 9.907560e+005
d  1.336378e+000 1.546775e+006 6.436516e-012 1.546775e+006
d  1.318560e+000 2.414837e+006 6.945620e-011 2.414837e+006
d  1.300742e+000 3.770061e+006 7.191654e-010 3.770061e+006
d  1.282923e+000 5.885847e+006 7.145029e-009 5.885847e+006
d  1.265105e+000 9.189027e+006 6.811406e-008 9.189027e+006
d  1.247286e+000 1.434598e+007 6.230560e-007 1.434598e+007
d  1.229468e+000 2.239704e+007 5.468584e-006 2.239704e+007
d  1.211650e+000 3.496643e+007 4.605537e-005 3.496643e+007
d  1.193831e+000 5.458984e+007 3.721715e-004 5.458984e+007
d  1.176013e+000 8.522606e+007 2.885782e-003 8.522606e+007
d  1.158195e+000 1.330555e+008 2.147047e-002 1.330555e+008
d  1.140376e+000 2.077273e+008 1.532770e-001 2.077273e+008
d  1.122558e+000 3.243053e+008 1.049953e+000 3.243053e+008
d  1.104739e+000 5.063079e+008 6.901133e+000 5.063079e+008
d  1.086921e+000 7.904515e+008 4.352396e+001 7.904516e+008
d  1.069103e+000 1.234059e+009 2.633868e+002 1.234059e+009
d  1.051284e+000 1.926621e+009 1.529386e+003 1.926623e+009
d  1.033466e+000 3.007855e+009 8.521138e+003 3.007864e+009
d  1.015647e+000 4.695886e+009 4.555497e+004 4.695931e+009
d  9.978291e-001 7.331251e+009 2.336853e+005 7.331485e+009
d  9.800107e-001 1.144560e+010 1.150230e+006 1.144675e+010
d  9.621924e-001 1.786896e+010 5.432444e+006 1.787439e+010
d  9.443740e-001 2.789715e+010 2.461861e+007 2.792177e+010
d  9.265556e-001 4.355323e+010 1.070506e+008 4.366028e+010
d  9.087372e-001 6.799562e+010 4.466553e+008 6.844228e+010
d  8.909188e-001 1.061553e+011 1.788188e+009 1.079434e+011
d  8.731005e-001 1.657304e+011 6.869286e+009 1.725997e+011
d  8.552821e-001 2.587395e+011 2.532022e+010 2.840597e+011
d  8.374637e-001 4.039459e+011 8.955314e+010 4.934991e+011
d  8.196453e-001 6.306433e+011 3.039147e+011 9.345580e+011
d  8.018270e-001 9.845649e+011 9.896465e+011 1.974211e+012
d  7.840086e-001 1.537110e+012 3.092189e+012 4.629299e+012
d  7.661902e-001 2.399747e+012 9.270636e+012 1.167038e+013
d  7.483718e-001 3.746503e+012 2.666923e+013 3.041574e+013
d  7.305535e-001 5.849068e+012 7.361546e+013 7.946453e+013
d  7.127351e-001 9.131607e+012 1.949778e+014 2.041094e+014
d  6.949167e-001 1.425633e+013 4.955171e+014 5.097734e+014
d  6.770983e-001 2.225709e+013 1.208342e+015 1.230599e+015
d  6.592799e-001 3.474793e+013 2.827342e+015 2.862090e+015
d  6.414616e-001 5.424872e+013 6.347818e+015 6.402067e+015
d  6.236432e-001 8.469350e+013 1.367503e+016 1.375972e+016
d  6.058248e-001 1.322241e+014 2.826763e+016 2.839985e+016
d  5.880064e-001 2.064292e+014 5.606709e+016 5.627352e+016
d  5.701881e-001 3.222788e+014 1.067049e+017 1.070272e+017
d  5.523697e-001 5.031440e+014 1.948579e+017 1.953611e+017
d  5.345513e-001 7.855122e+014 3.414360e+017 3.422215e+017
d  5.167329e-001 1.226347e+015 5.740611e+017 5.752875e+017
d  4.989146e-001 1.914582e+015 9.261140e+017 9.280286e+017
d  4.810962e-001 2.989060e+015 1.433601e+018 1.436590e+018
d  4.632778e-001 4.666542e+015 2.129363e+018 2.134030e+018
d  4.454594e-001 7.285440e+015 3.034790e+018 3.042075e+018
d  4.276410e-001 1.137408e+016 4.150162e+018 4.161536e+018
d  4.098227e-001 1.775730e+016 5.445766e+018 5.463524e+018
d  3.920043e-001 2.772282e+016 6.856627e+018 6.884349e+018
d  3.741859e-001 4.328107e+016 8.283607e+018 8.326888e+018
d  3.563675e-001 6.757073e+016 9.602538e+018 9.670109e+018
d  3.385492e-001 1.054919e+017 1.068096e+019 1.078645e+019
d  3.207308e-001 1.646947e+017 1.139965e+019 1.156435e+019
d  3.029124e-001 2.571226e+017 1.167430e+019 1.193142e+019
d  2.850940e-001 4.014217e+017 1.147169e+019 1.187311e+019
d  2.672757e-001 6.267025e+017 1.081637e+019 1.144307e+019
d  2.494573e-001 9.784126e+017 9.785731e+018 1.076414e+019
d  2.316389e-001 1.527505e+018 8.494982e+018 1.002249e+019
d  2.138205e-001 2.384752e+018 7.076022e+018 9.460774e+018
d  1.960021e-001 3.723092e+018 5.655532e+018 9.378623e+018
d  1.781838e-001 5.812518e+018 4.337258e+018 1.014978e+019
d  1.603654e-001 9.074545e+018 3.191645e+018 1.226619e+019
d  1.425470e-001 1.416725e+019 2.253572e+018 1.642082e+019
d  1.247286e-001 2.211801e+019 1.526813e+018 2.364482e+019
d  1.069103e-001 3.453080e+019 9.925619e+017 3.552336e+019
d  8.909188e-002 5.390973e+019 6.191373e+017 5.452887e+019
d  7.127351e-002 8.416426e+019 3.705731e+017 8.453484e+019
d  5.345513e-002 1.313979e+020 2.128229e+017 1.316107e+020
d  3.563675e-002 2.051393e+020 1.172790e+017 2.052566e+020
d  1.781838e-002 3.202650e+020 6.201259e+016 3.203270e+020
d  0.000000e+000 5.000000e+020 3.146276e+016 5.000315e+020
