v ATLAS
# This file was created by ATLAS version 5.28.1.R on Tue Sep 22 06:03:05 2026.
#SSF 2.0 generic
##############################################################################
#                    Copyright (c) 1984 - 2019                               #
#                    Silvaco Inc. All rights reserved                        #
#                                                                            #
# This file format and the following Key are copyright Silvaco Inc.          #
# You may not use, this format or key without reproducing this message in    #
# full and obtaining express written permission from Silvaco Inc.            #
#                                                                            #
# To obtain such permission please contact: Silvaco Inc.                     #
#                                           support@silvaco.com              #
#                                                                            #
# KEY=SVC86hn7562asdx                       PROD=345                         #
##############################################################################
p 4 74 76 75 205
d  3.403310e+000 5.597591e-017 1.031520e-135 5.597591e-017
d  3.385492e+000 8.739000e-017 8.622508e-134 8.739000e-017
d  3.367673e+000 1.364339e-016 7.007015e-132 1.364339e-016
d  3.349855e+000 2.130016e-016 5.535743e-130 2.130016e-016
d  3.332036e+000 3.325397e-016 4.251697e-128 3.325397e-016
d  3.314218e+000 5.191633e-016 3.174623e-126 5.191633e-016
d  3.296400e+000 8.105216e-016 2.304440e-124 8.105216e-016
d  3.278581e+000 1.265392e-015 1.626231e-122 1.265392e-015
d  3.260763e+000 1.975540e-015 1.115687e-120 1.975540e-015
d  3.242945e+000 3.084227e-015 7.441251e-119 3.084227e-015
d  3.225126e+000 4.815117e-015 4.824952e-117 4.815117e-015
d  3.207308e+000 7.517396e-015 3.041470e-115 7.517396e-015
d  3.189489e+000 1.173621e-014 1.863878e-113 1.173621e-014
d  3.171671e+000 1.832266e-014 1.110440e-111 1.832266e-014
d  3.153853e+000 2.860547e-014 6.431554e-110 2.860547e-014
d  3.136034e+000 4.465907e-014 3.621431e-108 4.465907e-014
d  3.118216e+000 6.972207e-014 1.982385e-106 6.972207e-014
d  3.100398e+000 1.088506e-013 1.054968e-104 1.088506e-013
d  3.082579e+000 1.699384e-013 5.458007e-103 1.699384e-013
d  3.064761e+000 2.653090e-013 2.745189e-101 2.653090e-013
d  3.046942e+000 4.142024e-013 1.342313e-099 4.142024e-013
d  3.029124e+000 6.466557e-013 6.380856e-098 6.466557e-013
d  3.011306e+000 1.009564e-012 2.948815e-096 1.009564e-012
d  2.993487e+000 1.576138e-012 1.324828e-094 1.576138e-012
d  2.975669e+000 2.460678e-012 5.786487e-093 2.460678e-012
d  2.957851e+000 3.841629e-012 2.457049e-091 3.841629e-012
d  2.940032e+000 5.997579e-012 1.014276e-089 5.997579e-012
d  2.922214e+000 9.363464e-012 4.070446e-088 9.363464e-012
d  2.904395e+000 1.461831e-011 1.588076e-086 1.461831e-011
d  2.886577e+000 2.282221e-011 6.023432e-085 2.282221e-011
d  2.868759e+000 3.563020e-011 2.221060e-083 3.563020e-011
d  2.850940e+000 5.562613e-011 7.961958e-082 5.562613e-011
d  2.833122e+000 8.684392e-011 2.774744e-080 8.684392e-011
d  2.815304e+000 1.355814e-010 9.400901e-079 1.355814e-010
d  2.797485e+000 2.116706e-010 3.096417e-077 2.116706e-010
d  2.779667e+000 3.304617e-010 9.915005e-076 3.304617e-010
d  2.761848e+000 5.159192e-010 3.086525e-074 5.159192e-010
d  2.744030e+000 8.054568e-010 9.340932e-073 8.054568e-010
d  2.726212e+000 1.257485e-009 2.748236e-071 1.257485e-009
d  2.708393e+000 1.963195e-009 7.860702e-070 1.963195e-009
d  2.690575e+000 3.064954e-009 2.185808e-068 3.064954e-009
d  2.672757e+000 4.785029e-009 5.908894e-067 4.785029e-009
d  2.654938e+000 7.470421e-009 1.552901e-065 7.470421e-009
d  2.637120e+000 1.166288e-008 3.967573e-064 1.166288e-008
d  2.619301e+000 1.820817e-008 9.854838e-063 1.820817e-008
d  2.601483e+000 2.842672e-008 2.379674e-061 2.842672e-008
d  2.583665e+000 4.438001e-008 5.586360e-060 4.438001e-008
d  2.565846e+000 6.928639e-008 1.274923e-058 6.928639e-008
d  2.548028e+000 1.081704e-007 2.828670e-057 1.081704e-007
d  2.530210e+000 1.688765e-007 6.101324e-056 1.688765e-007
d  2.512391e+000 2.636511e-007 1.279409e-054 2.636511e-007
d  2.494573e+000 4.116141e-007 2.608183e-053 4.116141e-007
d  2.476754e+000 6.426149e-007 5.169044e-052 6.426149e-007
d  2.458936e+000 1.003255e-006 9.959233e-051 1.003255e-006
d  2.441118e+000 1.566289e-006 1.865456e-049 1.566289e-006
d  2.423299e+000 2.445302e-006 3.396937e-048 2.445302e-006
d  2.405481e+000 3.817623e-006 6.013586e-047 3.817623e-006
d  2.387663e+000 5.960101e-006 1.034959e-045 5.960101e-006
d  2.369844e+000 9.304954e-006 1.731633e-044 9.304954e-006
d  2.352026e+000 1.452696e-005 2.816646e-043 1.452696e-005
d  2.334207e+000 2.267960e-005 4.454019e-042 2.267960e-005
d  2.316389e+000 3.540755e-005 6.847237e-041 3.540755e-005
d  2.298571e+000 5.527853e-005 1.023345e-039 5.527853e-005
d  2.280752e+000 8.630125e-005 1.486868e-038 8.630125e-005
d  2.262934e+000 1.347341e-004 2.100225e-037 1.347341e-004
d  2.245115e+000 2.103479e-004 2.884052e-036 2.103479e-004
d  2.227297e+000 3.283967e-004 3.850202e-035 3.283967e-004
d  2.209479e+000 5.126953e-004 4.996980e-034 5.126953e-004
d  2.191660e+000 8.004237e-004 6.304854e-033 8.004237e-004
d  2.173842e+000 1.249627e-003 7.733676e-032 1.249627e-003
d  2.156024e+000 1.950927e-003 9.222323e-031 1.950927e-003
d  2.138205e+000 3.045802e-003 1.069149e-029 3.045802e-003
d  2.120387e+000 4.755128e-003 1.204979e-028 4.755128e-003
d  2.102568e+000 7.423740e-003 1.320274e-027 7.423740e-003
d  2.084750e+000 1.159000e-002 1.406347e-026 1.159000e-002
d  2.066932e+000 1.809439e-002 1.456344e-025 1.809439e-002
d  2.049113e+000 2.824909e-002 1.466152e-024 2.824909e-002
d  2.031295e+000 4.410269e-002 1.434953e-023 4.410269e-002
d  2.013477e+000 6.885344e-002 1.365336e-022 6.885344e-002
d  1.995658e+000 1.074945e-001 1.262947e-021 1.074945e-001
d  1.977840e+000 1.678212e-001 1.135727e-020 1.678212e-001
d  1.960021e+000 2.620036e-001 9.929020e-020 2.620036e-001
d  1.942203e+000 4.090420e-001 8.438830e-019 4.090420e-001
d  1.924385e+000 6.385993e-001 6.972708e-018 6.385993e-001
d  1.906566e+000 9.969859e-001 5.600983e-017 9.969859e-001
d  1.888748e+000 1.556502e+000 4.373916e-016 1.556502e+000
d  1.870930e+000 2.430022e+000 3.320627e-015 2.430022e+000
d  1.853111e+000 3.793768e+000 2.450830e-014 3.793768e+000
d  1.835293e+000 5.922858e+000 1.758530e-013 5.922858e+000
d  1.817474e+000 9.246809e+000 1.226676e-012 9.246809e+000
d  1.799656e+000 1.443619e+001 8.318657e-012 1.443619e+001
d  1.781838e+000 2.253788e+001 5.484286e-011 2.253788e+001
d  1.764019e+000 3.518630e+001 3.515042e-010 3.518630e+001
d  1.746201e+000 5.493311e+001 2.190203e-009 5.493311e+001
d  1.728383e+000 8.576197e+001 1.326727e-008 8.576197e+001
d  1.710564e+000 1.338922e+002 7.813081e-008 1.338922e+002
d  1.692746e+000 2.090335e+002 4.473079e-007 2.090335e+002
d  1.674927e+000 3.263446e+002 2.489626e-006 3.263446e+002
d  1.657109e+000 5.094916e+002 1.347117e-005 5.094916e+002
d  1.639291e+000 7.954220e+002 7.086305e-005 7.954220e+002
d  1.621472e+000 1.241819e+003 3.623914e-004 1.241819e+003
d  1.603654e+000 1.938736e+003 1.801687e-003 1.938738e+003
d  1.585836e+000 3.026769e+003 8.708116e-003 3.026778e+003
d  1.568017e+000 4.725414e+003 4.091783e-002 4.725455e+003
d  1.550199e+000 7.377351e+003 1.869151e-001 7.377538e+003
d  1.532380e+000 1.151757e+004 8.300796e-001 1.151840e+004
d  1.514562e+000 1.798132e+004 3.583756e+000 1.798490e+004
d  1.496744e+000 2.807257e+004 1.504183e+001 2.808761e+004
d  1.478925e+000 4.382710e+004 6.137709e+001 4.388847e+004
d  1.461107e+000 6.842318e+004 2.434756e+002 6.866666e+004
d  1.443289e+000 1.068228e+005 9.389619e+002 1.077617e+005
d  1.425470e+000 1.667725e+005 3.520335e+003 1.702928e+005
d  1.407652e+000 2.603664e+005 1.283109e+004 2.731975e+005
d  1.389833e+000 4.064860e+005 4.546596e+004 4.519519e+005
d  1.372015e+000 6.346089e+005 1.566220e+005 7.912309e+005
d  1.354197e+000 9.907560e+005 5.245206e+005 1.515277e+006
d  1.336378e+000 1.546775e+006 1.707717e+006 3.254492e+006
d  1.318560e+000 2.414837e+006 5.405210e+006 7.820047e+006
d  1.300742e+000 3.770061e+006 1.663232e+007 2.040238e+007
d  1.282923e+000 5.885847e+006 4.975497e+007 5.564081e+007
d  1.265105e+000 9.189027e+006 1.446983e+008 1.538874e+008
d  1.247286e+000 1.434598e+007 4.091044e+008 4.234503e+008
d  1.229468e+000 2.239704e+007 1.124471e+009 1.146868e+009
d  1.211650e+000 3.496643e+007 3.004731e+009 3.039697e+009
d  1.193831e+000 5.458984e+007 7.805604e+009 7.860194e+009
d  1.176013e+000 8.522606e+007 1.971292e+010 1.979814e+010
d  1.158195e+000 1.330555e+008 4.839926e+010 4.853232e+010
d  1.140376e+000 2.077273e+008 1.155234e+011 1.157311e+011
d  1.122558e+000 3.243053e+008 2.680679e+011 2.683922e+011
d  1.104739e+000 5.063079e+008 6.047320e+011 6.052383e+011
d  1.086921e+000 7.904515e+008 1.326248e+012 1.327038e+012
d  1.069103e+000 1.234059e+009 2.827677e+012 2.828911e+012
d  1.051284e+000 1.926621e+009 5.861089e+012 5.863015e+012
d  1.033466e+000 3.007855e+009 1.181055e+013 1.181356e+013
d  1.015647e+000 4.695886e+009 2.313693e+013 2.314163e+013
d  9.978291e-001 7.331251e+009 4.406408e+013 4.407141e+013
d  9.800107e-001 1.144560e+010 8.158439e+013 8.159584e+013
d  9.621924e-001 1.786896e+010 1.468496e+014 1.468675e+014
d  9.443740e-001 2.789715e+010 2.569699e+014 2.569978e+014
d  9.265556e-001 4.355323e+010 4.371545e+014 4.371981e+014
d  9.087372e-001 6.799562e+010 7.229881e+014 7.230561e+014
d  8.909188e-001 1.061553e+011 1.162441e+015 1.162547e+015
d  8.731005e-001 1.657304e+011 1.816996e+015 1.817161e+015
d  8.552821e-001 2.587395e+011 2.761089e+015 2.761348e+015
d  8.374637e-001 4.039459e+011 4.078970e+015 4.079374e+015
d  8.196453e-001 6.306433e+011 5.858197e+015 5.858828e+015
d  8.018270e-001 9.845649e+011 8.179390e+015 8.180374e+015
d  7.840086e-001 1.537110e+012 1.110251e+016 1.110405e+016
d  7.661902e-001 2.399747e+012 1.465093e+016 1.465333e+016
d  7.483718e-001 3.746503e+012 1.879544e+016 1.879918e+016
d  7.305535e-001 5.849068e+012 2.344138e+016 2.344723e+016
d  7.127351e-001 9.131607e+012 2.842218e+016 2.843131e+016
d  6.949167e-001 1.425633e+013 3.350233e+016 3.351659e+016
d  6.770983e-001 2.225709e+013 3.839159e+016 3.841385e+016
d  6.592799e-001 3.474793e+013 4.277014e+016 4.280489e+016
d  6.414616e-001 5.424872e+013 4.632215e+016 4.637640e+016
d  6.236432e-001 8.469350e+013 4.877308e+016 4.885777e+016
d  6.058248e-001 1.322241e+014 4.992466e+016 5.005688e+016
d  5.880064e-001 2.064292e+014 4.968136e+016 4.988779e+016
d  5.701881e-001 3.222788e+014 4.806349e+016 4.838577e+016
d  5.523697e-001 5.031440e+014 4.520439e+016 4.570754e+016
d  5.345513e-001 7.855122e+014 4.133228e+016 4.211779e+016
d  5.167329e-001 1.226347e+015 3.674021e+016 3.796655e+016
d  4.989146e-001 1.914582e+015 3.174953e+016 3.366411e+016
d  4.810962e-001 2.989060e+015 2.667328e+016 2.966234e+016
d  4.632778e-001 4.666542e+015 2.178507e+016 2.645161e+016
d  4.454594e-001 7.285440e+015 1.729756e+016 2.458300e+016
d  4.276410e-001 1.137408e+016 1.335225e+016 2.472633e+016
d  4.098227e-001 1.775730e+016 1.001999e+016 2.777729e+016
d  3.920043e-001 2.772282e+016 7.310107e+015 3.503293e+016
d  3.741859e-001 4.328107e+016 5.184699e+015 4.846577e+016
d  3.563675e-001 6.757073e+016 3.574925e+015 7.114565e+016
d  3.385492e-001 1.054919e+017 2.396369e+015 1.078883e+017
d  3.207308e-001 1.646947e+017 1.561650e+015 1.662564e+017
d  3.029124e-001 2.571226e+017 9.893672e+014 2.581120e+017
d  2.850940e-001 4.014217e+017 6.093609e+014 4.020311e+017
d  2.672757e-001 6.267025e+017 3.648675e+014 6.270674e+017
d  2.494573e-001 9.784126e+017 2.123925e+014 9.786250e+017
d  2.316389e-001 1.527505e+018 1.201951e+014 1.527625e+018
d  2.138205e-001 2.384752e+018 6.612682e+013 2.384818e+018
d  1.960021e-001 3.723092e+018 3.536812e+013 3.723127e+018
d  1.781838e-001 5.812518e+018 1.839034e+013 5.812536e+018
d  1.603654e-001 9.074545e+018 9.296322e+012 9.074555e+018
d  1.425470e-001 1.416725e+019 4.568524e+012 1.416725e+019
d  1.247286e-001 2.211801e+019 2.182650e+012 2.211801e+019
d  1.069103e-001 3.453080e+019 1.013761e+012 3.453080e+019
d  8.909188e-002 5.390973e+019 4.577527e+011 5.390973e+019
d  7.127351e-002 8.416426e+019 2.009414e+011 8.416426e+019
d  5.345513e-002 1.313979e+020 8.575343e+010 1.313979e+020
d  3.563675e-002 2.051393e+020 3.557763e+010 2.051393e+020
d  1.781838e-002 3.202650e+020 1.434980e+010 3.202650e+020
d  0.000000e+000 5.000000e+020 5.626759e+009 5.000000e+020
