Probe avg_n vs gate bias
76 2 2
gate bias
Probe avg_n
-3 8.65118e+012
-2.8 8.71769e+012
-2.6 8.80254e+012
-2.4 8.91086e+012
-2.2 9.04964e+012
-2 9.22824e+012
-1.8 9.45938e+012
-1.6 9.76066e+012
-1.4 1.01569e+013
-1.2 1.06845e+013
-1 1.13983e+013
-0.95 1.16151e+013
-0.9 1.18506e+013
-0.85 1.21068e+013
-0.8 1.23861e+013
-0.75 1.26913e+013
-0.7 1.30255e+013
-0.65 1.33925e+013
-0.6 1.37966e+013
-0.55 1.42429e+013
-0.5 1.47374e+013
-0.45 1.52871e+013
-0.4 1.59006e+013
-0.35 1.6588e+013
-0.3 1.73613e+013
-0.25 1.82351e+013
-0.2 1.92266e+013
-0.15 2.03568e+013
-0.1 2.16513e+013
-0.05 2.31475e+013
-4.24783e-016 2.49307e+013
0.05 2.73622e+013
0.1 3.24545e+013
0.15 5.19504e+013
0.2 1.51301e+014
0.25 6.36602e+014
0.3 2.47124e+015
0.35 7.35085e+015
0.4 1.69623e+016
0.45 3.25139e+016
0.5 5.48991e+016
0.55 8.49567e+016
0.6 1.23637e+017
0.65 1.72101e+017
0.7 2.31791e+017
0.75 3.04478e+017
0.8 3.9229e+017
0.85 4.97704e+017
0.9 6.23486e+017
0.95 7.72597e+017
1 9.48081e+017
1.05 1.15294e+018
1.1 1.38994e+018
1.15 1.66134e+018
1.2 1.96871e+018
1.25 2.31287e+018
1.3 2.69401e+018
1.35 3.11177e+018
1.4 3.56542e+018
1.45 4.05402e+018
1.5 4.57656e+018
1.6 5.71949e+018
1.7 6.98695e+018
1.8 8.37197e+018
1.9 9.86629e+018
2 1.14594e+019
2.1 1.31389e+019
2.2 1.48918e+019
2.3 1.67057e+019
2.4 1.85696e+019
2.5 2.04742e+019
2.6 2.24119e+019
2.7 2.43765e+019
2.8 2.63629e+019
2.9 2.83673e+019
3 3.03864e+019
