Conduction Band Energy vs Depth
87 2 2
Depth
Conduction Band Energy
0 2.64655
0.0200101 2.64655
0.0343543 2.64655
0.0446368 2.64655
0.0520079 2.64655
0.0572917 2.64655
0.0610795 2.64655
0.0637947 2.64655
0.0657411 2.64655
0.0671363 2.64655
0.0681365 2.64655
0.0688535 2.64655
0.0693675 2.64655
0.0697359 2.64655
0.07 -0.400139
0.07 -0.400139
0.0702481 -0.402348
0.0704686 -0.408082
0.0706647 -0.416286
0.0708389 -0.426185
0.0709938 -0.437191
0.0711315 -0.448854
0.0712539 -0.460826
0.0713627 -0.472835
0.0714594 -0.484672
0.0715453 -0.49618
0.0716217 -0.507241
0.0716896 -0.517771
0.07175 -0.527714
0.07175 -0.527714
0.0718125 -0.538637
0.071875 -0.550234
0.0719375 -0.562544
0.072 -0.575607
0.072 -0.575607
0.0720595 2.45991
0.0721253 2.44755
0.0721982 2.43386
0.0722789 2.4187
0.0723683 2.40192
0.0724672 2.38334
0.0725767 2.36277
0.072698 2.34
0.0728323 2.31479
0.0729809 2.28687
0.0731455 2.25597
0.0733277 2.22175
0.0735294 2.18387
0.0737527 2.14192
0.074 2.99549
0.074 2.99549
0.0742427 2.97453
0.0744984 2.95245
0.0747678 2.92918
0.0750516 2.90467
0.0753506 2.87884
0.0756656 2.85163
0.0759976 2.82297
0.0763473 2.79276
0.0767157 2.76094
0.0771039 2.72742
0.0775128 2.6921
0.0779437 2.65489
0.0783977 2.61568
0.0788759 2.57437
0.0793798 2.53085
0.0799107 2.485
0.0804701 2.43669
0.0810594 2.3858
0.0816802 2.33218
0.0823344 2.27568
0.0830235 2.21616
0.0837496 2.15345
0.0845146 2.08738
0.0853206 2.01778
0.0861697 1.94444
0.0870644 1.86717
0.0880069 1.78577
0.089 1.7
0.089 0
0.0900551 0
0.0917786 0
0.0945935 0
0.0991911 0
0.106701 0
0.118966 0
0.139 0
