Conduction Band Energy vs Depth
87 2 2
Depth
Conduction Band Energy
0 3.03736
0.0200101 3.03736
0.0343543 3.03736
0.0446368 3.03736
0.0520079 3.03736
0.0572917 3.03736
0.0610795 3.03736
0.0637947 3.03736
0.0657411 3.03736
0.0671363 3.03736
0.0681365 3.03736
0.0688535 3.03736
0.0693675 3.03736
0.0697359 3.03736
0.07 -0.00932578
0.07 -0.00932578
0.0702481 -0.00963268
0.0704686 -0.0104241
0.0706647 -0.011544
0.0708389 -0.0128763
0.0709938 -0.0143339
0.0711315 -0.0158521
0.0712539 -0.0173829
0.0713627 -0.0188912
0.0714594 -0.0203521
0.0715453 -0.0217484
0.0716217 -0.0230689
0.0716896 -0.024307
0.07175 -0.0254595
0.07175 -0.0254595
0.0718125 -0.0267243
0.071875 -0.0280633
0.0719375 -0.0294779
0.072 -0.0309695
0.072 -0.0309695
0.0720595 3.01628
0.0721253 3.01691
0.0721982 3.0176
0.0722789 3.01836
0.0723683 3.01921
0.0724672 3.02015
0.0725767 3.02118
0.072698 3.02233
0.0728323 3.0236
0.0729809 3.02501
0.0731455 3.02657
0.0733277 3.0283
0.0735294 3.03021
0.0737527 3.03232
0.074 3.93466
0.074 3.93466
0.0742427 3.93572
0.0744984 3.93683
0.0747678 3.93801
0.0750516 3.93924
0.0753506 3.94055
0.0756656 3.94192
0.0759976 3.94336
0.0763473 3.94489
0.0767157 3.94649
0.0771039 3.94818
0.0775128 3.94996
0.0779437 3.95184
0.0783977 3.95382
0.0788759 3.9559
0.0793798 3.9581
0.0799107 3.96041
0.0804701 3.96285
0.0810594 3.96541
0.0816802 3.96812
0.0823344 3.97097
0.0830235 3.97397
0.0837496 3.97713
0.0845146 3.98046
0.0853206 3.98397
0.0861697 3.98767
0.0870644 3.99157
0.0880069 3.99567
0.089 4
0.089 0
0.0900551 0
0.0917786 0
0.0945935 0
0.0991911 0
0.106701 0
0.118966 0
0.139 0
