Probe chan_n vs gate bias
76 2 2
gate bias
Probe chan_n
-3 1.19896e-038
-2.8 1.5623e-036
-2.6 3.50122e-033
-2.4 8.01791e-030
-2.2 1.83395e-026
-2 3.5827e-023
-1.8 7.90952e-020
-1.6 1.81133e-016
-1.4 4.1436e-013
-1.2 5.97539e-010
-1 1.32336e-006
-0.95 9.15449e-006
-0.9 6.33271e-005
-0.85 0.000438071
-0.8 0.00303039
-0.75 0.0209629
-0.7 0.145013
-0.65 1.00313
-0.6 6.93921
-0.55 48.002
-0.5 332.047
-0.45 2296.76
-0.4 15884.2
-0.35 109818
-0.3 758809
-0.25 5.239e+006
-0.2 3.61392e+007
-0.15 2.49031e+008
-0.1 1.71214e+009
-0.05 1.16944e+010
-4.24783e-016 7.86492e+010
0.05 5.15035e+011
0.1 3.26175e+012
0.15 1.99516e+013
0.2 1.16215e+014
0.25 6.03832e+014
0.3 2.48548e+015
0.35 7.5561e+015
0.4 1.75935e+016
0.45 3.38188e+016
0.5 5.70669e+016
0.55 8.80632e+016
0.6 1.27594e+017
0.65 1.76607e+017
0.7 2.36273e+017
0.75 3.08046e+017
0.8 3.93694e+017
0.85 4.95315e+017
0.9 6.15325e+017
0.95 7.56412e+017
1 9.21467e+017
1.05 1.1135e+018
1.1 1.33547e+018
1.15 1.59003e+018
1.2 1.8793e+018
1.25 2.20478e+018
1.3 2.56723e+018
1.35 2.96678e+018
1.4 3.40299e+018
1.45 3.87498e+018
1.5 4.38155e+018
1.6 5.49291e+018
1.7 6.72557e+018
1.8 8.06814e+018
1.9 9.50936e+018
2 1.10377e+019
2.1 1.26416e+019
2.2 1.43095e+019
2.3 1.6031e+019
2.4 1.77967e+019
2.5 1.95985e+019
2.6 2.14298e+019
2.7 2.32849e+019
2.8 2.51594e+019
2.9 2.70496e+019
3 2.89524e+019
