drain current vs gate bias
76 2 2
gate bias
drain current
-3 2.84183e-019
-2.8 1.79298e-019
-2.6 8.79953e-019
-2.4 -3.18437e-019
-2.2 2.12134e-019
-2 -5.85848e-019
-1.8 4.35134e-019
-1.6 3.80329e-019
-1.4 -4.21432e-019
-1.2 7.89005e-019
-1 1.23312e-018
-0.95 -4.11038e-019
-0.9 2.38591e-018
-0.85 -6.47267e-019
-0.8 -2.64104e-018
-0.75 1.83314e-019
-0.7 6.03801e-019
-0.65 -5.0553e-019
-0.6 1.33422e-018
-0.55 2.85743e-018
-0.5 2.1563e-018
-0.45 -5.83958e-019
-0.4 3.78156e-021
-0.35 7.93742e-019
-0.3 1.61589e-018
-0.25 7.13072e-019
-0.2 5.86828e-018
-0.15 -1.0755e-018
-0.1 5.36772e-020
-0.05 9.85096e-018
-4.24783e-016 8.72042e-017
0.05 5.83826e-016
0.1 3.75346e-015
0.15 2.3387e-014
0.2 1.39543e-013
0.25 7.63866e-013
0.3 3.50882e-012
0.35 1.25994e-011
0.4 3.5531e-011
0.45 8.25948e-011
0.5 1.6636e-010
0.55 3.01628e-010
0.6 5.05752e-010
0.65 7.99206e-010
0.7 1.2063e-009
0.75 1.756e-009
0.8 2.48274e-009
0.85 3.42707e-009
0.9 4.63597e-009
0.95 6.16244e-009
1 8.06412e-009
1.05 1.04008e-008
1.1 1.32318e-008
1.15 1.66148e-008
1.2 2.06042e-008
1.25 2.52497e-008
1.3 3.05949e-008
1.35 3.66761e-008
1.4 4.35206e-008
1.45 5.11461e-008
1.5 5.956e-008
1.6 7.87281e-008
1.7 1.0087e-007
1.8 1.25689e-007
1.9 1.528e-007
2 1.81796e-007
2.1 2.123e-007
2.2 2.43991e-007
2.3 2.76614e-007
2.4 3.0997e-007
2.5 3.43906e-007
2.6 3.78309e-007
2.7 4.13092e-007
2.8 4.48188e-007
2.9 4.83545e-007
3 5.19123e-007
