source current vs gate bias
76 2 2
gate bias
source current
-3 -4.47418e-019
-2.8 -5.66949e-020
-2.6 -4.03007e-019
-2.4 -2.80168e-019
-2.2 9.63814e-020
-2 1.16225e-019
-1.8 3.59068e-020
-1.6 2.00511e-018
-1.4 7.19837e-018
-1.2 1.68951e-017
-1 -6.27424e-019
-0.95 -1.66305e-019
-0.9 -1.22839e-019
-0.85 -5.06475e-019
-0.8 3.68517e-019
-0.75 1.04508e-018
-0.7 2.47568e-019
-0.65 3.77966e-019
-0.6 1.83314e-019
-0.55 4.72458e-020
-0.5 -6.38763e-019
-0.45 3.23161e-019
-0.4 8.20185e-019
-0.35 -5.49952e-019
-0.3 4.76162e-019
-0.25 1.53781e-018
-0.2 1.65954e-018
-0.15 -9.76398e-019
-0.1 -1.45923e-018
-0.05 -1.2291e-017
-4.24783e-016 -8.81825e-017
0.05 -5.82686e-016
0.1 -3.75451e-015
0.15 -2.33822e-014
0.2 -1.39543e-013
0.25 -7.63868e-013
0.3 -3.50882e-012
0.35 -1.25994e-011
0.4 -3.5531e-011
0.45 -8.25948e-011
0.5 -1.6636e-010
0.55 -3.01628e-010
0.6 -5.05752e-010
0.65 -7.99206e-010
0.7 -1.2063e-009
0.75 -1.756e-009
0.8 -2.48274e-009
0.85 -3.42707e-009
0.9 -4.63597e-009
0.95 -6.16244e-009
1 -8.06412e-009
1.05 -1.04008e-008
1.1 -1.32318e-008
1.15 -1.66148e-008
1.2 -2.06042e-008
1.25 -2.52497e-008
1.3 -3.05949e-008
1.35 -3.66761e-008
1.4 -4.35206e-008
1.45 -5.11461e-008
1.5 -5.956e-008
1.6 -7.87281e-008
1.7 -1.0087e-007
1.8 -1.25689e-007
1.9 -1.528e-007
2 -1.81796e-007
2.1 -2.123e-007
2.2 -2.43991e-007
2.3 -2.76614e-007
2.4 -3.0997e-007
2.5 -3.43906e-007
2.6 -3.78309e-007
2.7 -4.13092e-007
2.8 -4.48188e-007
2.9 -4.83545e-007
3 -5.19123e-007
