Valence Band Energy vs Depth
87 2 2
Depth
Valence Band Energy
0 -6.35345
0.0200101 -6.35345
0.0343543 -6.35345
0.0446368 -6.35345
0.0520079 -6.35345
0.0572917 -6.35345
0.0610795 -6.35345
0.0637947 -6.35345
0.0657411 -6.35345
0.0671363 -6.35345
0.0681365 -6.35345
0.0688535 -6.35345
0.0693675 -6.35345
0.0697359 -6.35345
0.07 -3.80345
0.07 -3.80345
0.0702481 -3.80566
0.0704686 -3.81139
0.0706647 -3.8196
0.0708389 -3.82949
0.0709938 -3.8405
0.0711315 -3.85216
0.0712539 -3.86414
0.0713627 -3.87614
0.0714594 -3.88798
0.0715453 -3.89949
0.0716217 -3.91055
0.0716896 -3.92108
0.07175 -3.93102
0.07175 -3.93102
0.0718125 -3.94195
0.071875 -3.95354
0.0719375 -3.96585
0.072 -3.97892
0.072 -3.97892
0.0720595 -6.54009
0.0721253 -6.55245
0.0721982 -6.56614
0.0722789 -6.5813
0.0723683 -6.59808
0.0724672 -6.61666
0.0725767 -6.63723
0.072698 -6.66
0.0728323 -6.68521
0.0729809 -6.71313
0.0731455 -6.74403
0.0733277 -6.77825
0.0735294 -6.81613
0.0737527 -6.85808
0.074 -2.70451
0.074 -2.70451
0.0742427 -2.72547
0.0744984 -2.74755
0.0747678 -2.77082
0.0750516 -2.79533
0.0753506 -2.82116
0.0756656 -2.84837
0.0759976 -2.87703
0.0763473 -2.90724
0.0767157 -2.93906
0.0771039 -2.97258
0.0775128 -3.0079
0.0779437 -3.04511
0.0783977 -3.08432
0.0788759 -3.12563
0.0793798 -3.16915
0.0799107 -3.215
0.0804701 -3.26331
0.0810594 -3.3142
0.0816802 -3.36782
0.0823344 -3.42432
0.0830235 -3.48384
0.0837496 -3.54655
0.0845146 -3.61262
0.0853206 -3.68222
0.0861697 -3.75556
0.0870644 -3.83283
0.0880069 -3.91423
0.089 -4
0.089 0
0.0900551 0
0.0917786 0
0.0945935 0
0.0991911 0
0.106701 0
0.118966 0
0.139 0
