Valence Band Energy vs Depth
87 2 2
Depth
Valence Band Energy
0 -5.96264
0.0200101 -5.96264
0.0343543 -5.96264
0.0446368 -5.96264
0.0520079 -5.96264
0.0572917 -5.96264
0.0610795 -5.96264
0.0637947 -5.96264
0.0657411 -5.96264
0.0671363 -5.96264
0.0681365 -5.96264
0.0688535 -5.96264
0.0693675 -5.96264
0.0697359 -5.96264
0.07 -3.41264
0.07 -3.41264
0.0702481 -3.41294
0.0704686 -3.41373
0.0706647 -3.41485
0.0708389 -3.41619
0.0709938 -3.41764
0.0711315 -3.41916
0.0712539 -3.42069
0.0713627 -3.4222
0.0714594 -3.42366
0.0715453 -3.42506
0.0716217 -3.42638
0.0716896 -3.42762
0.07175 -3.42877
0.07175 -3.42877
0.0718125 -3.43003
0.071875 -3.43137
0.0719375 -3.43279
0.072 -3.43428
0.072 -3.43428
0.0720595 -5.98372
0.0721253 -5.98309
0.0721982 -5.9824
0.0722789 -5.98164
0.0723683 -5.98079
0.0724672 -5.97985
0.0725767 -5.97882
0.072698 -5.97767
0.0728323 -5.9764
0.0729809 -5.97499
0.0731455 -5.97343
0.0733277 -5.9717
0.0735294 -5.96979
0.0737527 -5.96768
0.074 -1.76534
0.074 -1.76534
0.0742427 -1.76428
0.0744984 -1.76317
0.0747678 -1.76199
0.0750516 -1.76076
0.0753506 -1.75945
0.0756656 -1.75808
0.0759976 -1.75664
0.0763473 -1.75511
0.0767157 -1.75351
0.0771039 -1.75182
0.0775128 -1.75004
0.0779437 -1.74816
0.0783977 -1.74618
0.0788759 -1.7441
0.0793798 -1.7419
0.0799107 -1.73959
0.0804701 -1.73715
0.0810594 -1.73459
0.0816802 -1.73188
0.0823344 -1.72903
0.0830235 -1.72603
0.0837496 -1.72287
0.0845146 -1.71954
0.0853206 -1.71603
0.0861697 -1.71233
0.0870644 -1.70843
0.0880069 -1.70433
0.089 -1.7
0.089 0
0.0900551 0
0.0917786 0
0.0945935 0
0.0991911 0
0.106701 0
0.118966 0
0.139 0
