Probe bulk_back_electrons vs gate bias
121 2 2
gate bias
Probe bulk_back_electrons
-3 2.43112e-032
-2.95 2.55203e-032
-2.9 2.70302e-032
-2.85 2.89787e-032
-2.8 3.15998e-032
-2.75 3.53203e-032
-2.7 4.09927e-032
-2.65 5.05427e-032
-2.6 6.91369e-032
-2.55 1.14577e-031
-2.5 2.7353e-031
-2.45 1.12549e-030
-2.4 6.81666e-030
-2.35 4.61211e-029
-2.3 3.18013e-028
-2.25 2.19887e-027
-2.2 1.52088e-026
-2.15 1.04655e-025
-2.1 6.96655e-025
-2.05 4.49003e-024
-2 2.95246e-023
-1.95 2.00036e-022
-1.9 1.37456e-021
-1.85 9.49005e-021
-1.8 6.56128e-020
-1.75 4.53824e-019
-1.7 3.13934e-018
-1.65 2.17172e-017
-1.6 1.50236e-016
-1.55 1.03931e-015
-1.5 7.18979e-015
-1.45 4.97379e-014
-1.4 3.4408e-013
-1.35 2.38029e-012
-1.3 1.6466e-011
-1.25 1.13884e-010
-1.2 7.86592e-010
-1.15 5.38321e-009
-1.1 3.47954e-008
-1.05 1.89547e-007
-1 1.11175e-006
-0.95 7.55871e-006
-0.9 5.22566e-005
-0.85 0.000361481
-0.8 0.00250055
-0.75 0.0172976
-0.7 0.119656
-0.65 0.827685
-0.6 5.72515
-0.55 39.6033
-0.5 273.953
-0.45 1895.04
-0.4 13108.7
-0.35 90677.6
-0.3 627246
-0.25 4.33883e+006
-0.2 3.00124e+007
-0.15 2.07595e+008
-0.1 1.43579e+009
-0.05 9.92717e+009
0 6.85638e+010
0.05 4.718e+011
0.1 3.20593e+012
0.15 2.09095e+013
0.2 1.2128e+014
0.25 5.47228e+014
0.3 1.74332e+015
0.35 4.03552e+015
0.4 7.41849e+015
0.45 1.16878e+016
0.5 1.65994e+016
0.55 2.19399e+016
0.6 2.75444e+016
0.65 3.32934e+016
0.7 3.91046e+016
0.75 4.4924e+016
0.8 5.07179e+016
0.85 5.6466e+016
0.9 6.21567e+016
0.95 6.77843e+016
1 7.33459e+016
1.05 7.88388e+016
1.1 8.42583e+016
1.15 8.95978e+016
1.2 9.48507e+016
1.25 1.00012e+017
1.3 1.05079e+017
1.35 1.10053e+017
1.4 1.14936e+017
1.45 1.19733e+017
1.5 1.24451e+017
1.55 1.29097e+017
1.6 1.33678e+017
1.65 1.38202e+017
1.7 1.42676e+017
1.75 1.47105e+017
1.8 1.51493e+017
1.85 1.55846e+017
1.9 1.60165e+017
1.95 1.64452e+017
2 1.68708e+017
2.05 1.72934e+017
2.1 1.77131e+017
2.15 1.81297e+017
2.2 1.85434e+017
2.25 1.89541e+017
2.3 1.93619e+017
2.35 1.97666e+017
2.4 2.01684e+017
2.45 2.05672e+017
2.5 2.09631e+017
2.55 2.1356e+017
2.6 2.17461e+017
2.65 2.21332e+017
2.7 2.25175e+017
2.75 2.28991e+017
2.8 2.32778e+017
2.85 2.36539e+017
2.9 2.40272e+017
2.95 2.43979e+017
3 2.47661e+017
