Probe bulk_front_electrons vs gate bias
121 2 2
gate bias
Probe bulk_front_electrons
-3 3.58814e-033
-2.95 4.2391e-033
-2.9 5.09881e-033
-2.85 6.27416e-033
-2.8 7.95218e-033
-2.75 1.04844e-032
-2.7 1.45938e-032
-2.65 2.19571e-032
-2.6 3.71644e-032
-2.55 7.62014e-032
-2.5 2.16973e-031
-2.45 9.78905e-031
-2.4 6.07436e-030
-2.35 4.12663e-029
-2.3 2.8471e-028
-2.25 1.96877e-027
-2.2 1.36174e-026
-2.15 9.37046e-026
-2.1 6.23763e-025
-2.05 4.02023e-024
-2 2.64354e-023
-1.95 1.79105e-022
-1.9 1.23073e-021
-1.85 8.49707e-021
-1.8 5.87476e-020
-1.75 4.06339e-019
-1.7 2.81086e-018
-1.65 1.94449e-017
-1.6 1.34516e-016
-1.55 9.30562e-016
-1.5 6.4375e-015
-1.45 4.45337e-014
-1.4 3.08078e-013
-1.35 2.13123e-012
-1.3 1.47431e-011
-1.25 1.01968e-010
-1.2 7.04288e-010
-1.15 4.81995e-009
-1.1 3.11546e-008
-1.05 1.69713e-007
-1 9.9542e-007
-0.95 6.7678e-006
-0.9 4.67887e-005
-0.85 0.000323657
-0.8 0.00223891
-0.75 0.0154876
-0.7 0.107136
-0.65 0.741082
-0.6 5.12608
-0.55 35.4592
-0.5 245.286
-0.45 1696.75
-0.4 11737
-0.35 81189.2
-0.3 561611
-0.25 3.88482e+006
-0.2 2.6872e+007
-0.15 1.85873e+008
-0.1 1.28558e+009
-0.05 8.88918e+009
0 6.1408e+010
0.05 4.22878e+011
0.1 2.88095e+012
0.15 1.89515e+013
0.2 1.12778e+014
0.25 5.41338e+014
0.3 1.9259e+015
0.35 5.18601e+015
0.4 1.13627e+016
0.45 2.15719e+016
0.5 3.70158e+016
0.55 5.8987e+016
0.6 8.88686e+016
0.65 1.28138e+017
0.7 1.78375e+017
0.75 2.41278e+017
0.8 3.18667e+017
0.85 4.12487e+017
0.9 5.24786e+017
0.95 6.57693e+017
1 8.13367e+017
1.05 9.93886e+017
1.1 1.20109e+018
1.15 1.43642e+018
1.2 1.70092e+018
1.25 1.9952e+018
1.3 2.31956e+018
1.35 2.674e+018
1.4 3.05836e+018
1.45 3.47235e+018
1.5 3.91565e+018
1.55 4.38788e+018
1.6 4.88867e+018
1.65 5.41763e+018
1.7 5.97432e+018
1.75 6.55823e+018
1.8 7.16874e+018
1.85 7.80511e+018
1.9 8.46649e+018
1.95 9.1519e+018
2 9.86026e+018
2.05 1.05904e+019
2.1 1.13412e+019
2.15 1.21115e+019
2.2 1.28999e+019
2.25 1.37054e+019
2.3 1.45268e+019
2.35 1.53631e+019
2.4 1.62131e+019
2.45 1.70759e+019
2.5 1.79505e+019
2.55 1.88362e+019
2.6 1.9732e+019
2.65 2.06373e+019
2.7 2.15514e+019
2.75 2.24735e+019
2.8 2.34032e+019
2.85 2.43398e+019
2.9 2.52828e+019
2.95 2.62319e+019
3 2.71865e+019
