Probe bulk_free_electrons vs gate bias
121 2 2
gate bias
Probe bulk_free_electrons
-3 6.1154e+011
-2.95 6.18261e+011
-2.9 6.25202e+011
-2.85 6.32378e+011
-2.8 6.39811e+011
-2.75 6.47534e+011
-2.7 6.55601e+011
-2.65 6.64068e+011
-2.6 6.72939e+011
-2.55 6.82172e+011
-2.5 6.91754e+011
-2.45 7.01695e+011
-2.4 7.12005e+011
-2.35 7.22701e+011
-2.3 7.338e+011
-2.25 7.45324e+011
-2.2 7.57295e+011
-2.15 7.69737e+011
-2.1 7.82676e+011
-2.05 7.96141e+011
-2 8.10161e+011
-1.95 8.24769e+011
-1.9 8.4e+011
-1.85 8.55892e+011
-1.8 8.72488e+011
-1.75 8.89832e+011
-1.7 9.07974e+011
-1.65 9.26967e+011
-1.6 9.46872e+011
-1.55 9.67753e+011
-1.5 9.89683e+011
-1.45 1.01274e+012
-1.4 1.03701e+012
-1.35 1.0626e+012
-1.3 1.08961e+012
-1.25 1.11816e+012
-1.2 1.1484e+012
-1.15 1.18048e+012
-1.1 1.21457e+012
-1.05 1.25087e+012
-1 1.28962e+012
-0.95 1.33107e+012
-0.9 1.37553e+012
-0.85 1.42335e+012
-0.8 1.47495e+012
-0.75 1.5308e+012
-0.7 1.59149e+012
-0.65 1.65769e+012
-0.6 1.73025e+012
-0.55 1.81016e+012
-0.5 1.89866e+012
-0.45 1.99729e+012
-0.4 2.10799e+012
-0.35 2.23324e+012
-0.3 2.37626e+012
-0.25 2.54128e+012
-0.2 2.73405e+012
-0.15 2.96251e+012
-0.1 3.23851e+012
-0.05 3.58375e+012
0 4.06238e+012
0.05 4.99114e+012
0.1 8.32649e+012
0.15 2.627e+013
0.2 1.24203e+014
0.25 5.43065e+014
0.3 1.77484e+015
0.35 4.35495e+015
0.4 8.67089e+015
0.45 1.50068e+016
0.5 2.36377e+016
0.55 3.48841e+016
0.6 4.91388e+016
0.65 6.68816e+016
0.7 8.86885e+016
0.75 1.15236e+017
0.8 1.47297e+017
0.85 1.85722e+017
0.9 2.31413e+017
0.95 2.85285e+017
1 3.48226e+017
1.05 4.21028e+017
1.1 5.04315e+017
1.15 5.98491e+017
1.2 7.03745e+017
1.25 8.20083e+017
1.3 9.47375e+017
1.35 1.08541e+018
1.4 1.23394e+018
1.45 1.39271e+018
1.5 1.56149e+018
1.55 1.74007e+018
1.6 1.92826e+018
1.65 2.12589e+018
1.7 2.33278e+018
1.75 2.54873e+018
1.8 2.7735e+018
1.85 3.00681e+018
1.9 3.24831e+018
1.95 3.49767e+018
2 3.75448e+018
2.05 4.01836e+018
2.1 4.28889e+018
2.15 4.56569e+018
2.2 4.84837e+018
2.25 5.13656e+018
2.3 5.42991e+018
2.35 5.7281e+018
2.4 6.03083e+018
2.45 6.3378e+018
2.5 6.64875e+018
2.55 6.96344e+018
2.6 7.28164e+018
2.65 7.60314e+018
2.7 7.92775e+018
2.75 8.25529e+018
2.8 8.5856e+018
2.85 8.91851e+018
2.9 9.25389e+018
2.95 9.59162e+018
3 9.93155e+018
