Probe channel_electrons vs gate bias
121 2 2
gate bias
Probe channel_electrons
-3 1.39245e-032
-2.95 1.50232e-032
-2.9 1.64028e-032
-2.85 1.81934e-032
-2.8 2.06167e-032
-2.75 2.40781e-032
-2.7 2.93909e-032
-2.65 3.83984e-032
-2.6 5.60611e-032
-2.55 9.94975e-032
-2.5 2.52062e-031
-2.45 1.07087e-030
-2.4 6.54147e-030
-2.35 4.43228e-029
-2.3 3.05678e-028
-2.25 2.11365e-027
-2.2 1.46194e-026
-2.15 1.00599e-025
-2.1 6.6966e-025
-2.05 4.31605e-024
-2 2.83806e-023
-1.95 1.92285e-022
-1.9 1.3213e-021
-1.85 9.12233e-021
-1.8 6.30705e-020
-1.75 4.3624e-019
-1.7 3.0177e-018
-1.65 2.08757e-017
-1.6 1.44414e-016
-1.55 9.99037e-016
-1.5 6.9112e-015
-1.45 4.78107e-014
-1.4 3.30748e-013
-1.35 2.28806e-012
-1.3 1.5828e-011
-1.25 1.09471e-010
-1.2 7.56113e-010
-1.15 5.17462e-009
-1.1 3.34472e-008
-1.05 1.82203e-007
-1 1.06868e-006
-0.95 7.26587e-006
-0.9 5.0232e-005
-0.85 0.000347477
-0.8 0.00240368
-0.75 0.0166274
-0.7 0.11502
-0.65 0.795613
-0.6 5.50323
-0.55 38.0681
-0.5 263.333
-0.45 1821.58
-0.4 12600.6
-0.35 87162.7
-0.3 602932
-0.25 4.17064e+006
-0.2 2.88491e+007
-0.15 1.99548e+008
-0.1 1.38014e+009
-0.05 9.54266e+009
0 6.59132e+010
0.05 4.53684e+011
0.1 3.08571e+012
0.15 2.01875e+013
0.2 1.18176e+014
0.25 5.45125e+014
0.3 1.80562e+015
0.35 4.40474e+015
0.4 8.59392e+015
0.45 1.44018e+016
0.5 2.17415e+016
0.55 3.04796e+016
0.6 4.04722e+016
0.65 5.1584e+016
0.7 6.36973e+016
0.75 7.67158e+016
0.8 9.05638e+016
0.85 1.05183e+017
0.9 1.20529e+017
0.95 1.36566e+017
1 1.53267e+017
1.05 1.70603e+017
1.1 1.88535e+017
1.15 2.07017e+017
1.2 2.25997e+017
1.25 2.45427e+017
1.3 2.65262e+017
1.35 2.85472e+017
1.4 3.06034e+017
1.45 3.26939e+017
1.5 3.48184e+017
1.55 3.69775e+017
1.6 3.91725e+017
1.65 4.14046e+017
1.7 4.36756e+017
1.75 4.59868e+017
1.8 4.83393e+017
1.85 5.0734e+017
1.9 5.31712e+017
1.95 5.5651e+017
2 5.8173e+017
2.05 6.07368e+017
2.1 6.33416e+017
2.15 6.59864e+017
2.2 6.86705e+017
2.25 7.13926e+017
2.3 7.41519e+017
2.35 7.69472e+017
2.4 7.97777e+017
2.45 8.26424e+017
2.5 8.55402e+017
2.55 8.84705e+017
2.6 9.14322e+017
2.65 9.44247e+017
2.7 9.7447e+017
2.75 1.00499e+018
2.8 1.03579e+018
2.85 1.06687e+018
2.9 1.09822e+018
2.95 1.12984e+018
3 1.16171e+018
