drain current vs gate bias
121 2 2
gate bias
drain current
-3 0
-2.95 0
-2.9 0
-2.85 0
-2.8 0
-2.75 0
-2.7 0
-2.65 0
-2.6 0
-2.55 0
-2.5 0
-2.45 0
-2.4 0
-2.35 0
-2.3 0
-2.25 0
-2.2 0
-2.15 0
-2.1 0
-2.05 0
-2 0
-1.95 0
-1.9 0
-1.85 0
-1.8 0
-1.75 0
-1.7 0
-1.65 0
-1.6 0
-1.55 0
-1.5 0
-1.45 0
-1.4 0
-1.35 0
-1.3 0
-1.25 0
-1.2 0
-1.15 0
-1.1 0
-1.05 0
-1 0
-0.95 0
-0.9 0
-0.85 0
-0.8 0
-0.75 0
-0.7 0
-0.65 0
-0.6 0
-0.55 0
-0.5 0
-0.45 0
-0.4 0
-0.35 0
-0.3 2.06464e-021
-0.25 1.44525e-020
-0.2 9.80704e-020
-0.15 6.81331e-019
-0.1 4.71409e-018
-0.05 3.25991e-017
0 2.25224e-016
0.05 1.55223e-015
0.1 1.06081e-014
0.15 7.05267e-014
0.2 4.32834e-013
0.25 2.223e-012
0.3 8.75303e-012
0.35 2.63071e-011
0.4 6.36448e-011
0.45 1.31339e-010
0.5 2.41627e-010
0.55 4.08649e-010
0.6 6.48863e-010
0.65 9.81558e-010
0.7 1.42941e-009
0.75 2.01904e-009
0.8 2.78146e-009
0.85 3.75235e-009
0.9 4.97174e-009
0.95 6.48307e-009
1 8.3314e-009
1.05 1.05618e-008
1.1 1.32182e-008
1.15 1.63425e-008
1.2 1.99733e-008
1.25 2.41449e-008
1.3 2.88865e-008
1.35 3.42211e-008
1.4 4.0165e-008
1.45 4.67274e-008
1.5 5.39098e-008
1.55 6.17066e-008
1.6 7.01042e-008
1.65 7.90828e-008
1.7 8.86165e-008
1.75 9.86752e-008
1.8 1.09226e-007
1.85 1.20235e-007
1.9 1.31668e-007
1.95 1.43492e-007
2 1.55676e-007
2.05 1.68191e-007
2.1 1.81011e-007
2.15 1.9411e-007
2.2 2.07467e-007
2.25 2.21062e-007
2.3 2.34877e-007
2.35 2.48895e-007
2.4 2.63102e-007
2.45 2.77484e-007
2.5 2.92029e-007
2.55 3.06727e-007
2.6 3.21567e-007
2.65 3.3654e-007
2.7 3.51638e-007
2.75 3.66854e-007
2.8 3.8218e-007
2.85 3.97611e-007
2.9 4.1314e-007
2.95 4.28761e-007
3 4.44471e-007
