Probe channel_mobility vs gate bias
121 2 2
gate bias
Probe channel_mobility
-3 13
-2.95 13
-2.9 13
-2.85 13
-2.8 13
-2.75 13
-2.7 13
-2.65 13
-2.6 13
-2.55 13
-2.5 13
-2.45 13
-2.4 13
-2.35 13
-2.3 13
-2.25 13
-2.2 13
-2.15 13
-2.1 13
-2.05 13
-2 13
-1.95 13
-1.9 13
-1.85 13
-1.8 13
-1.75 13
-1.7 13
-1.65 13
-1.6 13
-1.55 13
-1.5 13
-1.45 13
-1.4 13
-1.35 13
-1.3 13
-1.25 13
-1.2 13
-1.15 13
-1.1 13
-1.05 13
-1 13
-0.95 13
-0.9 13
-0.85 13
-0.8 13
-0.75 13
-0.7 13
-0.65 13
-0.6 13
-0.55 13
-0.5 13
-0.45 13
-0.4 13
-0.35 13
-0.3 13
-0.25 13
-0.2 13
-0.15 13
-0.1 13
-0.05 13
0 13
0.05 13
0.1 13
0.15 13
0.2 13
0.25 13
0.3 13
0.35 13
0.4 13
0.45 13
0.5 13
0.55 13
0.6 13
0.65 13
0.7 13
0.75 13
0.8 13
0.85 13
0.9 13
0.95 13
1 13
1.05 13
1.1 13
1.15 13
1.2 13
1.25 13
1.3 13
1.35 13
1.4 13
1.45 13
1.5 13
1.55 13
1.6 13
1.65 13
1.7 13
1.75 13
1.8 13
1.85 13
1.9 13
1.95 13
2 13
2.05 13
2.1 13
2.15 13
2.2 13
2.25 13
2.3 13
2.35 13
2.4 13
2.45 13
2.5 13
2.55 13
2.6 13
2.65 13
2.7 13
2.75 13
2.8 13
2.85 13
2.9 13
2.95 13
3 13
