Probe avg_n vs gate bias
76 2 2
gate bias
Probe avg_n
-3 8.65084e+012
-2.8 8.71718e+012
-2.6 8.80179e+012
-2.4 8.90974e+012
-2.2 9.04796e+012
-2 9.2257e+012
-1.8 9.4555e+012
-1.6 9.75466e+012
-1.4 1.01476e+013
-1.2 1.06695e+013
-1 1.13736e+013
-0.95 1.1587e+013
-0.9 1.18184e+013
-0.85 1.207e+013
-0.8 1.23439e+013
-0.75 1.26427e+013
-0.7 1.29693e+013
-0.65 1.33273e+013
-0.6 1.37207e+013
-0.55 1.4154e+013
-0.5 1.46328e+013
-0.45 1.51635e+013
-0.4 1.57536e+013
-0.35 1.64122e+013
-0.3 1.71497e+013
-0.25 1.79786e+013
-0.2 1.89137e+013
-0.15 1.99723e+013
-0.1 2.11758e+013
-0.05 2.25553e+013
-4.24783e-016 2.41882e+013
0.05 2.64242e+013
0.1 3.1243e+013
0.15 5.00487e+013
0.2 1.43259e+014
0.25 5.61653e+014
0.3 1.95374e+015
0.35 5.22583e+015
0.4 1.11079e+016
0.45 2.00415e+016
0.5 3.23125e+016
0.55 4.81693e+016
0.6 6.78843e+016
0.65 9.1787e+016
0.7 1.20286e+017
0.75 1.53883e+017
0.8 1.93192e+017
0.85 2.3895e+017
0.9 2.92031e+017
0.95 3.53479e+017
1 4.24539e+017
1.05 5.06688e+017
1.1 6.01587e+017
1.15 7.10993e+017
1.2 8.36686e+017
1.25 9.80419e+017
1.3 1.14388e+018
1.35 1.32868e+018
1.4 1.53626e+018
1.45 1.76795e+018
1.5 2.02491e+018
1.6 2.61844e+018
1.7 3.32285e+018
1.8 4.14184e+018
1.9 5.07692e+018
2 6.12744e+018
2.1 7.29056e+018
2.2 8.56126e+018
2.3 9.93267e+018
2.4 1.13965e+019
2.5 1.29437e+019
2.6 1.45649e+019
2.7 1.62509e+019
2.8 1.7993e+019
2.9 1.97833e+019
3 2.16148e+019
