Conduction Band Energy vs Depth
87 2 2
Depth
Conduction Band Energy
0 3.48218
0.0200101 3.48218
0.0343543 3.48218
0.0446368 3.48218
0.0520079 3.48218
0.0572917 3.48218
0.0610795 3.48218
0.0637947 3.48218
0.0657411 3.48218
0.0671363 3.48218
0.0681365 3.48218
0.0688535 3.48218
0.0693675 3.48218
0.0697359 3.48218
0.07 0.43549
0.07 0.43549
0.0702481 0.435504
0.0704686 0.43554
0.0706647 0.435591
0.0708389 0.435652
0.0709938 0.435717
0.0711315 0.435784
0.0712539 0.435852
0.0713627 0.435917
0.0714594 0.43598
0.0715453 0.436039
0.0716217 0.436095
0.0716896 0.436147
0.07175 0.436194
0.07175 0.436194
0.0718125 0.436244
0.071875 0.436294
0.0719375 0.436344
0.072 0.436394
0.072 0.436394
0.0720595 3.4852
0.0721253 3.48755
0.0721982 3.49014
0.0722789 3.49302
0.0723683 3.4962
0.0724672 3.49972
0.0725767 3.50362
0.072698 3.50794
0.0728323 3.51273
0.0729809 3.51802
0.0731455 3.52388
0.0733277 3.53037
0.0735294 3.53755
0.0737527 3.54551
0.074 4.45431
0.074 4.45431
0.0742427 4.45829
0.0744984 4.46248
0.0747678 4.46689
0.0750516 4.47154
0.0753506 4.47644
0.0756656 4.4816
0.0759976 4.48703
0.0763473 4.49276
0.0767157 4.4988
0.0771039 4.50515
0.0775128 4.51185
0.0779437 4.51891
0.0783977 4.52634
0.0788759 4.53418
0.0793798 4.54243
0.0799107 4.55113
0.0804701 4.56029
0.0810594 4.56994
0.0816802 4.58011
0.0823344 4.59082
0.0830235 4.60211
0.0837496 4.614
0.0845146 4.62653
0.0853206 4.63973
0.0861697 4.65364
0.0870644 4.6683
0.0880069 4.68373
0.089 4.7
0.089 0
0.0900551 0
0.0917786 0
0.0945935 0
0.0991911 0
0.106701 0
0.118966 0
0.139 0
