Conduction Band Energy vs Depth
87 2 2
Depth
Conduction Band Energy
0 2.68933
0.0200101 2.68933
0.0343543 2.68933
0.0446368 2.68933
0.0520079 2.68933
0.0572917 2.68933
0.0610795 2.68933
0.0637947 2.68933
0.0657411 2.68933
0.0671363 2.68933
0.0681365 2.68933
0.0688535 2.68933
0.0693675 2.68933
0.0697359 2.68933
0.07 -0.357356
0.07 -0.357356
0.0702481 -0.359664
0.0704686 -0.365653
0.0706647 -0.374213
0.0708389 -0.384525
0.0709938 -0.395971
0.0711315 -0.408077
0.0712539 -0.420478
0.0713627 -0.432894
0.0714594 -0.445109
0.0715453 -0.456963
0.0716217 -0.468337
0.0716896 -0.479148
0.07175 -0.489344
0.07175 -0.489344
0.0718125 -0.500528
0.071875 -0.512386
0.0719375 -0.524955
0.072 -0.538274
0.072 -0.538274
0.0720595 2.497
0.0721253 2.48436
0.0721982 2.47036
0.0722789 2.45486
0.0723683 2.43771
0.0724672 2.41872
0.0725767 2.39769
0.072698 2.3744
0.0728323 2.34863
0.0729809 2.32009
0.0731455 2.28849
0.0733277 2.25351
0.0735294 2.21478
0.0737527 2.1719
0.074 3.02443
0.074 3.02443
0.0742427 3.003
0.0744984 2.98043
0.0747678 2.95664
0.0750516 2.93158
0.0753506 2.90518
0.0756656 2.87736
0.0759976 2.84805
0.0763473 2.81718
0.0767157 2.78465
0.0771039 2.75037
0.0775128 2.71426
0.0779437 2.67622
0.0783977 2.63614
0.0788759 2.59391
0.0793798 2.54941
0.0799107 2.50254
0.0804701 2.45315
0.0810594 2.40112
0.0816802 2.3463
0.0823344 2.28854
0.0830235 2.22769
0.0837496 2.16358
0.0845146 2.09604
0.0853206 2.02487
0.0861697 1.9499
0.0870644 1.87091
0.0880069 1.78768
0.089 1.7
0.089 0
0.0900551 0
0.0917786 0
0.0945935 0
0.0991911 0
0.106701 0
0.118966 0
0.139 0
