Conduction Band Energy vs Depth
87 2 2
Depth
Conduction Band Energy
0 3.04968
0.0200101 3.04968
0.0343543 3.04968
0.0446368 3.04968
0.0520079 3.04968
0.0572917 3.04968
0.0610795 3.04968
0.0637947 3.04968
0.0657411 3.04968
0.0671363 3.04968
0.0681365 3.04968
0.0688535 3.04968
0.0693675 3.04968
0.0697359 3.04968
0.07 0.00299149
0.07 0.00299149
0.0702481 0.00267344
0.0704686 0.001853
0.0706647 0.00069116
0.0708389 -0.000692085
0.0709938 -0.00220699
0.0711315 -0.00378648
0.0712539 -0.00538082
0.0713627 -0.00695356
0.0714594 -0.0084786
0.0715453 -0.0099378
0.0716217 -0.0113193
0.0716896 -0.0126158
0.07175 -0.013824
0.07175 -0.013824
0.0718125 -0.0151502
0.071875 -0.0165547
0.0719375 -0.0180392
0.072 -0.0196055
0.072 -0.0196055
0.0720595 3.02757
0.0721253 3.02811
0.0721982 3.02871
0.0722789 3.02937
0.0723683 3.0301
0.0724672 3.03091
0.0725767 3.03181
0.072698 3.0328
0.0728323 3.0339
0.0729809 3.03512
0.0731455 3.03647
0.0733277 3.03796
0.0735294 3.03962
0.0737527 3.04145
0.074 3.94347
0.074 3.94347
0.0742427 3.94439
0.0744984 3.94535
0.0747678 3.94637
0.0750516 3.94744
0.0753506 3.94856
0.0756656 3.94975
0.0759976 3.951
0.0763473 3.95232
0.0767157 3.95371
0.0771039 3.95517
0.0775128 3.95671
0.0779437 3.95833
0.0783977 3.96005
0.0788759 3.96185
0.0793798 3.96375
0.0799107 3.96575
0.0804701 3.96786
0.0810594 3.97008
0.0816802 3.97242
0.0823344 3.97488
0.0830235 3.97748
0.0837496 3.98021
0.0845146 3.9831
0.0853206 3.98613
0.0861697 3.98933
0.0870644 3.99271
0.0880069 3.99626
0.089 4
0.089 0
0.0900551 0
0.0917786 0
0.0945935 0
0.0991911 0
0.106701 0
0.118966 0
0.139 0
