Probe chan_n vs gate bias
76 2 2
gate bias
Probe chan_n
-3 1.19887e-038
-2.8 1.5623e-036
-2.6 3.50122e-033
-2.4 8.01791e-030
-2.2 1.83395e-026
-2 3.58271e-023
-1.8 7.90952e-020
-1.6 1.81133e-016
-1.4 4.1436e-013
-1.2 5.9828e-010
-1 1.32336e-006
-0.95 9.15449e-006
-0.9 6.33271e-005
-0.85 0.00043807
-0.8 0.00303039
-0.75 0.0209629
-0.7 0.145013
-0.65 1.00313
-0.6 6.93921
-0.55 48.002
-0.5 332.047
-0.45 2296.76
-0.4 15884.2
-0.35 109818
-0.3 758808
-0.25 5.23899e+006
-0.2 3.6139e+007
-0.15 2.49027e+008
-0.1 1.71206e+009
-0.05 1.16926e+010
-4.24783e-016 7.86074e+010
0.05 5.14133e+011
0.1 3.24342e+012
0.15 1.96046e+013
0.2 1.10446e+014
0.25 5.32994e+014
0.3 1.96752e+015
0.35 5.37747e+015
0.4 1.15278e+016
0.45 2.08519e+016
0.5 3.35953e+016
0.55 4.99423e+016
0.6 7.00806e+016
0.65 9.42324e+016
0.7 1.22675e+017
0.75 1.55757e+017
0.8 1.93907e+017
0.85 2.37647e+017
0.9 2.87608e+017
0.95 3.44544e+017
1 4.09373e+017
1.05 4.83194e+017
1.1 5.67271e+017
1.15 6.62986e+017
1.2 7.71807e+017
1.25 8.95263e+017
1.3 1.03493e+018
1.35 1.1924e+018
1.4 1.36928e+018
1.45 1.56712e+018
1.5 1.78746e+018
1.6 2.30117e+018
1.7 2.92036e+018
1.8 3.65238e+018
1.9 4.50148e+018
2 5.46838e+018
2.1 6.55032e+018
2.2 7.74139e+018
2.3 9.03332e+018
2.4 1.04163e+019
2.5 1.18801e+019
2.6 1.34142e+019
2.7 1.5009e+019
2.8 1.66557e+019
2.9 1.83465e+019
3 2.00745e+019
