source current vs gate bias
76 2 2
gate bias
source current
-3 -4.5167e-019
-2.8 2.16386e-019
-2.6 5.66949e-021
-2.4 -3.87415e-020
-2.2 7.05852e-019
-2 7.29475e-019
-1.8 1.45706e-018
-1.6 6.62386e-018
-1.4 2.16149e-017
-1.2 2.83475e-020
-1 -5.66949e-019
-0.95 -2.23e-019
-0.9 -3.79856e-019
-0.85 6.99238e-019
-0.8 -6.06636e-019
-0.75 -1.47407e-019
-0.7 1.66305e-019
-0.65 -6.21755e-019
-0.6 1.66305e-019
-0.55 -1.92763e-019
-0.5 -2.23e-019
-0.45 8.9956e-019
-0.4 1.42115e-018
-0.35 3.03695e-018
-0.3 3.29579e-018
-0.25 3.52591e-018
-0.2 5.46943e-018
-0.15 1.98985e-019
-0.1 -2.75642e-018
-0.05 -1.32875e-017
-4.24783e-016 -8.76961e-017
0.05 -5.82221e-016
0.1 -3.73955e-015
0.15 -2.3093e-014
0.2 -1.34557e-013
0.25 -6.97373e-013
0.3 -2.93799e-012
0.35 -9.60949e-012
0.4 -2.50229e-011
0.45 -5.4633e-011
0.5 -1.0475e-010
0.55 -1.82489e-010
0.6 -2.95859e-010
0.65 -4.53945e-010
0.7 -6.67135e-010
0.75 -9.47398e-010
0.8 -1.30859e-009
0.85 -1.76676e-009
0.9 -2.34041e-009
0.95 -3.05063e-009
1 -3.92078e-009
1.05 -4.97608e-009
1.1 -6.2435e-009
1.15 -7.75209e-009
1.2 -9.53304e-009
1.25 -1.16194e-008
1.3 -1.40457e-008
1.35 -1.68468e-008
1.4 -2.00578e-008
1.45 -2.37125e-008
1.5 -2.7843e-008
1.6 -3.76465e-008
1.7 -4.96605e-008
1.8 -6.40054e-008
1.9 -8.07204e-008
2 -9.97643e-008
2.1 -1.21027e-007
2.2 -1.44347e-007
2.3 -1.69532e-007
2.4 -1.96373e-007
2.5 -2.24663e-007
2.6 -2.54202e-007
2.7 -2.84807e-007
2.8 -3.16318e-007
2.9 -3.48593e-007
3 -3.81513e-007
