Valence Band Energy vs Depth
87 2 2
Depth
Valence Band Energy
0 -5.51782
0.0200101 -5.51782
0.0343543 -5.51782
0.0446368 -5.51782
0.0520079 -5.51782
0.0572917 -5.51782
0.0610795 -5.51782
0.0637947 -5.51782
0.0657411 -5.51782
0.0671363 -5.51782
0.0681365 -5.51782
0.0688535 -5.51782
0.0693675 -5.51782
0.0697359 -5.51782
0.07 -2.96782
0.07 -2.96782
0.0702481 -2.96781
0.0704686 -2.96777
0.0706647 -2.96772
0.0708389 -2.96766
0.0709938 -2.96759
0.0711315 -2.96753
0.0712539 -2.96746
0.0713627 -2.96739
0.0714594 -2.96733
0.0715453 -2.96727
0.0716217 -2.96722
0.0716896 -2.96716
0.07175 -2.96712
0.07175 -2.96712
0.0718125 -2.96707
0.071875 -2.96702
0.0719375 -2.96697
0.072 -2.96692
0.072 -2.96692
0.0720595 -5.5148
0.0721253 -5.51245
0.0721982 -5.50986
0.0722789 -5.50698
0.0723683 -5.5038
0.0724672 -5.50028
0.0725767 -5.49638
0.072698 -5.49206
0.0728323 -5.48727
0.0729809 -5.48198
0.0731455 -5.47612
0.0733277 -5.46963
0.0735294 -5.46245
0.0737527 -5.45449
0.074 -1.24569
0.074 -1.24569
0.0742427 -1.24171
0.0744984 -1.23752
0.0747678 -1.23311
0.0750516 -1.22846
0.0753506 -1.22356
0.0756656 -1.2184
0.0759976 -1.21297
0.0763473 -1.20724
0.0767157 -1.2012
0.0771039 -1.19485
0.0775128 -1.18815
0.0779437 -1.18109
0.0783977 -1.17366
0.0788759 -1.16582
0.0793798 -1.15757
0.0799107 -1.14887
0.0804701 -1.13971
0.0810594 -1.13006
0.0816802 -1.11989
0.0823344 -1.10918
0.0830235 -1.09789
0.0837496 -1.086
0.0845146 -1.07347
0.0853206 -1.06027
0.0861697 -1.04636
0.0870644 -1.0317
0.0880069 -1.01627
0.089 -1
0.089 0
0.0900551 0
0.0917786 0
0.0945935 0
0.0991911 0
0.106701 0
0.118966 0
0.139 0
