Valence Band Energy vs Depth
87 2 2
Depth
Valence Band Energy
0 -6.31067
0.0200101 -6.31067
0.0343543 -6.31067
0.0446368 -6.31067
0.0520079 -6.31067
0.0572917 -6.31067
0.0610795 -6.31067
0.0637947 -6.31067
0.0657411 -6.31067
0.0671363 -6.31067
0.0681365 -6.31067
0.0688535 -6.31067
0.0693675 -6.31067
0.0697359 -6.31067
0.07 -3.76067
0.07 -3.76067
0.0702481 -3.76297
0.0704686 -3.76896
0.0706647 -3.77752
0.0708389 -3.78783
0.0709938 -3.79928
0.0711315 -3.81139
0.0712539 -3.82379
0.0713627 -3.8362
0.0714594 -3.84842
0.0715453 -3.86027
0.0716217 -3.87165
0.0716896 -3.88246
0.07175 -3.89265
0.07175 -3.89265
0.0718125 -3.90384
0.071875 -3.9157
0.0719375 -3.92826
0.072 -3.94158
0.072 -3.94158
0.0720595 -6.503
0.0721253 -6.51564
0.0721982 -6.52964
0.0722789 -6.54514
0.0723683 -6.56229
0.0724672 -6.58128
0.0725767 -6.60231
0.072698 -6.6256
0.0728323 -6.65137
0.0729809 -6.67991
0.0731455 -6.71151
0.0733277 -6.74649
0.0735294 -6.78522
0.0737527 -6.8281
0.074 -2.67557
0.074 -2.67557
0.0742427 -2.697
0.0744984 -2.71957
0.0747678 -2.74336
0.0750516 -2.76842
0.0753506 -2.79482
0.0756656 -2.82264
0.0759976 -2.85195
0.0763473 -2.88282
0.0767157 -2.91535
0.0771039 -2.94963
0.0775128 -2.98574
0.0779437 -3.02378
0.0783977 -3.06386
0.0788759 -3.10609
0.0793798 -3.15059
0.0799107 -3.19746
0.0804701 -3.24685
0.0810594 -3.29888
0.0816802 -3.3537
0.0823344 -3.41146
0.0830235 -3.47231
0.0837496 -3.53642
0.0845146 -3.60396
0.0853206 -3.67513
0.0861697 -3.7501
0.0870644 -3.82909
0.0880069 -3.91232
0.089 -4
0.089 0
0.0900551 0
0.0917786 0
0.0945935 0
0.0991911 0
0.106701 0
0.118966 0
0.139 0
