Valence Band Energy vs Depth
87 2 2
Depth
Valence Band Energy
0 -5.95032
0.0200101 -5.95032
0.0343543 -5.95032
0.0446368 -5.95032
0.0520079 -5.95032
0.0572917 -5.95032
0.0610795 -5.95032
0.0637947 -5.95032
0.0657411 -5.95032
0.0671363 -5.95032
0.0681365 -5.95032
0.0688535 -5.95032
0.0693675 -5.95032
0.0697359 -5.95032
0.07 -3.40032
0.07 -3.40032
0.0702481 -3.40064
0.0704686 -3.40146
0.0706647 -3.40262
0.0708389 -3.404
0.0709938 -3.40552
0.0711315 -3.4071
0.0712539 -3.40869
0.0713627 -3.41026
0.0714594 -3.41179
0.0715453 -3.41325
0.0716217 -3.41463
0.0716896 -3.41593
0.07175 -3.41713
0.07175 -3.41713
0.0718125 -3.41846
0.071875 -3.41986
0.0719375 -3.42135
0.072 -3.42292
0.072 -3.42292
0.0720595 -5.97243
0.0721253 -5.97189
0.0721982 -5.97129
0.0722789 -5.97063
0.0723683 -5.9699
0.0724672 -5.96909
0.0725767 -5.96819
0.072698 -5.9672
0.0728323 -5.9661
0.0729809 -5.96488
0.0731455 -5.96353
0.0733277 -5.96204
0.0735294 -5.96038
0.0737527 -5.95855
0.074 -1.75653
0.074 -1.75653
0.0742427 -1.75561
0.0744984 -1.75465
0.0747678 -1.75363
0.0750516 -1.75256
0.0753506 -1.75144
0.0756656 -1.75025
0.0759976 -1.749
0.0763473 -1.74768
0.0767157 -1.74629
0.0771039 -1.74483
0.0775128 -1.74329
0.0779437 -1.74167
0.0783977 -1.73995
0.0788759 -1.73815
0.0793798 -1.73625
0.0799107 -1.73425
0.0804701 -1.73214
0.0810594 -1.72992
0.0816802 -1.72758
0.0823344 -1.72512
0.0830235 -1.72252
0.0837496 -1.71979
0.0845146 -1.7169
0.0853206 -1.71387
0.0861697 -1.71067
0.0870644 -1.70729
0.0880069 -1.70374
0.089 -1.7
0.089 0
0.0900551 0
0.0917786 0
0.0945935 0
0.0991911 0
0.106701 0
0.118966 0
0.139 0
