v ATLAS
# This file was created by ATLAS version 5.28.1.R on Sat Sep 12 21:17:26 2026.
#SSF 2.0 generic
##############################################################################
#                    Copyright (c) 1984 - 2019                               #
#                    Silvaco Inc. All rights reserved                        #
#                                                                            #
# This file format and the following Key are copyright Silvaco Inc.          #
# You may not use, this format or key without reproducing this message in    #
# full and obtaining express written permission from Silvaco Inc.            #
#                                                                            #
# To obtain such permission please contact: Silvaco Inc.                     #
#                                           support@silvaco.com              #
#                                                                            #
# KEY=SVC86hn7562asdx                       PROD=345                         #
##############################################################################
p 4 74 76 75 205
d  3.050000e+000 2.850500e-013 0.000000e+000 2.850500e-013
d  3.042037e+000 3.478429e-013 0.000000e+000 3.478429e-013
d  3.034073e+000 4.244681e-013 0.000000e+000 4.244681e-013
d  3.026110e+000 5.179730e-013 0.000000e+000 5.179730e-013
d  3.018146e+000 6.320758e-013 0.000000e+000 6.320758e-013
d  3.010183e+000 7.713139e-013 0.000000e+000 7.713139e-013
d  3.002219e+000 9.412244e-013 0.000000e+000 9.412244e-013
d  2.994256e+000 1.148564e-012 0.000000e+000 1.148564e-012
d  2.986292e+000 1.401578e-012 0.000000e+000 1.401578e-012
d  2.978329e+000 1.710327e-012 0.000000e+000 1.710327e-012
d  2.970366e+000 2.087090e-012 0.000000e+000 2.087090e-012
d  2.962402e+000 2.546850e-012 0.000000e+000 2.546850e-012
d  2.954439e+000 3.107888e-012 0.000000e+000 3.107888e-012
d  2.946475e+000 3.792515e-012 0.000000e+000 3.792515e-012
d  2.938512e+000 4.627958e-012 0.000000e+000 4.627958e-012
d  2.930548e+000 5.647437e-012 0.000000e+000 5.647437e-012
d  2.922585e+000 6.891494e-012 0.000000e+000 6.891494e-012
d  2.914621e+000 8.409602e-012 0.000000e+000 8.409602e-012
d  2.906658e+000 1.026213e-011 0.000000e+000 1.026213e-011
d  2.898695e+000 1.252274e-011 0.000000e+000 1.252274e-011
d  2.890731e+000 1.528134e-011 0.000000e+000 1.528134e-011
d  2.882768e+000 1.864762e-011 0.000000e+000 1.864762e-011
d  2.874804e+000 2.275546e-011 0.000000e+000 2.275546e-011
d  2.866841e+000 2.776819e-011 0.000000e+000 2.776819e-011
d  2.858877e+000 3.388516e-011 0.000000e+000 3.388516e-011
d  2.850914e+000 4.134963e-011 0.000000e+000 4.134963e-011
d  2.842950e+000 5.045842e-011 0.000000e+000 5.045842e-011
d  2.834987e+000 6.157376e-011 0.000000e+000 6.157376e-011
d  2.827023e+000 7.513766e-011 0.000000e+000 7.513766e-011
d  2.819060e+000 9.168952e-011 0.000000e+000 9.168952e-011
d  2.811097e+000 1.118875e-010 0.000000e+000 1.118875e-010
d  2.803133e+000 1.365349e-010 0.000000e+000 1.365349e-010
d  2.795170e+000 1.666118e-010 0.000000e+000 1.666118e-010
d  2.787206e+000 2.033142e-010 0.000000e+000 2.033142e-010
d  2.779243e+000 2.481017e-010 0.000000e+000 2.481017e-010
d  2.771279e+000 3.027553e-010 0.000000e+000 3.027553e-010
d  2.763316e+000 3.694484e-010 0.000000e+000 3.694484e-010
d  2.755352e+000 4.508332e-010 0.000000e+000 4.508332e-010
d  2.747389e+000 5.501459e-010 0.000000e+000 5.501459e-010
d  2.739426e+000 6.713359e-010 0.000000e+000 6.713359e-010
d  2.731462e+000 8.192226e-010 0.000000e+000 8.192226e-010
d  2.723499e+000 9.996868e-010 0.000000e+000 9.996868e-010
d  2.715535e+000 1.219905e-009 0.000000e+000 1.219905e-009
d  2.707572e+000 1.488634e-009 0.000000e+000 1.488634e-009
d  2.699608e+000 1.816561e-009 0.000000e+000 1.816561e-009
d  2.691645e+000 2.216726e-009 0.000000e+000 2.216726e-009
d  2.683681e+000 2.705042e-009 0.000000e+000 2.705042e-009
d  2.675718e+000 3.300928e-009 0.000000e+000 3.300928e-009
d  2.667755e+000 4.028080e-009 0.000000e+000 4.028080e-009
d  2.659791e+000 4.915414e-009 0.000000e+000 4.915414e-009
d  2.651828e+000 5.998217e-009 0.000000e+000 5.998217e-009
d  2.643864e+000 7.319546e-009 0.000000e+000 7.319546e-009
d  2.635901e+000 8.931948e-009 0.000000e+000 8.931948e-009
d  2.627937e+000 1.089954e-008 0.000000e+000 1.089954e-008
d  2.619974e+000 1.330057e-008 0.000000e+000 1.330057e-008
d  2.612010e+000 1.623051e-008 0.000000e+000 1.623051e-008
d  2.604047e+000 1.980589e-008 0.000000e+000 1.980589e-008
d  2.596084e+000 2.416887e-008 0.000000e+000 2.416887e-008
d  2.588120e+000 2.949296e-008 0.000000e+000 2.949296e-008
d  2.580157e+000 3.598987e-008 0.000000e+000 3.598987e-008
d  2.572193e+000 4.391798e-008 0.000000e+000 4.391798e-008
d  2.564230e+000 5.359254e-008 0.000000e+000 5.359254e-008
d  2.556266e+000 6.539829e-008 0.000000e+000 6.539829e-008
d  2.548303e+000 7.980469e-008 0.000000e+000 7.980469e-008
d  2.540339e+000 9.738463e-008 0.000000e+000 9.738463e-008
d  2.532376e+000 1.188372e-007 0.000000e+000 1.188372e-007
d  2.524413e+000 1.450155e-007 0.000000e+000 1.450155e-007
d  2.516449e+000 1.769606e-007 0.000000e+000 1.769606e-007
d  2.508486e+000 2.159427e-007 0.000000e+000 2.159427e-007
d  2.500522e+000 2.635121e-007 0.000000e+000 2.635121e-007
d  2.492559e+000 3.215604e-007 0.000000e+000 3.215604e-007
d  2.484595e+000 3.923960e-007 0.000000e+000 3.923960e-007
d  2.476632e+000 4.788358e-007 0.000000e+000 4.788358e-007
d  2.468668e+000 5.843172e-007 0.000000e+000 5.843172e-007
d  2.460705e+000 7.130347e-007 0.000000e+000 7.130347e-007
d  2.452742e+000 8.701070e-007 0.000000e+000 8.701070e-007
d  2.444778e+000 1.061780e-006 0.000000e+000 1.061780e-006
d  2.436815e+000 1.295677e-006 0.000000e+000 1.295677e-006
d  2.428851e+000 1.581098e-006 0.000000e+000 1.581098e-006
d  2.420888e+000 1.929393e-006 0.000000e+000 1.929393e-006
d  2.412924e+000 2.354414e-006 0.000000e+000 2.354414e-006
d  2.404961e+000 2.873061e-006 0.000000e+000 2.873061e-006
d  2.396997e+000 3.505959e-006 0.000000e+000 3.505959e-006
d  2.389034e+000 4.278277e-006 0.000000e+000 4.278277e-006
d  2.381070e+000 5.220726e-006 0.000000e+000 5.220726e-006
d  2.373107e+000 6.370784e-006 0.000000e+000 6.370784e-006
d  2.365144e+000 7.774186e-006 0.000000e+000 7.774186e-006
d  2.357180e+000 9.486739e-006 0.000000e+000 9.486739e-006
d  2.349217e+000 1.157654e-005 0.000000e+000 1.157654e-005
d  2.341253e+000 1.412671e-005 0.000000e+000 1.412671e-005
d  2.333290e+000 1.723864e-005 0.000000e+000 1.723864e-005
d  2.325326e+000 2.103609e-005 0.000000e+000 2.103609e-005
d  2.317363e+000 2.567007e-005 0.000000e+000 2.567007e-005
d  2.309399e+000 3.132485e-005 0.000000e+000 3.132485e-005
d  2.301436e+000 3.822532e-005 0.000000e+000 3.822532e-005
d  2.293473e+000 4.664586e-005 0.000000e+000 4.664586e-005
d  2.285509e+000 5.692134e-005 0.000000e+000 5.692134e-005
d  2.277546e+000 6.946038e-005 0.000000e+000 6.946038e-005
d  2.269582e+000 8.476161e-005 0.000000e+000 8.476161e-005
d  2.261619e+000 1.034335e-004 0.000000e+000 1.034335e-004
d  2.253655e+000 1.262186e-004 0.000000e+000 1.262186e-004
d  2.245692e+000 1.540229e-004 0.000000e+000 1.540229e-004
d  2.237728e+000 1.879521e-004 0.000000e+000 1.879521e-004
d  2.229765e+000 2.293556e-004 0.000000e+000 2.293556e-004
d  2.221802e+000 2.798796e-004 0.000000e+000 2.798796e-004
d  2.213838e+000 3.415335e-004 0.000000e+000 3.415335e-004
d  2.205875e+000 4.167689e-004 0.000000e+000 4.167689e-004
d  2.197911e+000 5.085778e-004 0.000000e+000 5.085778e-004
d  2.189948e+000 6.206109e-004 0.000000e+000 6.206109e-004
d  2.181984e+000 7.573235e-004 0.000000e+000 7.573235e-004
d  2.174021e+000 9.241520e-004 0.000000e+000 9.241520e-004
d  2.166057e+000 1.127731e-003 0.000000e+000 1.127731e-003
d  2.158094e+000 1.376155e-003 0.000000e+000 1.376155e-003
d  2.150131e+000 1.679305e-003 0.000000e+000 1.679305e-003
d  2.142167e+000 2.049234e-003 0.000000e+000 2.049234e-003
d  2.134204e+000 2.500654e-003 0.000000e+000 2.500654e-003
d  2.126240e+000 3.051515e-003 0.000000e+000 3.051515e-003
d  2.118277e+000 3.723725e-003 0.000000e+000 3.723725e-003
d  2.110313e+000 4.544013e-003 0.000000e+000 4.544013e-003
d  2.102350e+000 5.545001e-003 0.000000e+000 5.545001e-003
d  2.094386e+000 6.766493e-003 0.000000e+000 6.766493e-003
d  2.086423e+000 8.257064e-003 0.000000e+000 8.257064e-003
d  2.078460e+000 1.007599e-002 0.000000e+000 1.007599e-002
d  2.070496e+000 1.229560e-002 0.000000e+000 1.229560e-002
d  2.062533e+000 1.500416e-002 0.000000e+000 1.500416e-002
d  2.054569e+000 1.830938e-002 0.000000e+000 1.830938e-002
d  2.046606e+000 2.234271e-002 0.000000e+000 2.234271e-002
d  2.038642e+000 2.726452e-002 0.000000e+000 2.726452e-002
d  2.030679e+000 3.327054e-002 0.000000e+000 3.327054e-002
d  2.022715e+000 4.059961e-002 0.000000e+000 4.059961e-002
d  2.014752e+000 4.954318e-002 0.000000e+000 4.954318e-002
d  2.006789e+000 6.045690e-002 0.000000e+000 6.045690e-002
d  1.998825e+000 7.377478e-002 0.000000e+000 7.377478e-002
d  1.990862e+000 9.002641e-002 0.000000e+000 9.002641e-002
d  1.982898e+000 1.098581e-001 0.000000e+000 1.098581e-001
d  1.974935e+000 1.340584e-001 0.000000e+000 1.340584e-001
d  1.966971e+000 1.635897e-001 0.000000e+000 1.635897e-001
d  1.959008e+000 1.996264e-001 0.000000e+000 1.996264e-001
d  1.951044e+000 2.436015e-001 0.000000e+000 2.436015e-001
d  1.943081e+000 2.972638e-001 0.000000e+000 2.972638e-001
d  1.935117e+000 3.627472e-001 0.000000e+000 3.627472e-001
d  1.927154e+000 4.426557e-001 0.000000e+000 4.426557e-001
d  1.919191e+000 5.401671e-001 0.000000e+000 5.401671e-001
d  1.911227e+000 6.591589e-001 0.000000e+000 6.591589e-001
d  1.903264e+000 8.043631e-001 0.000000e+000 8.043631e-001
d  1.895300e+000 9.815540e-001 0.000000e+000 9.815540e-001
d  1.887337e+000 1.197778e+000 0.000000e+000 1.197778e+000
d  1.879373e+000 1.461633e+000 0.000000e+000 1.461633e+000
d  1.871410e+000 1.783611e+000 0.000000e+000 1.783611e+000
d  1.863446e+000 2.176518e+000 0.000000e+000 2.176518e+000
d  1.855483e+000 2.655977e+000 0.000000e+000 2.655977e+000
d  1.847520e+000 3.241054e+000 0.000000e+000 3.241054e+000
d  1.839556e+000 3.955017e+000 0.000000e+000 3.955017e+000
d  1.831593e+000 4.826256e+000 0.000000e+000 4.826256e+000
d  1.823629e+000 5.889418e+000 0.000000e+000 5.889418e+000
d  1.815666e+000 7.186781e+000 0.000000e+000 7.186781e+000
d  1.807702e+000 8.769936e+000 0.000000e+000 8.769936e+000
d  1.799739e+000 1.070184e+001 0.000000e+000 1.070184e+001
d  1.791775e+000 1.305932e+001 0.000000e+000 1.305932e+001
d  1.783812e+000 1.593612e+001 0.000000e+000 1.593612e+001
d  1.775849e+000 1.944664e+001 0.000000e+000 1.944664e+001
d  1.767885e+000 2.373048e+001 0.000000e+000 2.373048e+001
d  1.759922e+000 2.895800e+001 0.000000e+000 2.895800e+001
d  1.751958e+000 3.533707e+001 0.000000e+000 3.533707e+001
d  1.743995e+000 4.312137e+001 0.000000e+000 4.312137e+001
d  1.736031e+000 5.262046e+001 0.000000e+000 5.262046e+001
d  1.728068e+000 6.421206e+001 0.000000e+000 6.421206e+001
d  1.720104e+000 7.835715e+001 0.000000e+000 7.835715e+001
d  1.712141e+000 9.561823e+001 0.000000e+000 9.561823e+001
d  1.704178e+000 1.166817e+002 0.000000e+000 1.166817e+002
d  1.696214e+000 1.423852e+002 0.000000e+000 1.423852e+002
d  1.688251e+000 1.737508e+002 0.000000e+000 1.737508e+002
d  1.680287e+000 2.120258e+002 0.000000e+000 2.120258e+002
d  1.672324e+000 2.587324e+002 0.000000e+000 2.587324e+002
d  1.664360e+000 3.157278e+002 0.000000e+000 3.157278e+002
d  1.656397e+000 3.852785e+002 0.000000e+000 3.852785e+002
d  1.648433e+000 4.701504e+002 0.000000e+000 4.701504e+002
d  1.640470e+000 5.737185e+002 0.000000e+000 5.737185e+002
d  1.632507e+000 7.001013e+002 0.000000e+000 7.001013e+002
d  1.624543e+000 8.543246e+002 0.000000e+000 8.543246e+002
d  1.616580e+000 1.042521e+003 0.000000e+000 1.042521e+003
d  1.608616e+000 1.272175e+003 0.000000e+000 1.272175e+003
d  1.600653e+000 1.552419e+003 0.000000e+000 1.552419e+003
d  1.592689e+000 1.894397e+003 0.000000e+000 1.894397e+003
d  1.584726e+000 2.311708e+003 0.000000e+000 2.311708e+003
d  1.576762e+000 2.820948e+003 0.000000e+000 2.820948e+003
d  1.568799e+000 3.442366e+003 0.000000e+000 3.442366e+003
d  1.560836e+000 4.200675e+003 0.000000e+000 4.200675e+003
d  1.552872e+000 5.126030e+003 0.000000e+000 5.126030e+003
d  1.544909e+000 6.255228e+003 0.000000e+000 6.255228e+003
d  1.536945e+000 7.633174e+003 0.000000e+000 7.633174e+003
d  1.528982e+000 9.314664e+003 0.000000e+000 9.314664e+003
d  1.521018e+000 1.136656e+004 0.000000e+000 1.136656e+004
d  1.513055e+000 1.387047e+004 0.000000e+000 1.387047e+004
d  1.505091e+000 1.692596e+004 0.000000e+000 1.692596e+004
d  1.497128e+000 2.065453e+004 0.000000e+000 2.065453e+004
d  1.489164e+000 2.520445e+004 0.000000e+000 2.520445e+004
d  1.481201e+000 3.075667e+004 0.000000e+000 3.075667e+004
d  1.473238e+000 3.753197e+004 0.000000e+000 3.753197e+004
d  1.465274e+000 4.579978e+004 0.000000e+000 4.579978e+004
d  1.457311e+000 5.588888e+004 0.000000e+000 5.588888e+004
d  1.449347e+000 6.820047e+004 0.000000e+000 6.820047e+004
d  1.441384e+000 8.322416e+004 0.000000e+000 8.322416e+004
d  1.433420e+000 1.015574e+005 0.000000e+000 1.015574e+005
d  1.425457e+000 1.239291e+005 0.000000e+000 1.239291e+005
d  1.417493e+000 1.512291e+005 0.000000e+000 1.512291e+005
d  1.409530e+000 1.845430e+005 0.000000e+000 1.845430e+005
d  1.401567e+000 2.251954e+005 0.000000e+000 2.251954e+005
d  1.393603e+000 2.748030e+005 0.000000e+000 2.748030e+005
d  1.385640e+000 3.353386e+005 0.000000e+000 3.353386e+005
d  1.377676e+000 4.092094e+005 0.000000e+000 4.092094e+005
d  1.369713e+000 4.993529e+005 0.000000e+000 4.993529e+005
d  1.361749e+000 6.093539e+005 0.000000e+000 6.093539e+005
d  1.353786e+000 7.435868e+005 0.000000e+000 7.435868e+005
d  1.345822e+000 9.073893e+005 0.000000e+000 9.073893e+005
d  1.337859e+000 1.107276e+006 0.000000e+000 1.107276e+006
d  1.329896e+000 1.351194e+006 0.000000e+000 1.351194e+006
d  1.321932e+000 1.648845e+006 0.000000e+000 1.648845e+006
d  1.313969e+000 2.012064e+006 0.000000e+000 2.012064e+006
d  1.306005e+000 2.455296e+006 0.000000e+000 2.455296e+006
d  1.298042e+000 2.996165e+006 0.000000e+000 2.996165e+006
d  1.290078e+000 3.656182e+006 0.000000e+000 3.656182e+006
d  1.282115e+000 4.461592e+006 0.000000e+000 4.461592e+006
d  1.274151e+000 5.444423e+006 0.000000e+000 5.444423e+006
d  1.266188e+000 6.643759e+006 0.000000e+000 6.643759e+006
d  1.258225e+000 8.107294e+006 0.000000e+000 8.107294e+006
d  1.250261e+000 9.893226e+006 0.000000e+000 9.893226e+006
d  1.242298e+000 1.207258e+007 0.000000e+000 1.207258e+007
d  1.234334e+000 1.473201e+007 0.000000e+000 1.473201e+007
d  1.226371e+000 1.797728e+007 0.000000e+000 1.797728e+007
d  1.218407e+000 2.193744e+007 0.000000e+000 2.193744e+007
d  1.210444e+000 2.676998e+007 0.000000e+000 2.676998e+007
d  1.202480e+000 3.266706e+007 0.000000e+000 3.266706e+007
d  1.194517e+000 3.986319e+007 0.000000e+000 3.986319e+007
d  1.186554e+000 4.864454e+007 0.000000e+000 4.864454e+007
d  1.178590e+000 5.936030e+007 0.000000e+000 5.936030e+007
d  1.170627e+000 7.243661e+007 0.000000e+000 7.243661e+007
d  1.162663e+000 8.839347e+007 0.000000e+000 8.839347e+007
d  1.154700e+000 1.078654e+008 0.000000e+000 1.078654e+008
d  1.146736e+000 1.316268e+008 0.000000e+000 1.316268e+008
d  1.138773e+000 1.606224e+008 0.000000e+000 1.606224e+008
d  1.130809e+000 1.960055e+008 0.000000e+000 1.960055e+008
d  1.122846e+000 2.391830e+008 0.000000e+000 2.391830e+008
d  1.114883e+000 2.918719e+008 0.000000e+000 2.918719e+008
d  1.106919e+000 3.561675e+008 0.000000e+000 3.561675e+008
d  1.098956e+000 4.346266e+008 0.000000e+000 4.346266e+008
d  1.090992e+000 5.303693e+008 0.000000e+000 5.303693e+008
d  1.083029e+000 6.472028e+008 0.000000e+000 6.472028e+008
d  1.075065e+000 7.897732e+008 0.000000e+000 7.897732e+008
d  1.067102e+000 9.637501e+008 0.000000e+000 9.637501e+008
d  1.059138e+000 1.176052e+009 0.000000e+000 1.176052e+009
d  1.051175e+000 1.435121e+009 0.000000e+000 1.435121e+009
d  1.043211e+000 1.751259e+009 0.000000e+000 1.751259e+009
d  1.035248e+000 2.137039e+009 0.000000e+000 2.137039e+009
d  1.027285e+000 2.607801e+009 0.000000e+000 2.607801e+009
d  1.019321e+000 3.182267e+009 0.000000e+000 3.182267e+009
d  1.011358e+000 3.883279e+009 0.000000e+000 3.883279e+009
d  1.003394e+000 4.738715e+009 0.000000e+000 4.738715e+009
d  9.954308e-001 5.782593e+009 0.000000e+000 5.782593e+009
d  9.874674e-001 7.056424e+009 0.000000e+000 7.056424e+009
d  9.795039e-001 8.610863e+009 0.000000e+000 8.610863e+009
d  9.715405e-001 1.050772e+010 0.000000e+000 1.050772e+010
d  9.635770e-001 1.282244e+010 0.000000e+000 1.282244e+010
d  9.556136e-001 1.564706e+010 0.000000e+000 1.564706e+010
d  9.476501e-001 1.909390e+010 0.000000e+000 1.909390e+010
d  9.396867e-001 2.330005e+010 0.000000e+000 2.330005e+010
d  9.317232e-001 2.843274e+010 0.000000e+000 2.843274e+010
d  9.237598e-001 3.469611e+010 0.000000e+000 3.469611e+010
d  9.157963e-001 4.233922e+010 0.000000e+000 4.233922e+010
d  9.078329e-001 5.166600e+010 0.000000e+000 5.166600e+010
d  8.998695e-001 6.304736e+010 0.000000e+000 6.304736e+010
d  8.919060e-001 7.693587e+010 0.000000e+000 7.693587e+010
d  8.839426e-001 9.388386e+010 0.000000e+000 9.388386e+010
d  8.759791e-001 1.145653e+011 0.000000e+000 1.145653e+011
d  8.680157e-001 1.398025e+011 0.000000e+000 1.398025e+011
d  8.600522e-001 1.705992e+011 0.000000e+000 1.705992e+011
d  8.520888e-001 2.081800e+011 0.000000e+000 2.081800e+011
d  8.441253e-001 2.540394e+011 0.000000e+000 2.540394e+011
d  8.361619e-001 3.100010e+011 0.000000e+000 3.100010e+011
d  8.281984e-001 3.782902e+011 0.000000e+000 3.782902e+011
d  8.202350e-001 4.616226e+011 0.000000e+000 4.616226e+011
d  8.122715e-001 5.633121e+011 0.000000e+000 5.633121e+011
d  8.043081e-001 6.874025e+011 0.000000e+000 6.874025e+011
d  7.963446e-001 8.388285e+011 0.000000e+000 8.388285e+011
d  7.883812e-001 1.023612e+012 0.000000e+000 1.023612e+012
d  7.804178e-001 1.249100e+012 0.000000e+000 1.249100e+012
d  7.724543e-001 1.524261e+012 0.000000e+000 1.524261e+012
d  7.644909e-001 1.860036e+012 0.000000e+000 1.860036e+012
d  7.565274e-001 2.269777e+012 0.000000e+000 2.269777e+012
d  7.485640e-001 2.769780e+012 0.000000e+000 2.769780e+012
d  7.406005e-001 3.379927e+012 0.000000e+000 3.379927e+012
d  7.326371e-001 4.124481e+012 0.000000e+000 4.124481e+012
d  7.246736e-001 5.033051e+012 0.000000e+000 5.033051e+012
d  7.167102e-001 6.141767e+012 0.000000e+000 6.141767e+012
d  7.087467e-001 7.494720e+012 0.000000e+000 7.494720e+012
d  7.007833e-001 9.145710e+012 0.000000e+000 9.145710e+012
d  6.928198e-001 1.116039e+013 0.000000e+000 1.116039e+013
d  6.848564e-001 1.361888e+013 0.000000e+000 1.361888e+013
d  6.768930e-001 1.661895e+013 0.000000e+000 1.661895e+013
d  6.689295e-001 2.027989e+013 0.000000e+000 2.027989e+013
d  6.609661e-001 2.474728e+013 0.000000e+000 2.474728e+013
d  6.530026e-001 3.019879e+013 0.000000e+000 3.019879e+013
d  6.450392e-001 3.685119e+013 0.000000e+000 3.685119e+013
d  6.370757e-001 4.496904e+013 0.000000e+000 4.496904e+013
d  6.291123e-001 5.487514e+013 0.000000e+000 5.487514e+013
d  6.211488e-001 6.696342e+013 0.000000e+000 6.696342e+013
d  6.131854e-001 8.171460e+013 0.000000e+000 8.171460e+013
d  6.052219e-001 9.971527e+013 0.000000e+000 9.971527e+013
d  5.972585e-001 1.216813e+014 0.000000e+000 1.216813e+014
d  5.892950e-001 1.484861e+014 0.000000e+000 1.484861e+014
d  5.813316e-001 1.811956e+014 0.000000e+000 1.811956e+014
d  5.733681e-001 2.211107e+014 0.000000e+000 2.211107e+014
d  5.654047e-001 2.698185e+014 0.000000e+000 2.698185e+014
d  5.574413e-001 3.292561e+014 0.000000e+000 3.292561e+014
d  5.494778e-001 4.017869e+014 0.000000e+000 4.017869e+014
d  5.415144e-001 4.902954e+014 0.000000e+000 4.902954e+014
d  5.335509e-001 5.983012e+014 0.000000e+000 5.983012e+014
d  5.255875e-001 7.300992e+014 0.000000e+000 7.300992e+014
d  5.176240e-001 8.909307e+014 0.000000e+000 8.909307e+014
d  5.096606e-001 1.087191e+015 0.000000e+000 1.087191e+015
d  5.016971e-001 1.326685e+015 0.000000e+000 1.326685e+015
d  4.937337e-001 1.618937e+015 0.000000e+000 1.618937e+015
d  4.857702e-001 1.975568e+015 0.000000e+000 1.975568e+015
d  4.778068e-001 2.410760e+015 0.000000e+000 2.410760e+015
d  4.698433e-001 2.941820e+015 0.000000e+000 2.941820e+015
d  4.618799e-001 3.589865e+015 0.000000e+000 3.589865e+015
d  4.539164e-001 4.380665e+015 0.000000e+000 4.380665e+015
d  4.459530e-001 5.345669e+015 0.000000e+000 5.345669e+015
d  4.379896e-001 6.523252e+015 0.000000e+000 6.523252e+015
d  4.300261e-001 7.960240e+015 0.000000e+000 7.960240e+015
d  4.220627e-001 9.713778e+015 0.000000e+000 9.713778e+015
d  4.140992e-001 1.185360e+016 0.000000e+000 1.185360e+016
d  4.061358e-001 1.446479e+016 0.000000e+000 1.446479e+016
d  3.981723e-001 1.765120e+016 0.000000e+000 1.765120e+016
d  3.902089e-001 2.153953e+016 0.000000e+000 2.153953e+016
d  3.822454e-001 2.628441e+016 0.000000e+000 2.628441e+016
d  3.742820e-001 3.207453e+016 0.000000e+000 3.207453e+016
d  3.663185e-001 3.914013e+016 0.000000e+000 3.914013e+016
d  3.583551e-001 4.776220e+016 0.000000e+000 4.776220e+016
d  3.503916e-001 5.828360e+016 0.000000e+000 5.828360e+016
d  3.424282e-001 7.112272e+016 0.000000e+000 7.112272e+016
d  3.344648e-001 8.679014e+016 0.000000e+000 8.679014e+016
d  3.265013e-001 1.059089e+017 0.000000e+000 1.059089e+017
d  3.185379e-001 1.292393e+017 0.000000e+000 1.292393e+017
d  3.105744e-001 1.577090e+017 0.000000e+000 1.577090e+017
d  3.026110e-001 1.924503e+017 0.000000e+000 1.924503e+017
d  2.946475e-001 2.348446e+017 0.000000e+000 2.348446e+017
d  2.866841e-001 2.865778e+017 0.000000e+000 2.865778e+017
d  2.787206e-001 3.497072e+017 0.000000e+000 3.497072e+017
d  2.707572e-001 4.267432e+017 0.000000e+000 4.267432e+017
d  2.627937e-001 5.207492e+017 0.000000e+000 5.207492e+017
d  2.548303e-001 6.354635e+017 0.000000e+000 6.354635e+017
d  2.468668e-001 7.754479e+017 0.000000e+000 7.754479e+017
d  2.389034e-001 9.462691e+017 0.000000e+000 9.462691e+017
d  2.309399e-001 1.154720e+018 0.000000e+000 1.154720e+018
d  2.229765e-001 1.409090e+018 0.000000e+000 1.409090e+018
d  2.150131e-001 1.719494e+018 0.000000e+000 1.719494e+018
d  2.070496e-001 2.098277e+018 0.000000e+000 2.098277e+018
d  1.990862e-001 2.560500e+018 0.000000e+000 2.560500e+018
d  1.911227e-001 3.124545e+018 0.000000e+000 3.124545e+018
d  1.831593e-001 3.812842e+018 0.000000e+000 3.812842e+018
d  1.751958e-001 4.652762e+018 0.000000e+000 4.652762e+018
d  1.672324e-001 5.677705e+018 0.000000e+000 5.677705e+018
d  1.592689e-001 6.928431e+018 0.000000e+000 6.928431e+018
d  1.513055e-001 8.454675e+018 0.000000e+000 8.454675e+018
d  1.433420e-001 1.031713e+019 0.000000e+000 1.031713e+019
d  1.353786e-001 1.258986e+019 0.000000e+000 1.258986e+019
d  1.274151e-001 1.536325e+019 0.000000e+000 1.536325e+019
d  1.194517e-001 1.874757e+019 0.000000e+000 1.874757e+019
d  1.114883e-001 2.287742e+019 0.000000e+000 2.287742e+019
d  1.035248e-001 2.791702e+019 0.000000e+000 2.791702e+019
d  9.556136e-002 3.406678e+019 0.000000e+000 3.406678e+019
d  8.759791e-002 4.157125e+019 0.000000e+000 4.157125e+019
d  7.963446e-002 5.072886e+019 0.000000e+000 5.072886e+019
d  7.167102e-002 6.190377e+019 0.000000e+000 6.190377e+019
d  6.370757e-002 7.554037e+019 0.000000e+000 7.554037e+019
d  5.574413e-002 9.218095e+019 0.000000e+000 9.218095e+019
d  4.778068e-002 1.124872e+020 0.000000e+000 1.124872e+020
d  3.981723e-002 1.372667e+020 0.000000e+000 1.372667e+020
d  3.185379e-002 1.675048e+020 0.000000e+000 1.675048e+020
d  2.389034e-002 2.044039e+020 0.000000e+000 2.044039e+020
d  1.592689e-002 2.494315e+020 0.000000e+000 2.494315e+020
d  7.963446e-003 3.043780e+020 0.000000e+000 3.043780e+020
d  -4.440892e-016 3.714286e+020 0.000000e+000 3.714286e+020
