Probe bulk_free_electrons vs gate bias
121 2 2
gate bias
Probe bulk_free_electrons
-3 7.8493e+011
-2.95 7.89442e+011
-2.9 7.94145e+011
-2.85 7.99054e+011
-2.8 8.04188e+011
-2.75 8.09573e+011
-2.7 8.15251e+011
-2.65 8.2127e+011
-2.6 8.27639e+011
-2.55 8.34337e+011
-2.5 8.41358e+011
-2.45 8.48717e+011
-2.4 8.56427e+011
-2.35 8.64506e+011
-2.3 8.72976e+011
-2.25 8.8186e+011
-2.2 8.91183e+011
-2.15 9.00971e+011
-2.1 9.11255e+011
-2.05 9.22064e+011
-2 9.33434e+011
-1.95 9.45401e+011
-1.9 9.58004e+011
-1.85 9.71287e+011
-1.8 9.85295e+011
-1.75 1.00008e+012
-1.7 1.0157e+012
-1.65 1.03221e+012
-1.6 1.04968e+012
-1.55 1.06818e+012
-1.5 1.08779e+012
-1.45 1.1086e+012
-1.4 1.1307e+012
-1.35 1.1542e+012
-1.3 1.17922e+012
-1.25 1.20589e+012
-1.2 1.23435e+012
-1.15 1.26478e+012
-1.1 1.29734e+012
-1.05 1.33226e+012
-1 1.36977e+012
-0.95 1.41014e+012
-0.9 1.45367e+012
-0.85 1.50073e+012
-0.8 1.55173e+012
-0.75 1.60716e+012
-0.7 1.66758e+012
-0.65 1.73369e+012
-0.6 1.8063e+012
-0.55 1.8864e+012
-0.5 1.97522e+012
-0.45 2.07427e+012
-0.4 2.18547e+012
-0.35 2.31124e+012
-0.3 2.45475e+012
-0.25 2.6202e+012
-0.2 2.81324e+012
-0.15 3.04174e+012
-0.1 3.31743e+012
-0.05 3.6619e+012
0 4.13915e+012
0.05 5.06572e+012
0.1 8.39759e+012
0.15 2.63344e+013
0.2 1.24253e+014
0.25 5.43116e+014
0.3 1.77512e+015
0.35 4.35631e+015
0.4 8.6754e+015
0.45 1.50183e+016
0.5 2.36619e+016
0.55 3.49288e+016
0.6 4.92129e+016
0.65 6.69948e+016
0.7 8.88508e+016
0.75 1.15458e+017
0.8 1.47588e+017
0.85 1.86096e+017
0.9 2.31885e+017
0.95 2.85876e+017
1 3.48965e+017
1.05 4.21959e+017
1.1 5.05495e+017
1.15 5.99997e+017
1.2 7.05669e+017
1.25 8.22535e+017
1.3 9.50475e+017
1.35 1.08928e+018
1.4 1.23871e+018
1.45 1.39849e+018
1.5 1.56838e+018
1.55 1.74816e+018
1.6 1.93762e+018
1.65 2.13658e+018
1.7 2.34485e+018
1.75 2.56221e+018
1.8 2.78841e+018
1.85 3.02315e+018
1.9 3.26611e+018
1.95 3.51692e+018
2 3.77518e+018
2.05 4.0405e+018
2.1 4.31245e+018
2.15 4.59065e+018
2.2 4.87469e+018
2.25 5.16422e+018
2.3 5.45887e+018
2.35 5.75832e+018
2.4 6.06227e+018
2.45 6.37041e+018
2.5 6.6825e+018
2.55 6.99828e+018
2.6 7.31753e+018
2.65 7.64004e+018
2.7 7.96562e+018
2.75 8.2941e+018
2.8 8.6253e+018
2.85 8.95907e+018
2.9 9.29529e+018
2.95 9.63381e+018
3 9.97452e+018
