Probe bulk_back_electrons vs gate bias
121 2 2
gate bias
Probe bulk_back_electrons
-3 2.42895e-032
-2.95 2.55042e-032
-2.9 2.70199e-032
-2.85 2.89744e-032
-2.8 3.16016e-032
-2.75 3.5328e-032
-2.7 4.10057e-032
-2.65 5.05595e-032
-2.6 6.91549e-032
-2.55 1.14596e-031
-2.5 2.73532e-031
-2.45 1.12544e-030
-2.4 6.81634e-030
-2.35 4.61189e-029
-2.3 3.17998e-028
-2.25 2.19876e-027
-2.2 1.52084e-026
-2.15 1.04758e-025
-2.1 7.00376e-025
-2.05 4.53595e-024
-2 2.98949e-023
-1.95 2.02691e-022
-1.9 1.39309e-021
-1.85 9.61857e-021
-1.8 6.65025e-020
-1.75 4.5998e-019
-1.7 3.18193e-018
-1.65 2.20118e-017
-1.6 1.52274e-016
-1.55 1.05341e-015
-1.5 7.2873e-015
-1.45 5.04125e-014
-1.4 3.48746e-013
-1.35 2.41257e-012
-1.3 1.66893e-011
-1.25 1.15429e-010
-1.2 7.97301e-010
-1.15 5.45814e-009
-1.1 3.53216e-008
-1.05 1.91635e-007
-1 1.1133e-006
-0.95 7.55875e-006
-0.9 5.22543e-005
-0.85 0.000361465
-0.8 0.00250044
-0.75 0.0172968
-0.7 0.11965
-0.65 0.827646
-0.6 5.72487
-0.55 39.6013
-0.5 273.939
-0.45 1894.95
-0.4 13108.1
-0.35 90673.2
-0.3 627215
-0.25 4.33861e+006
-0.2 3.0011e+007
-0.15 2.07584e+008
-0.1 1.43571e+009
-0.05 9.92668e+009
0 6.85604e+010
0.05 4.71777e+011
0.1 3.20579e+012
0.15 2.09087e+013
0.2 1.21278e+014
0.25 5.47222e+014
0.3 1.74323e+015
0.35 4.03491e+015
0.4 7.41634e+015
0.45 1.16826e+016
0.5 1.65895e+016
0.55 2.19237e+016
0.6 2.75207e+016
0.65 3.32613e+016
0.7 3.90641e+016
0.75 4.48757e+016
0.8 5.06631e+016
0.85 5.6407e+016
0.9 6.20965e+016
0.95 6.77267e+016
1 7.32952e+016
1.05 7.88e+016
1.1 8.42366e+016
1.15 8.95987e+016
1.2 9.48795e+016
1.25 1.00074e+017
1.3 1.05178e+017
1.35 1.10193e+017
1.4 1.1512e+017
1.45 1.19963e+017
1.5 1.24729e+017
1.55 1.29423e+017
1.6 1.34053e+017
1.65 1.38627e+017
1.7 1.43149e+017
1.75 1.47627e+017
1.8 1.52065e+017
1.85 1.56467e+017
1.9 1.60836e+017
1.95 1.65173e+017
2 1.69481e+017
2.05 1.73759e+017
2.1 1.78009e+017
2.15 1.82231e+017
2.2 1.86424e+017
2.25 1.90589e+017
2.3 1.94726e+017
2.35 1.98836e+017
2.4 2.02917e+017
2.45 2.0697e+017
2.5 2.10995e+017
2.55 2.14993e+017
2.6 2.18963e+017
2.65 2.22906e+017
2.7 2.26823e+017
2.75 2.30713e+017
2.8 2.34577e+017
2.85 2.38415e+017
2.9 2.42228e+017
2.95 2.46016e+017
3 2.49779e+017
