Probe bulk_ionized_acceptors vs gate bias
121 2 2
gate bias
Probe bulk_ionized_acceptors
-3 1.73524e+013
-2.95 1.7825e+013
-2.9 1.83143e+013
-2.85 1.88214e+013
-2.8 1.9348e+013
-2.75 1.98966e+013
-2.7 2.0471e+013
-2.65 2.10753e+013
-2.6 2.171e+013
-2.55 2.23725e+013
-2.5 2.30619e+013
-2.45 2.37789e+013
-2.4 2.45246e+013
-2.35 2.53001e+013
-2.3 2.61071e+013
-2.25 2.69471e+013
-2.2 2.78219e+013
-2.15 2.87334e+013
-2.1 2.96837e+013
-2.05 3.06751e+013
-2 3.17098e+013
-1.95 3.27905e+013
-1.9 3.39199e+013
-1.85 3.5101e+013
-1.8 3.63371e+013
-1.75 3.76317e+013
-1.7 3.89886e+013
-1.65 4.0412e+013
-1.6 4.19066e+013
-1.55 4.34773e+013
-1.5 4.51297e+013
-1.45 4.68698e+013
-1.4 4.87045e+013
-1.35 5.06412e+013
-1.3 5.26883e+013
-1.25 5.48551e+013
-1.2 5.71521e+013
-1.15 5.95911e+013
-1.1 6.21854e+013
-1.05 6.49503e+013
-1 6.7903e+013
-0.95 7.10634e+013
-0.9 7.44547e+013
-0.85 7.81034e+013
-0.8 8.20408e+013
-0.75 8.63036e+013
-0.7 9.09352e+013
-0.65 9.59877e+013
-0.6 1.01523e+014
-0.55 1.07618e+014
-0.5 1.14366e+014
-0.45 1.21881e+014
-0.4 1.30313e+014
-0.35 1.39854e+014
-0.3 1.50788e+014
-0.25 1.63588e+014
-0.2 1.79267e+014
-0.15 2.00527e+014
-0.1 2.35705e+014
-0.05 3.12438e+014
0 5.24984e+014
0.05 1.19669e+015
0.1 3.42074e+015
0.15 1.06823e+016
0.2 3.23114e+016
0.25 8.46934e+016
0.3 1.80144e+017
0.35 3.16282e+017
0.4 4.83265e+017
0.45 6.72243e+017
0.5 8.77097e+017
0.55 1.09372e+018
0.6 1.3192e+018
0.65 1.55131e+018
0.7 1.7882e+018
0.75 2.02818e+018
0.8 2.26966e+018
0.85 2.51112e+018
0.9 2.75112e+018
0.95 2.98848e+018
1 3.22233e+018
1.05 3.4519e+018
1.1 3.67625e+018
1.15 3.89439e+018
1.2 4.10537e+018
1.25 4.30847e+018
1.3 4.50323e+018
1.35 4.68946e+018
1.4 4.8672e+018
1.45 5.03664e+018
1.5 5.19811e+018
1.55 5.35197e+018
1.6 5.49864e+018
1.65 5.63855e+018
1.7 5.77208e+018
1.75 5.89963e+018
1.8 6.02154e+018
1.85 6.13815e+018
1.9 6.24975e+018
1.95 6.35664e+018
2 6.45908e+018
2.05 6.55733e+018
2.1 6.65163e+018
2.15 6.74221e+018
2.2 6.82928e+018
2.25 6.91305e+018
2.3 6.99371e+018
2.35 7.07142e+018
2.4 7.14637e+018
2.45 7.21871e+018
2.5 7.28857e+018
2.55 7.3561e+018
2.6 7.42143e+018
2.65 7.48466e+018
2.7 7.54591e+018
2.75 7.60528e+018
2.8 7.66287e+018
2.85 7.71876e+018
2.9 7.77304e+018
2.95 7.82579e+018
3 7.87707e+018
