Probe channel_electrons vs gate bias
121 2 2
gate bias
Probe channel_electrons
-3 1.39668e-032
-2.95 1.50654e-032
-2.9 1.64446e-032
-2.85 1.82342e-032
-2.8 2.06555e-032
-2.75 2.41132e-032
-2.7 2.94198e-032
-2.65 3.84169e-032
-2.6 5.60626e-032
-2.55 9.94741e-032
-2.5 2.51976e-031
-2.45 1.07057e-030
-2.4 6.53976e-030
-2.35 4.43115e-029
-2.3 3.05601e-028
-2.25 2.11311e-027
-2.2 1.46161e-026
-2.15 1.00678e-025
-2.1 6.73101e-025
-2.05 4.35933e-024
-2 2.8731e-023
-1.95 1.94799e-022
-1.9 1.33885e-021
-1.85 9.2441e-021
-1.8 6.39134e-020
-1.75 4.42072e-019
-1.7 3.05805e-018
-1.65 2.11548e-017
-1.6 1.46345e-016
-1.55 1.01239e-015
-1.5 7.00359e-015
-1.45 4.84498e-014
-1.4 3.35169e-013
-1.35 2.31864e-012
-1.3 1.60395e-011
-1.25 1.10935e-010
-1.2 7.6626e-010
-1.15 5.24564e-009
-1.1 3.39466e-008
-1.05 1.84177e-007
-1 1.06998e-006
-0.95 7.26468e-006
-0.9 5.02213e-005
-0.85 0.000347402
-0.8 0.00240316
-0.75 0.0166239
-0.7 0.114995
-0.65 0.795422
-0.6 5.50168
-0.55 38.0574
-0.5 263.259
-0.45 1821.07
-0.4 12597
-0.35 87138.1
-0.3 602762
-0.25 4.16946e+006
-0.2 2.88409e+007
-0.15 1.99492e+008
-0.1 1.37975e+009
-0.05 9.53997e+009
0 6.58947e+010
0.05 4.53558e+011
0.1 3.08487e+012
0.15 2.01825e+013
0.2 1.18155e+014
0.25 5.45099e+014
0.3 1.80584e+015
0.35 4.40603e+015
0.4 8.59772e+015
0.45 1.44099e+016
0.5 2.17558e+016
0.55 3.05019e+016
0.6 4.05044e+016
0.65 5.16283e+016
0.7 6.37567e+016
0.75 7.67945e+016
0.8 9.06679e+016
0.85 1.05321e+017
0.9 1.20711e+017
0.95 1.36808e+017
1 1.53586e+017
1.05 1.71019e+017
1.1 1.89072e+017
1.15 2.07701e+017
1.2 2.26856e+017
1.25 2.46487e+017
1.3 2.66552e+017
1.35 2.87016e+017
1.4 3.07856e+017
1.45 3.29058e+017
1.5 3.50618e+017
1.55 3.72539e+017
1.6 3.9483e+017
1.65 4.17504e+017
1.7 4.40576e+017
1.75 4.64057e+017
1.8 4.87961e+017
1.85 5.12295e+017
1.9 5.37063e+017
1.95 5.62267e+017
2 5.87904e+017
2.05 6.13971e+017
2.1 6.40459e+017
2.15 6.67363e+017
2.2 6.94671e+017
2.25 7.22376e+017
2.3 7.50466e+017
2.35 7.78932e+017
2.4 8.07764e+017
2.45 8.36953e+017
2.5 8.66489e+017
2.55 8.96363e+017
2.6 9.26567e+017
2.65 9.57091e+017
2.7 9.87928e+017
2.75 1.01907e+018
2.8 1.05051e+018
2.85 1.08224e+018
2.9 1.11426e+018
2.95 1.14655e+018
3 1.17911e+018
