Probe channel_mobility vs gate bias
121 2 2
gate bias
Probe channel_mobility
-3 12
-2.95 12
-2.9 12
-2.85 12
-2.8 12
-2.75 12
-2.7 12
-2.65 12
-2.6 12
-2.55 12
-2.5 12
-2.45 12
-2.4 12
-2.35 12
-2.3 12
-2.25 12
-2.2 12
-2.15 12
-2.1 12
-2.05 12
-2 12
-1.95 12
-1.9 12
-1.85 12
-1.8 12
-1.75 12
-1.7 12
-1.65 12
-1.6 12
-1.55 12
-1.5 12
-1.45 12
-1.4 12
-1.35 12
-1.3 12
-1.25 12
-1.2 12
-1.15 12
-1.1 12
-1.05 12
-1 12
-0.95 12
-0.9 12
-0.85 12
-0.8 12
-0.75 12
-0.7 12
-0.65 12
-0.6 12
-0.55 12
-0.5 12
-0.45 12
-0.4 12
-0.35 12
-0.3 12
-0.25 12
-0.2 12
-0.15 12
-0.1 12
-0.05 12
0 12
0.05 12
0.1 12
0.15 12
0.2 12
0.25 12
0.3 12
0.35 12
0.4 12
0.45 12
0.5 12
0.55 12
0.6 12
0.65 12
0.7 12
0.75 12
0.8 12
0.85 12
0.9 12
0.95 12
1 12
1.05 12
1.1 12
1.15 12
1.2 12
1.25 12
1.3 12
1.35 12
1.4 12
1.45 12
1.5 12
1.55 12
1.6 12
1.65 12
1.7 12
1.75 12
1.8 12
1.85 12
1.9 12
1.95 12
2 12
2.05 12
2.1 12
2.15 12
2.2 12
2.25 12
2.3 12
2.35 12
2.4 12
2.45 12
2.5 12
2.55 12
2.6 12
2.65 12
2.7 12
2.75 12
2.8 12
2.85 12
2.9 12
2.95 12
3 12
