v ATLAS
# This file was created by ATLAS version 5.28.1.R on Sat Sep 12 16:07:22 2026.
#SSF 2.0 generic
##############################################################################
#                    Copyright (c) 1984 - 2019                               #
#                    Silvaco Inc. All rights reserved                        #
#                                                                            #
# This file format and the following Key are copyright Silvaco Inc.          #
# You may not use, this format or key without reproducing this message in    #
# full and obtaining express written permission from Silvaco Inc.            #
#                                                                            #
# To obtain such permission please contact: Silvaco Inc.                     #
#                                           support@silvaco.com              #
#                                                                            #
# KEY=SVC86hn7562asdx                       PROD=345                         #
##############################################################################
p 4 77 79 78 206
d  0.000000e+000 0.000000e+000 0.000000e+000 0.000000e+000
d  1.596859e-002 0.000000e+000 0.000000e+000 0.000000e+000
d  3.193717e-002 0.000000e+000 0.000000e+000 0.000000e+000
d  4.790576e-002 0.000000e+000 0.000000e+000 0.000000e+000
d  6.387435e-002 0.000000e+000 0.000000e+000 0.000000e+000
d  7.984293e-002 0.000000e+000 0.000000e+000 0.000000e+000
d  9.581152e-002 0.000000e+000 0.000000e+000 0.000000e+000
d  1.117801e-001 0.000000e+000 0.000000e+000 0.000000e+000
d  1.277487e-001 0.000000e+000 0.000000e+000 0.000000e+000
d  1.437173e-001 0.000000e+000 0.000000e+000 0.000000e+000
d  1.596859e-001 0.000000e+000 0.000000e+000 0.000000e+000
d  1.756545e-001 0.000000e+000 0.000000e+000 0.000000e+000
d  1.916230e-001 0.000000e+000 0.000000e+000 0.000000e+000
d  2.075916e-001 0.000000e+000 0.000000e+000 0.000000e+000
d  2.235602e-001 0.000000e+000 0.000000e+000 0.000000e+000
d  2.395288e-001 0.000000e+000 0.000000e+000 0.000000e+000
d  2.554974e-001 0.000000e+000 0.000000e+000 0.000000e+000
d  2.714660e-001 0.000000e+000 0.000000e+000 0.000000e+000
d  2.874346e-001 0.000000e+000 0.000000e+000 0.000000e+000
d  3.034031e-001 0.000000e+000 0.000000e+000 0.000000e+000
d  3.193717e-001 0.000000e+000 0.000000e+000 0.000000e+000
d  3.353403e-001 0.000000e+000 0.000000e+000 0.000000e+000
d  3.513089e-001 0.000000e+000 0.000000e+000 0.000000e+000
d  3.672775e-001 0.000000e+000 0.000000e+000 0.000000e+000
d  3.832461e-001 0.000000e+000 0.000000e+000 0.000000e+000
d  3.992147e-001 0.000000e+000 0.000000e+000 0.000000e+000
d  4.151832e-001 0.000000e+000 0.000000e+000 0.000000e+000
d  4.311518e-001 0.000000e+000 0.000000e+000 0.000000e+000
d  4.471204e-001 0.000000e+000 0.000000e+000 0.000000e+000
d  4.630890e-001 0.000000e+000 0.000000e+000 0.000000e+000
d  4.790576e-001 0.000000e+000 0.000000e+000 0.000000e+000
d  4.950262e-001 0.000000e+000 0.000000e+000 0.000000e+000
d  5.109948e-001 0.000000e+000 0.000000e+000 0.000000e+000
d  5.269634e-001 0.000000e+000 0.000000e+000 0.000000e+000
d  5.429319e-001 0.000000e+000 0.000000e+000 0.000000e+000
d  5.589005e-001 0.000000e+000 0.000000e+000 0.000000e+000
d  5.748691e-001 0.000000e+000 0.000000e+000 0.000000e+000
d  5.908377e-001 0.000000e+000 0.000000e+000 0.000000e+000
d  6.068063e-001 0.000000e+000 0.000000e+000 0.000000e+000
d  6.227749e-001 0.000000e+000 0.000000e+000 0.000000e+000
d  6.387435e-001 0.000000e+000 0.000000e+000 0.000000e+000
d  6.547120e-001 0.000000e+000 0.000000e+000 0.000000e+000
d  6.706806e-001 0.000000e+000 0.000000e+000 0.000000e+000
d  6.866492e-001 0.000000e+000 0.000000e+000 0.000000e+000
d  7.026178e-001 0.000000e+000 0.000000e+000 0.000000e+000
d  7.185864e-001 0.000000e+000 0.000000e+000 0.000000e+000
d  7.345550e-001 0.000000e+000 0.000000e+000 0.000000e+000
d  7.505236e-001 0.000000e+000 0.000000e+000 0.000000e+000
d  7.664921e-001 0.000000e+000 0.000000e+000 0.000000e+000
d  7.824607e-001 0.000000e+000 0.000000e+000 0.000000e+000
d  7.984293e-001 0.000000e+000 0.000000e+000 0.000000e+000
d  8.143979e-001 0.000000e+000 0.000000e+000 0.000000e+000
d  8.303665e-001 0.000000e+000 0.000000e+000 0.000000e+000
d  8.463351e-001 0.000000e+000 0.000000e+000 0.000000e+000
d  8.623037e-001 0.000000e+000 0.000000e+000 0.000000e+000
d  8.782723e-001 0.000000e+000 0.000000e+000 0.000000e+000
d  8.942408e-001 0.000000e+000 0.000000e+000 0.000000e+000
d  9.102094e-001 0.000000e+000 0.000000e+000 0.000000e+000
d  9.261780e-001 0.000000e+000 0.000000e+000 0.000000e+000
d  9.421466e-001 0.000000e+000 0.000000e+000 0.000000e+000
d  9.581152e-001 0.000000e+000 0.000000e+000 0.000000e+000
d  9.740838e-001 0.000000e+000 0.000000e+000 0.000000e+000
d  9.900524e-001 0.000000e+000 0.000000e+000 0.000000e+000
d  1.006021e+000 0.000000e+000 0.000000e+000 0.000000e+000
d  1.021990e+000 0.000000e+000 0.000000e+000 0.000000e+000
d  1.037958e+000 0.000000e+000 0.000000e+000 0.000000e+000
d  1.053927e+000 0.000000e+000 0.000000e+000 0.000000e+000
d  1.069895e+000 0.000000e+000 0.000000e+000 0.000000e+000
d  1.085864e+000 0.000000e+000 0.000000e+000 0.000000e+000
d  1.101832e+000 0.000000e+000 0.000000e+000 0.000000e+000
d  1.117801e+000 0.000000e+000 0.000000e+000 0.000000e+000
d  1.133770e+000 0.000000e+000 0.000000e+000 0.000000e+000
d  1.149738e+000 0.000000e+000 0.000000e+000 0.000000e+000
d  1.165707e+000 0.000000e+000 0.000000e+000 0.000000e+000
d  1.181675e+000 0.000000e+000 0.000000e+000 0.000000e+000
d  1.197644e+000 0.000000e+000 0.000000e+000 0.000000e+000
d  1.213613e+000 0.000000e+000 0.000000e+000 0.000000e+000
d  1.229581e+000 0.000000e+000 0.000000e+000 0.000000e+000
d  1.245550e+000 0.000000e+000 0.000000e+000 0.000000e+000
d  1.261518e+000 0.000000e+000 0.000000e+000 0.000000e+000
d  1.277487e+000 0.000000e+000 0.000000e+000 0.000000e+000
d  1.293455e+000 0.000000e+000 0.000000e+000 0.000000e+000
d  1.309424e+000 0.000000e+000 0.000000e+000 0.000000e+000
d  1.325393e+000 0.000000e+000 0.000000e+000 0.000000e+000
d  1.341361e+000 0.000000e+000 0.000000e+000 0.000000e+000
d  1.357330e+000 0.000000e+000 0.000000e+000 0.000000e+000
d  1.373298e+000 0.000000e+000 0.000000e+000 0.000000e+000
d  1.389267e+000 0.000000e+000 0.000000e+000 0.000000e+000
d  1.405236e+000 0.000000e+000 0.000000e+000 0.000000e+000
d  1.421204e+000 0.000000e+000 0.000000e+000 0.000000e+000
d  1.437173e+000 0.000000e+000 0.000000e+000 0.000000e+000
d  1.453141e+000 0.000000e+000 0.000000e+000 0.000000e+000
d  1.469110e+000 0.000000e+000 0.000000e+000 0.000000e+000
d  1.485079e+000 0.000000e+000 0.000000e+000 0.000000e+000
d  1.501047e+000 0.000000e+000 0.000000e+000 0.000000e+000
d  1.517016e+000 0.000000e+000 0.000000e+000 0.000000e+000
d  1.532984e+000 0.000000e+000 0.000000e+000 0.000000e+000
d  1.548953e+000 0.000000e+000 0.000000e+000 0.000000e+000
d  1.564921e+000 0.000000e+000 0.000000e+000 0.000000e+000
d  1.580890e+000 0.000000e+000 0.000000e+000 0.000000e+000
d  1.596859e+000 0.000000e+000 0.000000e+000 0.000000e+000
d  1.612827e+000 0.000000e+000 0.000000e+000 0.000000e+000
d  1.628796e+000 0.000000e+000 0.000000e+000 0.000000e+000
d  1.644764e+000 0.000000e+000 0.000000e+000 0.000000e+000
d  1.660733e+000 0.000000e+000 0.000000e+000 0.000000e+000
d  1.676702e+000 0.000000e+000 0.000000e+000 0.000000e+000
d  1.692670e+000 0.000000e+000 0.000000e+000 0.000000e+000
d  1.708639e+000 0.000000e+000 0.000000e+000 0.000000e+000
d  1.724607e+000 0.000000e+000 0.000000e+000 0.000000e+000
d  1.740576e+000 0.000000e+000 0.000000e+000 0.000000e+000
d  1.756545e+000 0.000000e+000 0.000000e+000 0.000000e+000
d  1.772513e+000 0.000000e+000 0.000000e+000 0.000000e+000
d  1.788482e+000 0.000000e+000 0.000000e+000 0.000000e+000
d  1.804450e+000 0.000000e+000 0.000000e+000 0.000000e+000
d  1.820419e+000 0.000000e+000 0.000000e+000 0.000000e+000
d  1.836387e+000 0.000000e+000 0.000000e+000 0.000000e+000
d  1.852356e+000 0.000000e+000 0.000000e+000 0.000000e+000
d  1.868325e+000 0.000000e+000 0.000000e+000 0.000000e+000
d  1.884293e+000 0.000000e+000 0.000000e+000 0.000000e+000
d  1.900262e+000 0.000000e+000 0.000000e+000 0.000000e+000
d  1.916230e+000 0.000000e+000 0.000000e+000 0.000000e+000
d  1.932199e+000 0.000000e+000 0.000000e+000 0.000000e+000
d  1.948168e+000 0.000000e+000 0.000000e+000 0.000000e+000
d  1.964136e+000 0.000000e+000 0.000000e+000 0.000000e+000
d  1.980105e+000 0.000000e+000 0.000000e+000 0.000000e+000
d  1.996073e+000 0.000000e+000 0.000000e+000 0.000000e+000
d  2.012042e+000 0.000000e+000 0.000000e+000 0.000000e+000
d  2.028010e+000 0.000000e+000 0.000000e+000 0.000000e+000
d  2.043979e+000 0.000000e+000 0.000000e+000 0.000000e+000
d  2.059948e+000 0.000000e+000 0.000000e+000 0.000000e+000
d  2.075916e+000 0.000000e+000 0.000000e+000 0.000000e+000
d  2.091885e+000 0.000000e+000 0.000000e+000 0.000000e+000
d  2.107853e+000 0.000000e+000 0.000000e+000 0.000000e+000
d  2.123822e+000 0.000000e+000 0.000000e+000 0.000000e+000
d  2.139791e+000 0.000000e+000 0.000000e+000 0.000000e+000
d  2.155759e+000 0.000000e+000 0.000000e+000 0.000000e+000
d  2.171728e+000 0.000000e+000 0.000000e+000 0.000000e+000
d  2.187696e+000 0.000000e+000 0.000000e+000 0.000000e+000
d  2.203665e+000 0.000000e+000 0.000000e+000 0.000000e+000
d  2.219634e+000 0.000000e+000 0.000000e+000 0.000000e+000
d  2.235602e+000 0.000000e+000 0.000000e+000 0.000000e+000
d  2.251571e+000 0.000000e+000 0.000000e+000 0.000000e+000
d  2.267539e+000 0.000000e+000 0.000000e+000 0.000000e+000
d  2.283508e+000 0.000000e+000 0.000000e+000 0.000000e+000
d  2.299476e+000 0.000000e+000 0.000000e+000 0.000000e+000
d  2.315445e+000 0.000000e+000 0.000000e+000 0.000000e+000
d  2.331414e+000 0.000000e+000 0.000000e+000 0.000000e+000
d  2.347382e+000 0.000000e+000 0.000000e+000 0.000000e+000
d  2.363351e+000 0.000000e+000 0.000000e+000 0.000000e+000
d  2.379319e+000 0.000000e+000 0.000000e+000 0.000000e+000
d  2.395288e+000 0.000000e+000 0.000000e+000 0.000000e+000
d  2.411257e+000 0.000000e+000 0.000000e+000 0.000000e+000
d  2.427225e+000 0.000000e+000 0.000000e+000 0.000000e+000
d  2.443194e+000 0.000000e+000 0.000000e+000 0.000000e+000
d  2.459162e+000 0.000000e+000 0.000000e+000 0.000000e+000
d  2.475131e+000 0.000000e+000 0.000000e+000 0.000000e+000
d  2.491099e+000 0.000000e+000 0.000000e+000 0.000000e+000
d  2.507068e+000 0.000000e+000 0.000000e+000 0.000000e+000
d  2.523037e+000 0.000000e+000 0.000000e+000 0.000000e+000
d  2.539005e+000 0.000000e+000 0.000000e+000 0.000000e+000
d  2.554974e+000 0.000000e+000 0.000000e+000 0.000000e+000
d  2.570942e+000 0.000000e+000 0.000000e+000 0.000000e+000
d  2.586911e+000 0.000000e+000 0.000000e+000 0.000000e+000
d  2.602880e+000 0.000000e+000 0.000000e+000 0.000000e+000
d  2.618848e+000 0.000000e+000 0.000000e+000 0.000000e+000
d  2.634817e+000 0.000000e+000 0.000000e+000 0.000000e+000
d  2.650785e+000 0.000000e+000 0.000000e+000 0.000000e+000
d  2.666754e+000 0.000000e+000 0.000000e+000 0.000000e+000
d  2.682723e+000 0.000000e+000 0.000000e+000 0.000000e+000
d  2.698691e+000 0.000000e+000 0.000000e+000 0.000000e+000
d  2.714660e+000 0.000000e+000 0.000000e+000 0.000000e+000
d  2.730628e+000 0.000000e+000 0.000000e+000 0.000000e+000
d  2.746597e+000 0.000000e+000 0.000000e+000 0.000000e+000
d  2.762565e+000 0.000000e+000 0.000000e+000 0.000000e+000
d  2.778534e+000 0.000000e+000 0.000000e+000 0.000000e+000
d  2.794503e+000 0.000000e+000 0.000000e+000 0.000000e+000
d  2.810471e+000 0.000000e+000 0.000000e+000 0.000000e+000
d  2.826440e+000 0.000000e+000 0.000000e+000 0.000000e+000
d  2.842408e+000 0.000000e+000 0.000000e+000 0.000000e+000
d  2.858377e+000 0.000000e+000 0.000000e+000 0.000000e+000
d  2.874346e+000 0.000000e+000 0.000000e+000 0.000000e+000
d  2.890314e+000 0.000000e+000 0.000000e+000 0.000000e+000
d  2.906283e+000 0.000000e+000 0.000000e+000 0.000000e+000
d  2.922251e+000 0.000000e+000 0.000000e+000 0.000000e+000
d  2.938220e+000 0.000000e+000 0.000000e+000 0.000000e+000
d  2.954188e+000 0.000000e+000 0.000000e+000 0.000000e+000
d  2.970157e+000 0.000000e+000 0.000000e+000 0.000000e+000
d  2.986126e+000 0.000000e+000 0.000000e+000 0.000000e+000
d  3.002094e+000 0.000000e+000 0.000000e+000 0.000000e+000
d  3.018063e+000 0.000000e+000 0.000000e+000 0.000000e+000
d  3.034031e+000 0.000000e+000 0.000000e+000 0.000000e+000
d  3.050000e+000 0.000000e+000 0.000000e+000 0.000000e+000
