Probe bulk_ionized_acceptors vs gate bias
121 2 2
gate bias
Probe bulk_ionized_acceptors
-3 7.94108e+013
-2.95 8.11359e+013
-2.9 8.29148e+013
-2.85 8.47505e+013
-2.8 8.66473e+013
-2.75 8.86109e+013
-2.7 9.06503e+013
-2.65 9.27763e+013
-2.6 9.49925e+013
-2.55 9.72935e+013
-2.5 9.96778e+013
-2.45 1.02148e+014
-2.4 1.04707e+014
-2.35 1.07359e+014
-2.3 1.1011e+014
-2.25 1.12965e+014
-2.2 1.1593e+014
-2.15 1.1901e+014
-2.1 1.22213e+014
-2.05 1.25545e+014
-2 1.29014e+014
-1.95 1.3263e+014
-1.9 1.364e+014
-1.85 1.40334e+014
-1.8 1.44445e+014
-1.75 1.48742e+014
-1.7 1.53239e+014
-1.65 1.57951e+014
-1.6 1.62891e+014
-1.55 1.68077e+014
-1.5 1.73527e+014
-1.45 1.79262e+014
-1.4 1.85303e+014
-1.35 1.91676e+014
-1.3 1.98408e+014
-1.25 2.05529e+014
-1.2 2.13073e+014
-1.15 2.21078e+014
-1.1 2.29586e+014
-1.05 2.38645e+014
-1 2.48307e+014
-0.95 2.58632e+014
-0.9 2.69687e+014
-0.85 2.81549e+014
-0.8 2.94305e+014
-0.75 3.08051e+014
-0.7 3.22899e+014
-0.65 3.38977e+014
-0.6 3.56429e+014
-0.55 3.75422e+014
-0.5 3.96144e+014
-0.45 4.18816e+014
-0.4 4.43692e+014
-0.35 4.71079e+014
-0.3 5.01371e+014
-0.25 5.35177e+014
-0.2 5.73734e+014
-0.15 6.20339e+014
-0.1 6.85316e+014
-0.05 8.03321e+014
0 1.09351e+015
0.05 1.96795e+015
0.1 4.8441e+015
0.15 1.44833e+016
0.2 4.57296e+016
0.25 1.3616e+017
0.3 3.4469e+017
0.35 7.05717e+017
0.4 1.20114e+018
0.45 1.79251e+018
0.5 2.44778e+018
0.55 3.14526e+018
0.6 3.87067e+018
0.65 4.61414e+018
0.7 5.36835e+018
0.75 6.12732e+018
0.8 6.88583e+018
0.85 7.639e+018
0.9 8.38233e+018
0.95 9.11197e+018
1 9.82513e+018
1.05 1.052e+019
1.1 1.11945e+019
1.15 1.18462e+019
1.2 1.24719e+019
1.25 1.30687e+019
1.3 1.36346e+019
1.35 1.41681e+019
1.4 1.46689e+019
1.45 1.51372e+019
1.5 1.5574e+019
1.55 1.59803e+019
1.6 1.63577e+019
1.65 1.67078e+019
1.7 1.70322e+019
1.75 1.73325e+019
1.8 1.76102e+019
1.85 1.78669e+019
1.9 1.81039e+019
1.95 1.83228e+019
2 1.85247e+019
2.05 1.87111e+019
2.1 1.88832e+019
2.15 1.9042e+019
2.2 1.91888e+019
2.25 1.93244e+019
2.3 1.94499e+019
2.35 1.95662e+019
2.4 1.96739e+019
2.45 1.9774e+019
2.5 1.9867e+019
2.55 1.99535e+019
2.6 2.00342e+019
2.65 2.01094e+019
2.7 2.01798e+019
2.75 2.02457e+019
2.8 2.03074e+019
2.85 2.03654e+019
2.9 2.04198e+019
2.95 2.04711e+019
3 2.05194e+019
