Probe bulk_free_electrons vs gate bias
121 2 2
gate bias
Probe bulk_free_electrons
-3 1.48345e+012
-2.95 1.49698e+012
-2.9 1.51098e+012
-2.85 1.52547e+012
-2.8 1.5405e+012
-2.75 1.5561e+012
-2.7 1.57236e+012
-2.65 1.58936e+012
-2.6 1.60715e+012
-2.55 1.62567e+012
-2.5 1.64493e+012
-2.45 1.66494e+012
-2.4 1.68573e+012
-2.35 1.70736e+012
-2.3 1.72985e+012
-2.25 1.75325e+012
-2.2 1.77763e+012
-2.15 1.80303e+012
-2.1 1.82952e+012
-2.05 1.85715e+012
-2 1.886e+012
-1.95 1.91614e+012
-1.9 1.94765e+012
-1.85 1.98063e+012
-1.8 2.01517e+012
-1.75 2.05137e+012
-1.7 2.08936e+012
-1.65 2.12924e+012
-1.6 2.17118e+012
-1.55 2.2153e+012
-1.5 2.26179e+012
-1.45 2.31083e+012
-1.4 2.36262e+012
-1.35 2.41739e+012
-1.3 2.47539e+012
-1.25 2.53692e+012
-1.2 2.60228e+012
-1.15 2.67185e+012
-1.1 2.74601e+012
-1.05 2.82525e+012
-1 2.91007e+012
-0.95 3.00109e+012
-0.9 3.09899e+012
-0.85 3.20457e+012
-0.8 3.31875e+012
-0.75 3.44261e+012
-0.7 3.57742e+012
-0.65 3.72467e+012
-0.6 3.88612e+012
-0.55 4.06386e+012
-0.5 4.26043e+012
-0.45 4.47885e+012
-0.4 4.72279e+012
-0.35 4.99675e+012
-0.3 5.30619e+012
-0.25 5.65788e+012
-0.2 6.06019e+012
-0.15 6.52362e+012
-0.1 7.06182e+012
-0.05 7.69576e+012
0 8.47836e+012
0.05 9.65926e+012
0.1 1.28046e+013
0.15 2.82418e+013
0.2 1.2047e+014
0.25 6.23031e+014
0.3 2.68468e+015
0.35 8.48657e+015
0.4 2.03162e+016
0.45 3.98553e+016
0.5 6.83512e+016
0.55 1.06957e+017
0.6 1.56945e+017
0.65 2.19814e+017
0.7 2.97365e+017
0.75 3.91722e+017
0.8 5.05347e+017
0.85 6.40993e+017
0.9 8.01629e+017
0.95 9.90345e+017
1 1.21026e+018
1.05 1.4644e+018
1.1 1.75546e+018
1.15 2.08556e+018
1.2 2.45605e+018
1.25 2.86756e+018
1.3 3.32008e+018
1.35 3.81309e+018
1.4 4.3458e+018
1.45 4.9172e+018
1.5 5.52624e+018
1.55 6.17186e+018
1.6 6.85302e+018
1.65 7.56873e+018
1.7 8.31797e+018
1.75 9.0997e+018
1.8 9.91278e+018
1.85 1.0756e+019
1.9 1.16279e+019
1.95 1.25272e+019
2 1.34523e+019
2.05 1.44016e+019
2.1 1.53736e+019
2.15 1.63667e+019
2.2 1.73793e+019
2.25 1.84101e+019
2.3 1.94576e+019
2.35 2.05204e+019
2.4 2.15975e+019
2.45 2.26876e+019
2.5 2.37897e+019
2.55 2.49028e+019
2.6 2.60261e+019
2.65 2.71587e+019
2.7 2.82999e+019
2.75 2.9449e+019
2.8 3.06055e+019
2.85 3.17688e+019
2.9 3.29383e+019
2.95 3.41137e+019
3 3.52944e+019
