Probe channel_electrons vs gate bias
121 2 2
gate bias
Probe channel_electrons
-3 3.04985e-033
-2.95 3.42162e-033
-2.9 3.89631e-033
-2.85 4.5239e-033
-2.8 5.39163e-033
-2.75 6.66468e-033
-2.7 8.6916e-033
-2.65 1.23254e-032
-2.6 2.01466e-032
-2.55 4.27421e-032
-2.5 1.42517e-031
-2.45 7.65493e-031
-2.4 5.04105e-030
-2.35 3.46185e-029
-2.3 2.39219e-028
-2.25 1.65458e-027
-2.2 1.14456e-026
-2.15 7.90745e-026
-2.1 5.35915e-025
-2.05 3.47875e-024
-2 2.2546e-023
-1.95 1.50983e-022
-1.9 1.03274e-021
-1.85 7.11984e-021
-1.8 4.92046e-020
-1.75 3.40291e-019
-1.7 2.35389e-018
-1.65 1.62834e-017
-1.6 1.12646e-016
-1.55 7.79263e-016
-1.5 5.39082e-015
-1.45 3.72929e-014
-1.4 2.57987e-013
-1.35 1.78471e-012
-1.3 1.2346e-011
-1.25 8.53928e-011
-1.2 5.89999e-010
-1.15 4.04679e-009
-1.1 2.6498e-008
-1.05 1.47312e-007
-1 8.42784e-007
-0.95 5.69003e-006
-0.9 3.93253e-005
-0.85 0.000272028
-0.8 0.00188177
-0.75 0.0130172
-0.7 0.0900463
-0.65 0.62288
-0.6 4.30849
-0.55 29.8037
-0.5 206.166
-0.45 1426.14
-0.4 9865.23
-0.35 68241.8
-0.3 472055
-0.25 3.26537e+006
-0.2 2.25875e+007
-0.15 1.56243e+008
-0.1 1.08073e+009
-0.05 7.47455e+009
0 5.1677e+010
0.05 3.5684e+011
0.1 2.45363e+012
0.15 1.66312e+013
0.2 1.07675e+014
0.25 6.14507e+014
0.3 2.72372e+015
0.35 8.70882e+015
0.4 2.08996e+016
0.45 4.08589e+016
0.5 6.95592e+016
0.55 1.07749e+017
0.6 1.56171e+017
0.65 2.15671e+017
0.7 2.87258e+017
0.75 3.72139e+017
0.8 4.71743e+017
0.85 5.87714e+017
0.9 7.21899e+017
0.95 8.7632e+017
1 1.05315e+018
1.05 1.25465e+018
1.1 1.48302e+018
1.15 1.74021e+018
1.2 2.02775e+018
1.25 2.3467e+018
1.3 2.69769e+018
1.35 3.08092e+018
1.4 3.49626e+018
1.45 3.94333e+018
1.5 4.42156e+018
1.55 4.93027e+018
1.6 5.4687e+018
1.65 6.03602e+018
1.7 6.63136e+018
1.75 7.2538e+018
1.8 7.90233e+018
1.85 8.57589e+018
1.9 9.27334e+018
1.95 9.99345e+018
2 1.0735e+019
2.05 1.14966e+019
2.1 1.2277e+019
2.15 1.30749e+019
2.2 1.38889e+019
2.25 1.4718e+019
2.3 1.55607e+019
2.35 1.64161e+019
2.4 1.7283e+019
2.45 1.81605e+019
2.5 1.90476e+019
2.55 1.99434e+019
2.6 2.08472e+019
2.65 2.17582e+019
2.7 2.26757e+019
2.75 2.35992e+019
2.8 2.4528e+019
2.85 2.54617e+019
2.9 2.63998e+019
2.95 2.73419e+019
3 2.82876e+019
