source current vs gate bias
121 2 2
gate bias
source current
-3 0
-2.95 0
-2.9 0
-2.85 0
-2.8 0
-2.75 0
-2.7 0
-2.65 0
-2.6 0
-2.55 0
-2.5 0
-2.45 0
-2.4 0
-2.35 0
-2.3 0
-2.25 0
-2.2 0
-2.15 0
-2.1 0
-2.05 0
-2 0
-1.95 0
-1.9 0
-1.85 0
-1.8 0
-1.75 0
-1.7 0
-1.65 0
-1.6 0
-1.55 0
-1.5 0
-1.45 0
-1.4 0
-1.35 0
-1.3 0
-1.25 0
-1.2 0
-1.15 0
-1.1 0
-1.05 0
-1 0
-0.95 0
-0.9 0
-0.85 0
-0.8 0
-0.75 0
-0.7 0
-0.65 0
-0.6 0
-0.55 0
-0.5 0
-0.45 0
-0.4 0
-0.35 0
-0.3 -1.03232e-021
-0.25 -4.12928e-021
-0.2 -2.47757e-020
-0.15 -1.74462e-019
-0.1 -1.20368e-018
-0.05 -8.32979e-018
0 -5.759e-017
0.05 -3.97805e-016
0.1 -2.73962e-015
0.15 -1.86766e-014
0.2 -1.23221e-013
0.25 -7.4173e-013
0.3 -3.68422e-012
0.35 -1.39859e-011
0.4 -4.08474e-011
0.45 -9.69196e-011
0.5 -1.97408e-010
0.55 -3.59791e-010
0.6 -6.04004e-010
0.65 -9.52887e-010
0.7 -1.43276e-009
0.75 -2.07403e-009
0.8 -2.91179e-009
0.85 -3.98619e-009
0.9 -5.34241e-009
0.95 -7.02994e-009
1 -9.10086e-009
1.05 -1.16075e-008
1.1 -1.46006e-008
1.15 -1.81288e-008
1.2 -2.22371e-008
1.25 -2.6967e-008
1.3 -3.23542e-008
1.35 -3.84286e-008
1.4 -4.52123e-008
1.45 -5.27199e-008
1.5 -6.09571e-008
1.55 -6.99209e-008
1.6 -7.95994e-008
1.65 -8.99728e-008
1.7 -1.01013e-007
1.75 -1.12688e-007
1.8 -1.24959e-007
1.85 -1.37784e-007
1.9 -1.51123e-007
1.95 -1.64932e-007
2 -1.79171e-007
2.05 -1.938e-007
2.1 -2.08782e-007
2.15 -2.24083e-007
2.2 -2.39672e-007
2.25 -2.55519e-007
2.3 -2.716e-007
2.35 -2.87891e-007
2.4 -3.04372e-007
2.45 -3.21023e-007
2.5 -3.37829e-007
2.55 -3.54774e-007
2.6 -3.71847e-007
2.65 -3.89035e-007
2.7 -4.06328e-007
2.75 -4.23718e-007
2.8 -4.41195e-007
2.85 -4.58753e-007
2.9 -4.76385e-007
2.95 -4.94085e-007
3 -5.11849e-007
