Conduction Band Energy vs Depth
64 2 2
Depth
Conduction Band Energy
0 -0.397448
0.000248105 -0.39966
0.000468642 -0.405403
0.000664675 -0.413621
0.000838927 -0.423535
0.000993818 -0.43456
0.0011315 -0.446242
0.00125388 -0.458234
0.00136267 -0.470262
0.00145936 -0.482119
0.00154532 -0.493645
0.00162172 -0.504722
0.00168963 -0.515268
0.00175 -0.525226
0.00175 -0.525226
0.0018125 -0.536164
0.001875 -0.547777
0.0019375 -0.560102
0.002 -0.573182
0.002 -0.573182
0.00205947 2.46232
0.00212532 2.44994
0.00219821 2.43623
0.00227892 2.42105
0.00236828 2.40425
0.00246721 2.38564
0.00257674 2.36504
0.00269801 2.34223
0.00283226 2.31698
0.00298091 2.28903
0.00314548 2.25808
0.00332768 2.22381
0.0035294 2.18587
0.00375274 2.14387
0.004 2.09737
0.004 2.09737
0.00424269 2.07638
0.00449838 2.05426
0.00476776 2.03096
0.00505158 2.00642
0.0053506 1.98055
0.00566564 1.9533
0.00599756 1.9246
0.00634726 1.89435
0.0067157 1.86248
0.00710387 1.82891
0.00751283 1.79354
0.00794371 1.75627
0.00839767 1.71701
0.00887594 1.67564
0.00937984 1.63206
0.00991074 1.58614
0.0104701 1.53776
0.0110594 1.48679
0.0116802 1.43309
0.0123344 1.37652
0.0130235 1.31691
0.0137496 1.25411
0.0145146 1.18795
0.0153206 1.11824
0.0161697 1.04479
0.0170644 0.967414
0.0180069 0.885891
0.019 0.8
