Probe chan_n vs gate bias
121 2 2
gate bias
Probe chan_n
-3 1.19896e-038
-2.95 2.19539e-038
-2.9 5.75987e-038
-2.85 2.52667e-037
-2.8 1.5623e-036
-2.75 1.061e-035
-2.7 7.31969e-035
-2.65 5.06154e-034
-2.6 3.50122e-033
-2.55 2.42202e-032
-2.5 1.67548e-031
-2.45 1.15904e-030
-2.4 8.01791e-030
-2.35 5.54654e-029
-2.3 3.83691e-028
-2.25 2.65408e-027
-2.2 1.83451e-026
-2.15 1.26076e-025
-2.1 8.47993e-025
-2.05 5.5379e-024
-2 3.62973e-023
-1.95 2.44764e-022
-1.9 1.68024e-021
-1.85 1.16027e-020
-1.8 8.02356e-020
-1.75 5.55014e-019
-1.7 3.83941e-018
-1.65 2.656e-017
-1.6 1.83735e-016
-1.55 1.27103e-015
-1.5 8.7925e-015
-1.45 6.08158e-014
-1.4 4.20303e-013
-1.35 2.88833e-012
-1.3 1.91275e-011
-1.25 1.08469e-010
-1.2 6.00011e-010
-1.15 4.0052e-009
-1.1 2.76657e-008
-1.05 1.91375e-007
-1 1.32386e-006
-0.95 9.15799e-006
-0.9 6.33517e-005
-0.85 0.000438244
-0.8 0.00303161
-0.75 0.0209716
-0.7 0.145073
-0.65 1.00356
-0.6 6.94224
-0.55 48.0233
-0.5 332.198
-0.45 2297.83
-0.4 15891.8
-0.35 109871
-0.3 759189
-0.25 5.24169e+006
-0.2 3.61583e+007
-0.15 2.49166e+008
-0.1 1.7131e+009
-0.05 1.17012e+010
0 7.86965e+010
0.05 5.15357e+011
0.1 3.26387e+012
0.15 1.99652e+013
0.2 1.16301e+014
0.25 6.04376e+014
0.3 2.48874e+015
0.35 7.57168e+015
0.4 1.76474e+016
0.45 3.39614e+016
0.5 5.73774e+016
0.55 8.86524e+016
0.6 1.28601e+017
0.65 1.78194e+017
0.7 2.38608e+017
0.75 3.11264e+017
0.8 3.97844e+017
0.85 5.00281e+017
0.9 6.20729e+017
0.95 7.61508e+017
1 9.25065e+017
1.05 1.11392e+018
1.1 1.33058e+018
1.15 1.57728e+018
1.2 1.8559e+018
1.25 2.1678e+018
1.3 2.51382e+018
1.35 2.89434e+018
1.4 3.30926e+018
1.45 3.75816e+018
1.5 4.24034e+018
1.55 4.75491e+018
1.6 5.30084e+018
1.65 5.87705e+018
1.7 6.48237e+018
1.75 7.11559e+018
1.8 7.77545e+018
1.85 8.46062e+018
1.9 9.16973e+018
1.95 9.90139e+018
2 1.06541e+019
2.05 1.14266e+019
2.1 1.22172e+019
2.15 1.30247e+019
2.2 1.38477e+019
2.25 1.46848e+019
2.3 1.55349e+019
2.35 1.63969e+019
2.4 1.72696e+019
2.45 1.81521e+019
2.5 1.90434e+019
2.55 1.99429e+019
2.6 2.08496e+019
2.65 2.17629e+019
2.7 2.26821e+019
2.75 2.36068e+019
2.8 2.45363e+019
2.85 2.54703e+019
2.9 2.64083e+019
2.95 2.73498e+019
3 2.82946e+019
