Probe chan_mob vs gate bias
121 2 2
gate bias
Probe chan_mob
-3 12.3243
-2.95 12.3243
-2.9 12.3243
-2.85 12.3243
-2.8 12.3243
-2.75 12.3243
-2.7 12.3243
-2.65 12.3243
-2.6 12.3243
-2.55 12.3243
-2.5 12.3243
-2.45 12.3243
-2.4 12.3243
-2.35 12.3243
-2.3 12.3243
-2.25 12.3243
-2.2 12.3243
-2.15 12.3243
-2.1 12.3243
-2.05 12.3243
-2 12.3243
-1.95 12.3243
-1.9 12.3243
-1.85 12.3243
-1.8 12.3243
-1.75 12.3243
-1.7 12.3243
-1.65 12.3243
-1.6 12.3243
-1.55 12.3243
-1.5 12.3243
-1.45 12.3243
-1.4 12.3243
-1.35 12.3243
-1.3 12.3243
-1.25 12.3243
-1.2 12.3243
-1.15 12.3243
-1.1 12.3243
-1.05 12.3243
-1 12.3243
-0.95 12.3243
-0.9 12.3243
-0.85 12.3243
-0.8 12.3243
-0.75 12.3243
-0.7 12.3243
-0.65 12.3243
-0.6 12.3243
-0.55 12.3243
-0.5 12.3243
-0.45 12.3243
-0.4 12.3243
-0.35 12.3243
-0.3 12.3243
-0.25 12.3243
-0.2 12.3243
-0.15 12.3243
-0.1 12.3243
-0.05 12.3243
0 12.3243
0.05 12.3243
0.1 12.3243
0.15 12.3243
0.2 12.3243
0.25 12.3243
0.3 12.3243
0.35 12.3243
0.4 12.3243
0.45 12.3243
0.5 12.3243
0.55 12.3243
0.6 12.3243
0.65 12.3243
0.7 12.3243
0.75 12.3243
0.8 12.3243
0.85 12.3243
0.9 12.3243
0.95 12.3243
1 12.3243
1.05 12.3243
1.1 12.3243
1.15 12.3243
1.2 12.3243
1.25 12.3243
1.3 12.3243
1.35 12.3243
1.4 12.3243
1.45 12.3243
1.5 12.3243
1.55 12.3243
1.6 12.3243
1.65 12.3243
1.7 12.3243
1.75 12.3243
1.8 12.3243
1.85 12.3243
1.9 12.3243
1.95 12.3243
2 12.3243
2.05 12.3243
2.1 12.3243
2.15 12.3243
2.2 12.3243
2.25 12.3243
2.3 12.3243
2.35 12.3243
2.4 12.3243
2.45 12.3243
2.5 12.3243
2.55 12.3243
2.6 12.3243
2.65 12.3243
2.7 12.3243
2.75 12.3243
2.8 12.3243
2.85 12.3243
2.9 12.3243
2.95 12.3243
3 12.3243
