drain current vs gate bias
121 2 2
gate bias
drain current
-3 -3.52099e-019
-2.95 -5.30098e-019
-2.9 1.17406e-019
-2.85 -1.25201e-019
-2.8 3.4017e-019
-2.75 -7.09632e-019
-2.7 -1.39848e-019
-2.65 1.26382e-019
-2.6 6.9097e-019
-2.55 5.88683e-019
-2.5 5.29862e-019
-2.45 -9.68302e-019
-2.4 -2.20874e-019
-2.35 6.47267e-020
-2.3 6.55772e-019
-2.25 -5.08365e-019
-2.2 4.74348e-019
-2.15 -6.03329e-019
-2.1 1.28272e-018
-2.05 1.08524e-018
-2 6.96403e-019
-1.95 -4.75293e-019
-1.9 5.81596e-019
-1.85 -5.23011e-019
-1.8 -9.44916e-021
-1.75 -8.20187e-019
-1.7 9.5153e-019
-1.65 1.32997e-018
-1.6 -2.59852e-019
-1.55 -4.21432e-019
-1.5 8.04123e-019
-1.45 3.28358e-019
-1.4 1.24162e-018
-1.35 5.13089e-019
-1.3 7.00183e-019
-1.25 -3.16547e-019
-1.2 5.0364e-019
-1.15 -8.58928e-019
-1.1 3.94975e-019
-1.05 -1.03941e-019
-1 1.05642e-018
-0.95 2.89333e-018
-0.9 -1.21044e-018
-0.85 -4.85687e-019
-0.8 -1.64793e-018
-0.75 1.39564e-018
-0.7 9.43026e-019
-0.65 -7.20026e-019
-0.6 1.79156e-018
-0.55 -1.03941e-018
-0.5 -1.70085e-018
-0.45 2.09393e-018
-0.4 -1.20949e-018
-0.35 -2.0807e-018
-0.3 -2.6392e-020
-0.25 -4.02083e-019
-0.2 8.55417e-019
-0.15 -2.81068e-019
-0.1 1.96027e-018
-0.05 1.23615e-017
0 8.07463e-017
0.05 5.44849e-016
0.1 3.47101e-015
0.15 2.16323e-014
0.2 1.29125e-013
0.25 7.07013e-013
0.3 3.24903e-012
0.35 1.16746e-011
0.4 3.29528e-011
0.45 7.66812e-011
0.5 1.54621e-010
0.55 2.8066e-010
0.6 4.71113e-010
0.65 7.45228e-010
0.7 1.1258e-009
0.75 1.63984e-009
0.8 2.31915e-009
0.85 3.20078e-009
0.9 4.32706e-009
0.95 5.74513e-009
1 7.50554e-009
1.05 9.66005e-009
1.1 1.22596e-008
1.15 1.53532e-008
1.2 1.89869e-008
1.25 2.32031e-008
1.3 2.8039e-008
1.35 3.35256e-008
1.4 3.96865e-008
1.45 4.65374e-008
1.5 5.4085e-008
1.55 6.23272e-008
1.6 7.12529e-008
1.65 8.08424e-008
1.7 9.10687e-008
1.75 1.01898e-007
1.8 1.13294e-007
1.85 1.25214e-007
1.9 1.37616e-007
1.95 1.50459e-007
2 1.63701e-007
2.05 1.77304e-007
2.1 1.91231e-007
2.15 2.05449e-007
2.2 2.19928e-007
2.25 2.34639e-007
2.3 2.4956e-007
2.35 2.64666e-007
2.4 2.79941e-007
2.45 2.95365e-007
2.5 3.10925e-007
2.55 3.26607e-007
2.6 3.424e-007
2.65 3.58293e-007
2.7 3.74276e-007
2.75 3.90343e-007
2.8 4.06485e-007
2.85 4.22697e-007
2.9 4.38973e-007
2.95 4.55308e-007
3 4.71697e-007
