source current vs gate bias
121 2 2
gate bias
source current
-3 2.31504e-019
-2.95 3.5269e-019
-2.9 -2.40954e-019
-2.85 5.84903e-019
-2.8 4.50725e-019
-2.75 -2.83002e-019
-2.7 -3.58123e-019
-2.65 6.28369e-019
-2.6 -2.18276e-019
-2.55 -1.04413e-019
-2.5 -4.63009e-019
-2.45 1.27564e-019
-2.4 2.41898e-019
-2.35 5.46161e-019
-2.3 1.91818e-019
-2.25 6.77977e-019
-2.2 -1.1424e-018
-2.15 -4.86632e-020
-2.1 1.92763e-019
-2.05 1.80479e-019
-2 1.47407e-019
-1.95 2.72136e-019
-1.9 -1.22839e-020
-1.85 -5.83958e-019
-1.8 -2.11661e-019
-1.75 -1.00161e-019
-1.7 7.10577e-019
-1.65 -2.07881e-019
-1.6 2.68356e-019
-1.55 -1.05547e-018
-1.5 -3.76076e-019
-1.45 1.79534e-020
-1.4 -1.00161e-019
-1.35 6.90733e-019
-1.3 -6.00966e-019
-1.25 -2.32449e-019
-1.2 -3.00483e-019
-1.15 -4.81907e-019
-1.1 9.99721e-019
-1.05 -3.96865e-020
-1 -5.85848e-020
-0.95 8.06958e-019
-0.9 2.57017e-019
-0.85 -5.68839e-019
-0.8 8.33416e-019
-0.75 3.49619e-019
-0.7 -6.25534e-019
-0.65 -2.96704e-019
-0.6 -5.00805e-019
-0.55 -2.41898e-019
-0.5 2.04102e-019
-0.45 3.96864e-019
-0.4 8.08847e-019
-0.35 8.25847e-019
-0.3 3.70345e-019
-0.25 8.93464e-019
-0.2 2.70331e-018
-0.15 7.43335e-019
-0.1 -1.48765e-018
-0.05 -1.18266e-017
0 -7.95971e-017
0.05 -5.37906e-016
0.1 -3.47423e-015
0.15 -2.16336e-014
0.2 -1.29127e-013
0.25 -7.0701e-013
0.3 -3.24903e-012
0.35 -1.16746e-011
0.4 -3.29528e-011
0.45 -7.66812e-011
0.5 -1.54621e-010
0.55 -2.8066e-010
0.6 -4.71113e-010
0.65 -7.45228e-010
0.7 -1.1258e-009
0.75 -1.63984e-009
0.8 -2.31915e-009
0.85 -3.20078e-009
0.9 -4.32706e-009
0.95 -5.74513e-009
1 -7.50554e-009
1.05 -9.66005e-009
1.1 -1.22596e-008
1.15 -1.53532e-008
1.2 -1.89869e-008
1.25 -2.32031e-008
1.3 -2.8039e-008
1.35 -3.35256e-008
1.4 -3.96865e-008
1.45 -4.65374e-008
1.5 -5.4085e-008
1.55 -6.23272e-008
1.6 -7.12529e-008
1.65 -8.08424e-008
1.7 -9.10687e-008
1.75 -1.01898e-007
1.8 -1.13294e-007
1.85 -1.25214e-007
1.9 -1.37616e-007
1.95 -1.50459e-007
2 -1.63701e-007
2.05 -1.77304e-007
2.1 -1.91231e-007
2.15 -2.05449e-007
2.2 -2.19928e-007
2.25 -2.34639e-007
2.3 -2.4956e-007
2.35 -2.64666e-007
2.4 -2.79941e-007
2.45 -2.95365e-007
2.5 -3.10925e-007
2.55 -3.26607e-007
2.6 -3.424e-007
2.65 -3.58293e-007
2.7 -3.74276e-007
2.75 -3.90343e-007
2.8 -4.06485e-007
2.85 -4.22697e-007
2.9 -4.38973e-007
2.95 -4.55308e-007
3 -4.71697e-007
