Electron Conc vs Depth
64 2 2
Depth
Electron Conc
0 1.76233e+019
0.000248105 1.81915e+019
0.000468642 1.97031e+019
0.000664675 2.19552e+019
0.000838927 2.48058e+019
0.000993818 2.81378e+019
0.0011315 3.18457e+019
0.00125388 3.5831e+019
0.00136267 4.00026e+019
0.00145936 4.42774e+019
0.00154532 4.85817e+019
0.00162172 5.28517e+019
0.00168963 5.7034e+019
0.00175 6.10854e+019
0.00175 6.10854e+019
0.0018125 6.56468e+019
0.001875 7.06137e+019
0.0019375 7.60214e+019
0.002 8.19091e+019
0.002 0
0.00205947 0
0.00212532 0
0.00219821 0
0.00227892 0
0.00236828 0
0.00246721 0
0.00257674 0
0.00269801 0
0.00283226 0
0.00298091 0
0.00314548 0
0.00332768 0
0.0035294 0
0.00375274 0
0.004 0
0.004 0
0.00424269 0
0.00449838 0
0.00476776 0
0.00505158 0
0.0053506 0
0.00566564 0
0.00599756 0
0.00634726 0
0.0067157 0
0.00710387 0
0.00751283 0
0.00794371 0
0.00839767 0
0.00887594 0
0.00937984 0
0.00991074 0
0.0104701 0
0.0110594 0
0.0116802 0
0.0123344 0
0.0130235 0
0.0137496 0
0.0145146 0
0.0153206 0
0.0161697 0
0.0170644 0
0.0180069 0
0.019 0
