Electron Conc vs Depth
64 2 2
Depth
Electron Conc
0 1.96944e+017
0.000248105 1.99247e+017
0.000468642 2.05308e+017
0.000664675 2.14194e+017
0.000838927 2.25255e+017
0.000993818 2.37996e+017
0.0011315 2.52012e+017
0.00125388 2.66955e+017
0.00136267 2.82521e+017
0.00145936 2.98434e+017
0.00154532 3.14452e+017
0.00162172 3.30364e+017
0.00168963 3.45986e+017
0.00175 3.61167e+017
0.00175 3.61167e+017
0.0018125 3.78564e+017
0.001875 3.97858e+017
0.0019375 4.19264e+017
0.002 4.43026e+017
0.002 0
0.00205947 0
0.00212532 0
0.00219821 0
0.00227892 0
0.00236828 0
0.00246721 0
0.00257674 0
0.00269801 0
0.00283226 0
0.00298091 0
0.00314548 0
0.00332768 0
0.0035294 0
0.00375274 0
0.004 0
0.004 0
0.00424269 0
0.00449838 0
0.00476776 0
0.00505158 0
0.0053506 0
0.00566564 0
0.00599756 0
0.00634726 0
0.0067157 0
0.00710387 0
0.00751283 0
0.00794371 0
0.00839767 0
0.00887594 0
0.00937984 0
0.00991074 0
0.0104701 0
0.0110594 0
0.0116802 0
0.0123344 0
0.0130235 0
0.0137496 0
0.0145146 0
0.0153206 0
0.0161697 0
0.0170644 0
0.0180069 0
0.019 0
