Valence Band Energy vs Depth
64 2 2
Depth
Valence Band Energy
0 -2.96784
0.000248105 -2.96782
0.000468642 -2.96779
0.000664675 -2.96773
0.000838927 -2.96767
0.000993818 -2.96761
0.0011315 -2.96754
0.00125388 -2.96747
0.00136267 -2.96741
0.00145936 -2.96735
0.00154532 -2.96729
0.00162172 -2.96723
0.00168963 -2.96718
0.00175 -2.96713
0.00175 -2.96713
0.0018125 -2.96708
0.001875 -2.96703
0.0019375 -2.96698
0.002 -2.96693
0.002 -2.96693
0.00205947 -5.51481
0.00212532 -5.51247
0.00219821 -5.50987
0.00227892 -5.507
0.00236828 -5.50381
0.00246721 -5.50029
0.00257674 -5.49639
0.00269801 -5.49207
0.00283226 -5.48729
0.00298091 -5.48199
0.00314548 -5.47613
0.00332768 -5.46964
0.0035294 -5.46246
0.00375274 -5.4545
0.004 -5.4457
0.004 -5.4457
0.00424269 -5.44172
0.00449838 -5.43753
0.00476776 -5.43312
0.00505158 -5.42847
0.0053506 -5.42357
0.00566564 -5.41841
0.00599756 -5.41298
0.00634726 -5.40725
0.0067157 -5.40121
0.00710387 -5.39486
0.00751283 -5.38816
0.00794371 -5.3811
0.00839767 -5.37366
0.00887594 -5.36583
0.00937984 -5.35758
0.00991074 -5.34888
0.0104701 -5.33972
0.0110594 -5.33007
0.0116802 -5.3199
0.0123344 -5.30918
0.0130235 -5.29789
0.0137496 -5.286
0.0145146 -5.27347
0.0153206 -5.26027
0.0161697 -5.24636
0.0170644 -5.23171
0.0180069 -5.21627
0.019 -5.2
