Valence Band Energy vs Depth
64 2 2
Depth
Valence Band Energy
0 -3.80076
0.000248105 -3.80297
0.000468642 -3.80871
0.000664675 -3.81693
0.000838927 -3.82685
0.000993818 -3.83787
0.0011315 -3.84955
0.00125388 -3.86154
0.00136267 -3.87357
0.00145936 -3.88543
0.00154532 -3.89695
0.00162172 -3.90803
0.00168963 -3.91858
0.00175 -3.92854
0.00175 -3.92854
0.0018125 -3.93947
0.001875 -3.95109
0.0019375 -3.96341
0.002 -3.97649
0.002 -3.97649
0.00205947 -6.53768
0.00212532 -6.55006
0.00219821 -6.56377
0.00227892 -6.57895
0.00236828 -6.59575
0.00246721 -6.61436
0.00257674 -6.63496
0.00269801 -6.65777
0.00283226 -6.68302
0.00298091 -6.71097
0.00314548 -6.74192
0.00332768 -6.77619
0.0035294 -6.81413
0.00375274 -6.85613
0.004 -6.90263
0.004 -6.90263
0.00424269 -6.92362
0.00449838 -6.94574
0.00476776 -6.96904
0.00505158 -6.99358
0.0053506 -7.01945
0.00566564 -7.0467
0.00599756 -7.0754
0.00634726 -7.10565
0.0067157 -7.13752
0.00710387 -7.17109
0.00751283 -7.20646
0.00794371 -7.24373
0.00839767 -7.28299
0.00887594 -7.32436
0.00937984 -7.36794
0.00991074 -7.41386
0.0104701 -7.46224
0.0110594 -7.51321
0.0116802 -7.56691
0.0123344 -7.62348
0.0130235 -7.68309
0.0137496 -7.74589
0.0145146 -7.81205
0.0153206 -7.88176
0.0161697 -7.95521
0.0170644 -8.03259
0.0180069 -8.11411
0.019 -8.2
