Valence Band Energy vs Depth
64 2 2
Depth
Valence Band Energy
0 -3.41269
0.000248105 -3.413
0.000468642 -3.41379
0.000664675 -3.41491
0.000838927 -3.41624
0.000993818 -3.4177
0.0011315 -3.41922
0.00125388 -3.42075
0.00136267 -3.42226
0.00145936 -3.42372
0.00154532 -3.42511
0.00162172 -3.42643
0.00168963 -3.42767
0.00175 -3.42882
0.00175 -3.42882
0.0018125 -3.43009
0.001875 -3.43143
0.0019375 -3.43284
0.002 -3.43433
0.002 -3.43433
0.00205947 -5.98377
0.00212532 -5.98315
0.00219821 -5.98245
0.00227892 -5.98169
0.00236828 -5.98084
0.00246721 -5.97991
0.00257674 -5.97887
0.00269801 -5.97772
0.00283226 -5.97645
0.00298091 -5.97504
0.00314548 -5.97348
0.00332768 -5.97175
0.0035294 -5.96984
0.00375274 -5.96772
0.004 -5.96538
0.004 -5.96538
0.00424269 -5.96432
0.00449838 -5.96321
0.00476776 -5.96203
0.00505158 -5.9608
0.0053506 -5.95949
0.00566564 -5.95812
0.00599756 -5.95667
0.00634726 -5.95515
0.0067157 -5.95354
0.00710387 -5.95185
0.00751283 -5.95007
0.00794371 -5.94819
0.00839767 -5.94621
0.00887594 -5.94413
0.00937984 -5.94193
0.00991074 -5.93962
0.0104701 -5.93718
0.0110594 -5.93461
0.0116802 -5.9319
0.0123344 -5.92905
0.0130235 -5.92605
0.0137496 -5.92288
0.0145146 -5.91955
0.0153206 -5.91604
0.0161697 -5.91234
0.0170644 -5.90844
0.0180069 -5.90433
0.019 -5.9
