Probe avg_n vs gate bias
76 2 2
gate bias
Probe avg_n
-3 7.85369e+012
-2.8 7.8565e+012
-2.6 7.86112e+012
-2.4 7.86868e+012
-2.2 7.88107e+012
-2 7.90141e+012
-1.8 7.93486e+012
-1.6 7.99006e+012
-1.4 8.08161e+012
-1.2 8.23472e+012
-1 8.49416e+012
-0.95 8.58405e+012
-0.9 8.68724e+012
-0.85 8.80588e+012
-0.8 8.94258e+012
-0.75 9.10042e+012
-0.7 9.28319e+012
-0.65 9.49547e+012
-0.6 9.74298e+012
-0.55 1.00329e+013
-0.5 1.03741e+013
-0.45 1.07783e+013
-0.4 1.12606e+013
-0.35 1.18431e+013
-0.3 1.25695e+013
-0.25 1.35929e+013
-0.2 1.56991e+013
-0.15 2.33684e+013
-0.1 6.14158e+013
-0.05 2.4754e+014
-4.24783e-016 9.69085e+014
0.05 2.94994e+015
0.1 6.9406e+015
0.15 1.34772e+016
0.2 2.29474e+016
0.25 3.57178e+016
0.3 5.2214e+016
0.35 7.29635e+016
0.4 9.86159e+016
0.45 1.29943e+017
0.5 1.67816e+017
0.55 2.13147e+017
0.6 2.66819e+017
0.65 3.29603e+017
0.7 4.02118e+017
0.75 4.84822e+017
0.8 5.78014e+017
0.85 6.81822e+017
0.9 7.96212e+017
0.95 9.21024e+017
1 1.05603e+018
1.05 1.201e+018
1.1 1.3557e+018
1.15 1.51997e+018
1.2 1.69369e+018
1.25 1.87677e+018
1.3 2.06915e+018
1.35 2.27074e+018
1.4 2.4814e+018
1.45 2.70092e+018
1.5 2.92905e+018
1.6 3.4097e+018
1.7 3.92018e+018
1.8 4.45704e+018
1.9 5.01693e+018
2 5.59678e+018
2.1 6.19393e+018
2.2 6.80605e+018
2.3 7.43119e+018
2.4 8.06767e+018
2.5 8.71407e+018
2.6 9.36917e+018
2.7 1.0032e+019
2.8 1.07015e+019
2.9 1.13771e+019
3 1.20581e+019
