Conduction Band Energy vs Depth
90 2 2
Depth
Conduction Band Energy
0 3.49576
0.0200726 3.49576
0.0345472 3.49576
0.0449849 3.49576
0.0525117 3.49576
0.0579393 3.49576
0.0618533 3.49576
0.0646756 3.49576
0.0667109 3.49576
0.0681785 3.49576
0.0692368 3.49576
0.07 0.187685
0.07 0.187685
0.0706658 0.187706
0.0712515 0.18776
0.0717668 0.187834
0.0722201 0.18792
0.0726188 0.188012
0.0729696 0.188106
0.0732782 0.188199
0.0735496 0.188288
0.0737884 0.188373
0.0739985 0.188453
0.0741833 0.188526
0.0743459 0.188594
0.0744889 0.188655
0.0746147 0.188711
0.0747254 0.188762
0.0748227 0.188807
0.0749084 0.188848
0.0749837 0.188885
0.07505 0.188918
0.07505 0.188918
0.0751125 0.188932
0.075175 0.188929
0.0752375 0.18891
0.0753 0.188874
0.0753 0.188874
0.0753595 3.49897
0.0754253 3.50121
0.0754982 3.50369
0.0755789 3.50644
0.0756683 3.50949
0.0757672 3.51286
0.0758767 3.51659
0.075998 3.52072
0.0761323 3.52529
0.0762809 3.53035
0.0764455 3.53596
0.0766277 3.54216
0.0768294 3.54903
0.0770527 3.55664
0.0773 4.46506
0.0773 4.46506
0.0775427 4.46886
0.0777984 4.47287
0.0780678 4.47708
0.0783516 4.48153
0.0786506 4.48621
0.0789656 4.49115
0.0792976 4.49635
0.0796473 4.50182
0.0800157 4.50759
0.0804039 4.51367
0.0808128 4.52008
0.0812437 4.52683
0.0816977 4.53394
0.0821759 4.54143
0.0826798 4.54932
0.0832107 4.55764
0.0837701 4.5664
0.0843594 4.57563
0.0849802 4.58535
0.0856344 4.5956
0.0863235 4.60639
0.0870496 4.61777
0.0878146 4.62975
0.0886206 4.64237
0.0894697 4.65567
0.0903644 4.66968
0.0913069 4.68445
0.0923 4.7
0.0923 0
0.0933551 0
0.0950786 0
0.0978935 0
0.102491 0
0.110001 0
0.122266 0
0.1423 0
