Conduction Band Energy vs Depth
90 2 2
Depth
Conduction Band Energy
0 3.01146
0.0200726 3.01146
0.0345472 3.01146
0.0449849 3.01146
0.0525117 3.01147
0.0579393 3.01147
0.0618533 3.01147
0.0646756 3.01147
0.0667109 3.01147
0.0681785 3.01147
0.0692368 3.01147
0.07 -0.296604
0.07 -0.296604
0.0706658 -0.299446
0.0712515 -0.306853
0.0717668 -0.317601
0.0722201 -0.330854
0.0726188 -0.345995
0.0729696 -0.362543
0.0732782 -0.380107
0.0735496 -0.398355
0.0737884 -0.416994
0.0739985 -0.435763
0.0741833 -0.454423
0.0743459 -0.472763
0.0744889 -0.490598
0.0746147 -0.507773
0.0747254 -0.524163
0.0748227 -0.539675
0.0749084 -0.554245
0.0749837 -0.567836
0.07505 -0.580433
0.07505 -0.580433
0.0751125 -0.592918
0.075175 -0.606026
0.0752375 -0.619794
0.0753 -0.634263
0.0753 -0.634263
0.0753595 2.66128
0.0754253 2.64742
0.0754982 2.63207
0.0755789 2.61507
0.0756683 2.59625
0.0757672 2.57542
0.0758767 2.55236
0.075998 2.52682
0.0761323 2.49855
0.0762809 2.46725
0.0764455 2.43259
0.0766277 2.39422
0.0768294 2.35175
0.0770527 2.30472
0.0773 3.15265
0.0773 3.15265
0.0775427 3.12914
0.0777984 3.10438
0.0780678 3.07829
0.0783516 3.05081
0.0786506 3.02185
0.0789656 2.99134
0.0792976 2.9592
0.0796473 2.92533
0.0800157 2.88965
0.0804039 2.85206
0.0808128 2.81245
0.0812437 2.77073
0.0816977 2.72676
0.0821759 2.68045
0.0826798 2.63165
0.0832107 2.58023
0.0837701 2.52606
0.0843594 2.469
0.0849802 2.40887
0.0856344 2.34552
0.0863235 2.27878
0.0870496 2.20846
0.0878146 2.13438
0.0886206 2.05633
0.0894697 1.97409
0.0903644 1.88745
0.0913069 1.79617
0.0923 1.7
0.0923 0
0.0933551 0
0.0950786 0
0.0978935 0
0.102491 0
0.110001 0
0.122266 0
0.1423 0
