Conduction Band Energy vs Depth
90 2 2
Depth
Conduction Band Energy
0 3.2703
0.0200726 3.2703
0.0345472 3.2703
0.0449849 3.2703
0.0525117 3.2703
0.0579393 3.2703
0.0618533 3.2703
0.0646756 3.2703
0.0667109 3.2703
0.0681785 3.2703
0.0692368 3.2703
0.07 -0.0377678
0.07 -0.0377678
0.0706658 -0.0386737
0.0712515 -0.0409998
0.0717668 -0.0442938
0.0722201 -0.0482309
0.0726188 -0.0525708
0.0729696 -0.0571329
0.0732782 -0.0617791
0.0735496 -0.0664044
0.0737884 -0.0709291
0.0739985 -0.0752937
0.0741833 -0.0794555
0.0743459 -0.0833851
0.0744889 -0.0870645
0.0746147 -0.0904845
0.0747254 -0.0936429
0.0748227 -0.0965434
0.0749084 -0.0991937
0.0749837 -0.101605
0.07505 -0.10379
0.07505 -0.10379
0.0751125 -0.105927
0.075175 -0.10814
0.0752375 -0.110431
0.0753 -0.112801
0.0753 -0.112801
0.0753595 3.19497
0.0754253 3.19463
0.0754982 3.19426
0.0755789 3.19385
0.0756683 3.1934
0.0757672 3.19289
0.0758767 3.19233
0.075998 3.19172
0.0761323 3.19103
0.0762809 3.19028
0.0764455 3.18944
0.0766277 3.18851
0.0768294 3.18749
0.0770527 3.18635
0.0773 4.08509
0.0773 4.08509
0.0775427 4.08453
0.0777984 4.08393
0.0780678 4.0833
0.0783516 4.08263
0.0786506 4.08193
0.0789656 4.0812
0.0792976 4.08042
0.0796473 4.0796
0.0800157 4.07874
0.0804039 4.07783
0.0808128 4.07688
0.0812437 4.07587
0.0816977 4.07481
0.0821759 4.07369
0.0826798 4.07251
0.0832107 4.07127
0.0837701 4.06996
0.0843594 4.06858
0.0849802 4.06713
0.0856344 4.06559
0.0863235 4.06398
0.0870496 4.06228
0.0878146 4.06049
0.0886206 4.05861
0.0894697 4.05662
0.0903644 4.05453
0.0913069 4.05232
0.0923 4.05
0.0923 0
0.0933551 0
0.0950786 0
0.0978935 0
0.102491 0
0.110001 0
0.122266 0
0.1423 0
