Probe chan_n vs gate bias
76 2 2
gate bias
Probe chan_n
-3 6.65521e-034
-2.8 6.48665e-032
-2.6 1.4411e-028
-2.4 3.30015e-025
-2.2 7.55094e-022
-2 1.50516e-018
-1.8 3.35439e-015
-1.6 7.68098e-012
-1.4 1.39844e-008
-1.2 2.37837e-005
-1 0.054462
-0.95 0.376743
-0.9 2.6061
-0.85 18.0276
-0.8 124.7
-0.75 862.473
-0.7 5963.13
-0.65 41195.9
-0.6 284164
-0.55 1.95562e+006
-0.5 1.34233e+007
-0.45 9.19352e+007
-0.4 6.28647e+008
-0.35 4.28589e+009
-0.3 2.89552e+010
-0.25 1.91678e+011
-0.2 1.22902e+012
-0.15 7.57671e+012
-0.1 4.42674e+013
-0.05 2.31788e+014
-4.24783e-016 9.72986e+014
0.05 3.0208e+015
0.1 7.10736e+015
0.15 1.36366e+016
0.2 2.27428e+016
0.25 3.44321e+016
0.3 4.86717e+016
0.35 6.54357e+016
0.4 8.47251e+016
0.45 1.06573e+017
0.5 1.31034e+017
0.55 1.58172e+017
0.6 1.88037e+017
0.65 2.20657e+017
0.7 2.56034e+017
0.75 2.94161e+017
0.8 3.35028e+017
0.85 3.78617e+017
0.9 4.24904e+017
0.95 4.73866e+017
1 5.2549e+017
1.05 5.79781e+017
1.1 6.36763e+017
1.15 6.96484e+017
1.2 7.5901e+017
1.25 8.24421e+017
1.3 8.92805e+017
1.35 9.64246e+017
1.4 1.03882e+018
1.45 1.11658e+018
1.5 1.19756e+018
1.6 1.36922e+018
1.7 1.55361e+018
1.8 1.75031e+018
1.9 1.9587e+018
2 2.17807e+018
2.1 2.40765e+018
2.2 2.64667e+018
2.3 2.89434e+018
2.4 3.14992e+018
2.5 3.41267e+018
2.6 3.68193e+018
2.7 3.95705e+018
2.8 4.23743e+018
2.9 4.52251e+018
3 4.81178e+018
