Probe chan_mob vs gate bias
76 2 2
gate bias
Probe chan_mob
-3 11.0934
-2.8 11.0934
-2.6 11.0934
-2.4 11.0934
-2.2 11.0934
-2 11.0934
-1.8 11.0934
-1.6 11.0934
-1.4 11.0934
-1.2 11.0934
-1 11.0934
-0.95 11.0934
-0.9 11.0934
-0.85 11.0934
-0.8 11.0934
-0.75 11.0934
-0.7 11.0934
-0.65 11.0934
-0.6 11.0934
-0.55 11.0934
-0.5 11.0934
-0.45 11.0934
-0.4 11.0934
-0.35 11.0934
-0.3 11.0934
-0.25 11.0934
-0.2 11.0934
-0.15 11.0934
-0.1 11.0934
-0.05 11.0934
-4.24783e-016 11.0934
0.05 11.0934
0.1 11.0934
0.15 11.0934
0.2 11.0934
0.25 11.0934
0.3 11.0934
0.35 11.0934
0.4 11.0934
0.45 11.0934
0.5 11.0934
0.55 11.0934
0.6 11.0934
0.65 11.0934
0.7 11.0934
0.75 11.0934
0.8 11.0934
0.85 11.0934
0.9 11.0934
0.95 11.0934
1 11.0934
1.05 11.0934
1.1 11.0934
1.15 11.0934
1.2 11.0934
1.25 11.0934
1.3 11.0934
1.35 11.0934
1.4 11.0934
1.45 11.0934
1.5 11.0934
1.6 11.0934
1.7 11.0934
1.8 11.0934
1.9 11.0934
2 11.0934
2.1 11.0934
2.2 11.0934
2.3 11.0934
2.4 11.0934
2.5 11.0934
2.6 11.0934
2.7 11.0934
2.8 11.0934
2.9 11.0934
3 11.0934
