drain current vs gate bias
76 2 2
gate bias
drain current
-3 1.97845e-020
-2.8 2.51532e-020
-2.6 -1.85732e-020
-2.4 1.76849e-020
-2.2 1.54661e-021
-2 -2.33941e-020
-1.8 -5.85202e-021
-1.6 9.12636e-020
-1.4 1.8119e-019
-1.2 -1.06172e-019
-1 3.06144e-019
-0.95 -1.98634e-019
-0.9 1.29079e-019
-0.85 -1.01658e-019
-0.8 -2.69081e-019
-0.75 -2.68078e-019
-0.7 -1.86121e-020
-0.65 -8.63671e-020
-0.6 -3.07403e-019
-0.55 1.00343e-019
-0.5 -3.9198e-019
-0.45 3.88092e-019
-0.4 1.00398e-018
-0.35 1.00179e-017
-0.3 7.08689e-017
-0.25 4.70345e-016
-0.2 3.06319e-015
-0.15 1.92479e-014
-0.1 1.15487e-013
-0.05 6.3672e-013
-4.24783e-016 2.97254e-012
0.05 1.09081e-011
0.1 3.13635e-011
0.15 7.39739e-011
0.2 1.50586e-010
0.25 2.75271e-010
0.3 4.64754e-010
0.35 7.39083e-010
0.4 1.1224e-009
0.45 1.64367e-009
0.5 2.33716e-009
0.55 3.24242e-009
0.6 4.40365e-009
0.65 5.86819e-009
0.7 7.68428e-009
0.75 9.8982e-009
0.8 1.2552e-008
0.85 1.56826e-008
0.9 1.93215e-008
0.95 2.34946e-008
1 2.82219e-008
1.05 3.35165e-008
1.1 3.93846e-008
1.15 4.58246e-008
1.2 5.28272e-008
1.25 6.03755e-008
1.3 6.84456e-008
1.35 7.70086e-008
1.4 8.60319e-008
1.45 9.54812e-008
1.5 1.05322e-007
1.6 1.2605e-007
1.7 1.47977e-007
1.8 1.70905e-007
1.9 1.94672e-007
2 2.19151e-007
2.1 2.44238e-007
2.2 2.69849e-007
2.3 2.95915e-007
2.4 3.22382e-007
2.5 3.492e-007
2.6 3.76333e-007
2.7 4.03745e-007
2.8 4.31409e-007
2.9 4.59301e-007
3 4.87398e-007
