Electron Conc vs Depth
90 2 2
Depth
Electron Conc
0 0
0.0200726 0
0.0345472 0
0.0449849 0
0.0525117 0
0.0579393 0
0.0618533 0
0.0646756 0
0.0667109 0
0.0681785 0
0.0692368 0
0.07 0
0.07 1.10198e+018
0.0706658 1.21198e+018
0.0712515 1.54381e+018
0.0717668 2.15605e+018
0.0722201 3.15423e+018
0.0726188 4.65567e+018
0.0729696 6.74817e+018
0.0732782 9.4629e+018
0.0735496 1.27752e+019
0.0737884 1.66218e+019
0.0739985 2.09184e+019
0.0741833 2.55712e+019
0.0743459 3.04832e+019
0.0744889 3.55594e+019
0.0746147 4.07097e+019
0.0747254 4.58522e+019
0.0748227 5.09145e+019
0.0749084 5.58357e+019
0.0749837 6.05665e+019
0.07505 6.50691e+019
0.07505 6.50691e+019
0.0751125 6.964e+019
0.075175 7.45524e+019
0.0752375 7.98343e+019
0.0753 8.55167e+019
0.0753 0
0.0753595 0
0.0754253 0
0.0754982 0
0.0755789 0
0.0756683 0
0.0757672 0
0.0758767 0
0.075998 0
0.0761323 0
0.0762809 0
0.0764455 0
0.0766277 0
0.0768294 0
0.0770527 0
0.0773 0
0.0773 0
0.0775427 0
0.0777984 0
0.0780678 0
0.0783516 0
0.0786506 0
0.0789656 0
0.0792976 0
0.0796473 0
0.0800157 0
0.0804039 0
0.0808128 0
0.0812437 0
0.0816977 0
0.0821759 0
0.0826798 0
0.0832107 0
0.0837701 0
0.0843594 0
0.0849802 0
0.0856344 0
0.0863235 0
0.0870496 0
0.0878146 0
0.0886206 0
0.0894697 0
0.0903644 0
0.0913069 0
0.0923 0
0.0923 0
0.0933551 0
0.0950786 0
0.0978935 0
0.102491 0
0.110001 0
0.122266 0
0.1423 0
