Electron QFL vs Depth
90 2 2
Depth
Electron QFL
0 0
0.0200726 0
0.0345472 0
0.0449849 0
0.0525117 0
0.0579393 0
0.0618533 0
0.0646756 0
0.0667109 0
0.0681785 0
0.0692368 0
0.07 0
0.07 0
0.0706658 0
0.0712515 0
0.0717668 0
0.0722201 0
0.0726188 0
0.0729696 0
0.0732782 0
0.0735496 0
0.0737884 0
0.0739985 0
0.0741833 0
0.0743459 0
0.0744889 0
0.0746147 0
0.0747254 0
0.0748227 0
0.0749084 0
0.0749837 0
0.07505 0
0.07505 0
0.0751125 0
0.075175 0
0.0752375 0
0.0753 0
0.0753 0
0.0753595 0
0.0754253 0
0.0754982 0
0.0755789 0
0.0756683 0
0.0757672 0
0.0758767 0
0.075998 0
0.0761323 0
0.0762809 0
0.0764455 0
0.0766277 0
0.0768294 0
0.0770527 0
0.0773 0
0.0773 0
0.0775427 0
0.0777984 0
0.0780678 0
0.0783516 0
0.0786506 0
0.0789656 0
0.0792976 0
0.0796473 0
0.0800157 0
0.0804039 0
0.0808128 0
0.0812437 0
0.0816977 0
0.0821759 0
0.0826798 0
0.0832107 0
0.0837701 0
0.0843594 0
0.0849802 0
0.0856344 0
0.0863235 0
0.0870496 0
0.0878146 0
0.0886206 0
0.0894697 0
0.0903644 0
0.0913069 0
0.0923 0
0.0923 0
0.0933551 0
0.0950786 0
0.0978935 0
0.102491 0
0.110001 0
0.122266 0
0.1423 0
