Valence Band Energy vs Depth
90 2 2
Depth
Valence Band Energy
0 -5.50424
0.0200726 -5.50424
0.0345472 -5.50424
0.0449849 -5.50424
0.0525117 -5.50424
0.0579393 -5.50424
0.0618533 -5.50424
0.0646756 -5.50424
0.0667109 -5.50424
0.0681785 -5.50424
0.0692368 -5.50424
0.07 -2.95424
0.07 -2.95424
0.0706658 -2.95422
0.0712515 -2.95417
0.0717668 -2.9541
0.0722201 -2.95401
0.0726188 -2.95392
0.0729696 -2.95382
0.0732782 -2.95373
0.0735496 -2.95364
0.0737884 -2.95356
0.0739985 -2.95348
0.0741833 -2.9534
0.0743459 -2.95334
0.0744889 -2.95327
0.0746147 -2.95322
0.0747254 -2.95317
0.0748227 -2.95312
0.0749084 -2.95308
0.0749837 -2.95305
0.07505 -2.95301
0.07505 -2.95301
0.0751125 -2.953
0.075175 -2.953
0.0752375 -2.95302
0.0753 -2.95306
0.0753 -2.95306
0.0753595 -5.50103
0.0754253 -5.49879
0.0754982 -5.49631
0.0755789 -5.49356
0.0756683 -5.49051
0.0757672 -5.48714
0.0758767 -5.48341
0.075998 -5.47928
0.0761323 -5.47471
0.0762809 -5.46965
0.0764455 -5.46404
0.0766277 -5.45784
0.0768294 -5.45097
0.0770527 -5.44336
0.0773 -1.23494
0.0773 -1.23494
0.0775427 -1.23114
0.0777984 -1.22713
0.0780678 -1.22292
0.0783516 -1.21847
0.0786506 -1.21379
0.0789656 -1.20885
0.0792976 -1.20365
0.0796473 -1.19818
0.0800157 -1.19241
0.0804039 -1.18633
0.0808128 -1.17992
0.0812437 -1.17317
0.0816977 -1.16606
0.0821759 -1.15857
0.0826798 -1.15068
0.0832107 -1.14236
0.0837701 -1.1336
0.0843594 -1.12437
0.0849802 -1.11465
0.0856344 -1.1044
0.0863235 -1.09361
0.0870496 -1.08223
0.0878146 -1.07025
0.0886206 -1.05763
0.0894697 -1.04433
0.0903644 -1.03032
0.0913069 -1.01555
0.0923 -1
0.0923 0
0.0933551 0
0.0950786 0
0.0978935 0
0.102491 0
0.110001 0
0.122266 0
0.1423 0
