Valence Band Energy vs Depth
90 2 2
Depth
Valence Band Energy
0 -5.98854
0.0200726 -5.98854
0.0345472 -5.98854
0.0449849 -5.98854
0.0525117 -5.98853
0.0579393 -5.98853
0.0618533 -5.98853
0.0646756 -5.98853
0.0667109 -5.98853
0.0681785 -5.98853
0.0692368 -5.98853
0.07 -3.43853
0.07 -3.43853
0.0706658 -3.44138
0.0712515 -3.44878
0.0717668 -3.45953
0.0722201 -3.47278
0.0726188 -3.48792
0.0729696 -3.50447
0.0732782 -3.52204
0.0735496 -3.54029
0.0737884 -3.55892
0.0739985 -3.57769
0.0741833 -3.59635
0.0743459 -3.61469
0.0744889 -3.63253
0.0746147 -3.6497
0.0747254 -3.66609
0.0748227 -3.6816
0.0749084 -3.69617
0.0749837 -3.70977
0.07505 -3.72236
0.07505 -3.72236
0.0751125 -3.73485
0.075175 -3.74796
0.0752375 -3.76172
0.0753 -3.77619
0.0753 -3.77619
0.0753595 -6.33872
0.0754253 -6.35258
0.0754982 -6.36793
0.0755789 -6.38493
0.0756683 -6.40375
0.0757672 -6.42458
0.0758767 -6.44764
0.075998 -6.47318
0.0761323 -6.50145
0.0762809 -6.53275
0.0764455 -6.56741
0.0766277 -6.60578
0.0768294 -6.64825
0.0770527 -6.69528
0.0773 -2.54735
0.0773 -2.54735
0.0775427 -2.57086
0.0777984 -2.59562
0.0780678 -2.62171
0.0783516 -2.64919
0.0786506 -2.67815
0.0789656 -2.70866
0.0792976 -2.7408
0.0796473 -2.77467
0.0800157 -2.81035
0.0804039 -2.84794
0.0808128 -2.88755
0.0812437 -2.92927
0.0816977 -2.97324
0.0821759 -3.01955
0.0826798 -3.06835
0.0832107 -3.11977
0.0837701 -3.17394
0.0843594 -3.231
0.0849802 -3.29113
0.0856344 -3.35448
0.0863235 -3.42122
0.0870496 -3.49154
0.0878146 -3.56562
0.0886206 -3.64367
0.0894697 -3.72591
0.0903644 -3.81255
0.0913069 -3.90383
0.0923 -4
0.0923 0
0.0933551 0
0.0950786 0
0.0978935 0
0.102491 0
0.110001 0
0.122266 0
0.1423 0
