Valence Band Energy vs Depth
90 2 2
Depth
Valence Band Energy
0 -5.7297
0.0200726 -5.7297
0.0345472 -5.7297
0.0449849 -5.7297
0.0525117 -5.7297
0.0579393 -5.7297
0.0618533 -5.7297
0.0646756 -5.7297
0.0667109 -5.7297
0.0681785 -5.7297
0.0692368 -5.7297
0.07 -3.1797
0.07 -3.1797
0.0706658 -3.1806
0.0712515 -3.18293
0.0717668 -3.18622
0.0722201 -3.19016
0.0726188 -3.1945
0.0729696 -3.19906
0.0732782 -3.20371
0.0735496 -3.20833
0.0737884 -3.21286
0.0739985 -3.21722
0.0741833 -3.22139
0.0743459 -3.22532
0.0744889 -3.22899
0.0746147 -3.23241
0.0747254 -3.23557
0.0748227 -3.23847
0.0749084 -3.24112
0.0749837 -3.24353
0.07505 -3.24572
0.07505 -3.24572
0.0751125 -3.24786
0.075175 -3.25007
0.0752375 -3.25236
0.0753 -3.25473
0.0753 -3.25473
0.0753595 -5.80503
0.0754253 -5.80537
0.0754982 -5.80574
0.0755789 -5.80615
0.0756683 -5.8066
0.0757672 -5.80711
0.0758767 -5.80767
0.075998 -5.80828
0.0761323 -5.80897
0.0762809 -5.80972
0.0764455 -5.81056
0.0766277 -5.81149
0.0768294 -5.81251
0.0770527 -5.81365
0.0773 -1.61491
0.0773 -1.61491
0.0775427 -1.61547
0.0777984 -1.61607
0.0780678 -1.6167
0.0783516 -1.61737
0.0786506 -1.61807
0.0789656 -1.6188
0.0792976 -1.61958
0.0796473 -1.6204
0.0800157 -1.62126
0.0804039 -1.62217
0.0808128 -1.62312
0.0812437 -1.62413
0.0816977 -1.62519
0.0821759 -1.62631
0.0826798 -1.62749
0.0832107 -1.62873
0.0837701 -1.63004
0.0843594 -1.63142
0.0849802 -1.63287
0.0856344 -1.63441
0.0863235 -1.63602
0.0870496 -1.63772
0.0878146 -1.63951
0.0886206 -1.64139
0.0894697 -1.64338
0.0903644 -1.64547
0.0913069 -1.64768
0.0923 -1.65
0.0923 0
0.0933551 0
0.0950786 0
0.0978935 0
0.102491 0
0.110001 0
0.122266 0
0.1423 0
