&CONTROL
  calculation = 'bands', prefix = 'vcr', verbosity = 'high', outdir = './tmp', pseudo_dir = '../pseudo',
  tstress = .true., tprnfor = .true., etot_conv_thr = 1.0d-5, forc_conv_thr = 1.0d-4 
/
&SYSTEM
  ibrav = 0, nat = 40, ntyp = 2,
  ecutwfc = 71, ecutrho = 568, occupations = 'fixed', nbnd = 190
/
&ELECTRONS
  conv_thr = 1.0d-9, mixing_beta = 0.4, diagonalization = 'cg'
/
&IONS
/
&CELL
  press_conv_thr = 0.2
/
ATOMIC_SPECIES
In 114.818 In.pbe-dn-kjpaw_psl.1.0.0.UPF
O  15.999  O.pbe-n-kjpaw_psl.1.0.0.UPF
CELL_PARAMETERS angstrom
  -5.1530450990 5.1530450990 5.1530450990
  5.1530450990 -5.1530450990 5.1530450990
  5.1530450990 5.1530450990 -5.1530450990
ATOMIC_POSITIONS crystal
  In               0.5000000000        0.5000000000        0.5000000000
  In               0.5000000000        0.0000000000        0.0000000000
  In               0.0000000000        0.0000000000        0.5000000000
  In               0.0000000000        0.5000000000        0.0000000000
  In               0.2500000000        0.2161937974        0.9661937974
  In               0.7500000000        0.2838062026        0.5338062026
  In               0.9661937974        0.2500000000        0.2161937974
  In               0.5338062026        0.7500000000        0.2838062026
  In               0.2161937974        0.9661937974        0.2500000000
  In               0.2838062026        0.5338062026        0.7500000000
  In               0.7500000000        0.7838062026        0.0338062026
  In               0.2500000000        0.7161937974        0.4661937974
  In               0.0338062026        0.7500000000        0.7838062026
  In               0.4661937974        0.2500000000        0.7161937974
  In               0.7838062026        0.0338062026        0.7500000000
  In               0.7161937974        0.4661937974        0.2500000000
  O                0.5368499068        0.7721087996        0.5442047320
  O                0.7279040675        0.9926451747        0.9557952680
  O                0.7720959325        0.7278912004        0.2647411072
  O                0.9631500932        0.5073548253        0.2352588928
  O                0.5442047320        0.5368499068        0.7721087996
  O                0.9557952680        0.7279040675        0.9926451747
  O                0.2647411072        0.7720959325        0.7278912004
  O                0.2352588928        0.9631500932        0.5073548253
  O                0.7721087996        0.5442047320        0.5368499068
  O                0.9926451747        0.9557952680        0.7279040675
  O                0.7278912004        0.2647411072        0.7720959325
  O                0.5073548253        0.2352588928        0.9631500932
  O                0.4631500932        0.2278912004        0.4557952680
  O                0.2720959325        0.0073548253        0.0442047320
  O                0.2279040675        0.2721087996        0.7352588928
  O                0.0368499068        0.4926451747        0.7647411072
  O                0.4557952680        0.4631500932        0.2278912004
  O                0.0442047320        0.2720959325        0.0073548253
  O                0.7352588928        0.2279040675        0.2721087996
  O                0.7647411072        0.0368499068        0.4926451747
  O                0.2278912004        0.4557952680        0.4631500932
  O                0.0073548253        0.0442047320        0.2720959325
  O                0.2721087996        0.7352588928        0.2279040675
  O                0.4926451747        0.7647411072        0.0368499068
K_POINTS tpiba
  31
  0.00000000 0.00000000 0.00000000 1.0
  0.02130767 0.00000000 0.00000000 1.0
  0.04261534 0.00000000 0.00000000 1.0
  0.06392301 0.00000000 0.00000000 1.0
  0.08523068 0.00000000 0.00000000 1.0
  0.10653835 0.00000000 0.00000000 1.0
  0.12784602 0.00000000 0.00000000 1.0
  0.14915369 0.00000000 0.00000000 1.0
  0.17046136 0.00000000 0.00000000 1.0
  0.19176903 0.00000000 0.00000000 1.0
  0.21307670 0.00000000 0.00000000 1.0
  0.01506680 0.01506680 0.00000000 1.0
  0.03013360 0.03013360 0.00000000 1.0
  0.04520039 0.04520039 0.00000000 1.0
  0.06026719 0.06026719 0.00000000 1.0
  0.07533399 0.07533399 0.00000000 1.0
  0.09040079 0.09040079 0.00000000 1.0
  0.10546759 0.10546759 0.00000000 1.0
  0.12053438 0.12053438 0.00000000 1.0
  0.13560118 0.13560118 0.00000000 1.0
  0.15066798 0.15066798 0.00000000 1.0
  0.01230199 0.01230199 0.01230199 1.0
  0.02460398 0.02460398 0.02460398 1.0
  0.03690597 0.03690597 0.03690597 1.0
  0.04920796 0.04920796 0.04920796 1.0
  0.06150994 0.06150994 0.06150994 1.0
  0.07381193 0.07381193 0.07381193 1.0
  0.08611392 0.08611392 0.08611392 1.0
  0.09841591 0.09841591 0.09841591 1.0
  0.11071790 0.11071790 0.11071790 1.0
  0.12301989 0.12301989 0.12301989 1.0
