Electron Conc vs Depth
171 2 2
Depth
Electron Conc
0 1e-010
0.00114684 1e-010
0.0155319 1e-010
0.0164239 1e-010
0.0276123 1e-010
0.0283061 1e-010
0.0370082 1e-010
0.0375478 1e-010
0.0443161 1e-010
0.0447358 1e-010
0.05 1e-010
0.0503692 1e-010
0.0549999 1e-010
0.0552822 1e-010
0.0588233 1e-010
0.0590392 1e-010
0.0617471 1e-010
0.0619122 1e-010
0.0639829 1e-010
0.0641092 1e-010
0.0656927 1e-010
0.0657892 1e-010
0.0670002 1e-010
0.067074 1e-010
0.068 1e-010
0.0680742 1e-010
0.0690045 1e-010
0.0690428 1e-010
0.069523 1e-010
0.0695428 1e-010
0.0697906 1e-010
0.0698008 1e-010
0.0699287 1e-010
0.069934 1e-010
0.07 1e-010
0.07 1e-010
0.0700046 1.67517e+010
0.0700625 1.88634e+017
0.0700671 2.0882e+017
0.070125 7.4749e+017
0.0701296 7.92697e+017
0.0701875 1.6557e+018
0.0701921 1.72475e+018
0.07025 2.87935e+018
0.0702546 2.96957e+018
0.0703125 4.37274e+018
0.0703171 4.48048e+018
0.070375 6.08009e+018
0.0703796 6.20096e+018
0.0704375 7.93759e+018
0.0704421 8.06668e+018
0.0705 9.87579e+018
0.0705046 1.00078e+019
0.0705625 1.18221e+019
0.0705671 1.19517e+019
0.070625 1.37036e+019
0.0706296 1.38254e+019
0.0706875 1.54494e+019
0.0706921 1.55584e+019
0.07075 1.69936e+019
0.0707546 1.70853e+019
0.0708125 1.82777e+019
0.0708171 1.83479e+019
0.070875 1.92523e+019
0.0708796 1.9298e+019
0.0709375 1.98797e+019
0.0709421 1.98984e+019
0.071 2.01348e+019
0.0710046 2.01253e+019
0.0710625 2.00063e+019
0.0710671 1.99683e+019
0.071125 1.94975e+019
0.0711296 1.94317e+019
0.0711875 1.86258e+019
0.0711921 1.85342e+019
0.07125 1.74229e+019
0.0712546 1.73084e+019
0.0713125 1.59335e+019
0.0713171 1.57996e+019
0.071375 1.42134e+019
0.0713796 1.40649e+019
0.0714375 1.23284e+019
0.0714421 1.21703e+019
0.0715 1.03512e+019
0.0715046 1.01891e+019
0.0715625 8.35892e+018
0.0715671 8.19858e+018
0.071625 6.43028e+018
0.0716296 6.27742e+018
0.0716875 4.64219e+018
0.0716921 4.50225e+018
0.07175 3.06676e+018
0.0717546 2.94456e+018
0.0718125 1.76816e+018
0.0718171 1.66757e+018
0.071875 7.99851e+017
0.0718796 7.22596e+017
0.0719375 2.02101e+017
0.0719421 5.54517e+016
0.072 1e-010
0.072 1e-010
0.0720046 1e-010
0.0720625 1e-010
0.0720671 1e-010
0.072125 1e-010
0.0721296 1e-010
0.0721875 1e-010
0.0721921 1e-010
0.07225 1e-010
0.0722546 1e-010
0.0723125 1e-010
0.0723171 1e-010
0.072375 1e-010
0.0723796 1e-010
0.0724375 1e-010
0.0724421 1e-010
0.0725 1e-010
0.0725369 1e-010
0.073 1e-010
0.0730369 1e-010
0.0735 1e-010
0.0735369 1e-010
0.074 1e-010
0.074 1e-010
0.0740369 1e-010
0.0745 1e-010
0.0745369 1e-010
0.075 1e-010
0.0750369 1e-010
0.0755 1e-010
0.0756108 1e-010
0.077 1e-010
0.0771108 1e-010
0.0785 1e-010
0.0786108 1e-010
0.08 1e-010
0.0801108 1e-010
0.0815 1e-010
0.0816108 1e-010
0.083 1e-010
0.0831108 1e-010
0.0845 1e-010
0.0846108 1e-010
0.086 1e-010
0.0861108 1e-010
0.0875 1e-010
0.0876108 1e-010
0.089 1e-010
0.089 1e-010
0.0891071 1e-010
0.0904501 1e-010
0.0905799 1e-010
0.0922083 1e-010
0.0923657 1e-010
0.0943401 1e-010
0.094531 1e-010
0.096925 1e-010
0.0971564 1e-010
0.100059 1e-010
0.10034 1e-010
0.103859 1e-010
0.104199 1e-010
0.108467 1e-010
0.108879 1e-010
0.114054 1e-010
0.114554 1e-010
0.120828 1e-010
0.121434 1e-010
0.129041 1e-010
0.129777 1e-010
0.139 1e-010
