Electron Conc vs Depth
171 2 2
Depth
Electron Conc
0 0
0.00114684 0
0.0155319 0
0.0164239 0
0.0276123 0
0.0283061 0
0.0370082 0
0.0375478 0
0.0443161 0
0.0447358 0
0.05 0
0.0503692 0
0.0549999 0
0.0552822 0
0.0588233 0
0.0590392 0
0.0617471 0
0.0619122 0
0.0639829 0
0.0641092 0
0.0656927 0
0.0657892 0
0.0670002 0
0.067074 0
0.068 0
0.0680742 0
0.0690045 0
0.0690428 0
0.069523 0
0.0695428 0
0.0697906 0
0.0698008 0
0.0699287 0
0.069934 0
0.07 0
0.07 1.29592e+012
0.0700046 1.29591e+012
0.0700625 1.29588e+012
0.0700671 1.29587e+012
0.070125 1.29576e+012
0.0701296 1.29575e+012
0.0701875 1.29557e+012
0.0701921 1.29555e+012
0.07025 1.29531e+012
0.0702546 1.29528e+012
0.0703125 1.29496e+012
0.0703171 1.29493e+012
0.070375 1.29455e+012
0.0703796 1.29451e+012
0.0704375 1.29405e+012
0.0704421 1.29401e+012
0.0705 1.29348e+012
0.0705046 1.29343e+012
0.0705625 1.29283e+012
0.0705671 1.29278e+012
0.070625 1.29211e+012
0.0706296 1.29205e+012
0.0706875 1.29131e+012
0.0706921 1.29125e+012
0.07075 1.29044e+012
0.0707546 1.29037e+012
0.0708125 1.28949e+012
0.0708171 1.28942e+012
0.070875 1.28847e+012
0.0708796 1.28839e+012
0.0709375 1.28737e+012
0.0709421 1.28729e+012
0.071 1.2862e+012
0.0710046 1.28611e+012
0.0710625 1.28495e+012
0.0710671 1.28485e+012
0.071125 1.28363e+012
0.0711296 1.28353e+012
0.0711875 1.28223e+012
0.0711921 1.28213e+012
0.07125 1.28077e+012
0.0712546 1.28065e+012
0.0713125 1.27922e+012
0.0713171 1.2791e+012
0.071375 1.27761e+012
0.0713796 1.27748e+012
0.0714375 1.27592e+012
0.0714421 1.27579e+012
0.0715 1.27416e+012
0.0715046 1.27402e+012
0.0715625 1.27232e+012
0.0715671 1.27218e+012
0.071625 1.27041e+012
0.0716296 1.27027e+012
0.0716875 1.26844e+012
0.0716921 1.26829e+012
0.07175 1.26639e+012
0.0717546 1.26623e+012
0.0718125 1.26427e+012
0.0718171 1.2641e+012
0.071875 1.26208e+012
0.0718796 1.26191e+012
0.0719375 1.25981e+012
0.0719421 1.25964e+012
0.072 1.25748e+012
0.072 0
0.0720046 0
0.0720625 0
0.0720671 0
0.072125 0
0.0721296 0
0.0721875 0
0.0721921 0
0.07225 0
0.0722546 0
0.0723125 0
0.0723171 0
0.072375 0
0.0723796 0
0.0724375 0
0.0724421 0
0.0725 0
0.0725369 0
0.073 0
0.0730369 0
0.0735 0
0.0735369 0
0.074 0
0.074 0
0.0740369 0
0.0745 0
0.0745369 0
0.075 0
0.0750369 0
0.0755 0
0.0756108 0
0.077 0
0.0771108 0
0.0785 0
0.0786108 0
0.08 0
0.0801108 0
0.0815 0
0.0816108 0
0.083 0
0.0831108 0
0.0845 0
0.0846108 0
0.086 0
0.0861108 0
0.0875 0
0.0876108 0
0.089 0
0.089 0
0.0891071 0
0.0904501 0
0.0905799 0
0.0922083 0
0.0923657 0
0.0943401 0
0.094531 0
0.096925 0
0.0971564 0
0.100059 0
0.10034 0
0.103859 0
0.104199 0
0.108467 0
0.108879 0
0.114054 0
0.114554 0
0.120828 0
0.121434 0
0.129041 0
0.129777 0
0.139 0
