Electron Conc vs Depth
171 2 2
Depth
Electron Conc
0 1e-010
0.00114684 1e-010
0.0155319 1e-010
0.0164239 1e-010
0.0276123 1e-010
0.0283061 1e-010
0.0370082 1e-010
0.0375478 1e-010
0.0443161 1e-010
0.0447358 1e-010
0.05 1e-010
0.0503692 1e-010
0.0549999 1e-010
0.0552822 1e-010
0.0588233 1e-010
0.0590392 1e-010
0.0617471 1e-010
0.0619122 1e-010
0.0639829 1e-010
0.0641092 1e-010
0.0656927 1e-010
0.0657892 1e-010
0.0670002 1e-010
0.067074 1e-010
0.068 1e-010
0.0680742 1e-010
0.0690045 1e-010
0.0690428 1e-010
0.069523 1e-010
0.0695428 1e-010
0.0697906 1e-010
0.0698008 1e-010
0.0699287 1e-010
0.069934 1e-010
0.07 1e-010
0.07 1e-010
0.0700046 1.13015e+010
0.0700625 2.55317e+015
0.0700671 2.82634e+015
0.070125 1.01145e+016
0.0701296 1.07259e+016
0.0701875 2.23934e+016
0.0701921 2.33261e+016
0.07025 3.89176e+016
0.0702546 4.01345e+016
0.0703125 5.90521e+016
0.0703171 6.05023e+016
0.070375 8.20227e+016
0.0703796 8.36455e+016
0.0704375 1.06947e+017
0.0704421 1.08674e+017
0.0705 1.32866e+017
0.0705046 1.34625e+017
0.0705625 1.58783e+017
0.0705671 1.60502e+017
0.070625 1.83704e+017
0.0706296 1.85309e+017
0.0706875 2.06669e+017
0.0706921 2.08093e+017
0.07075 2.26797e+017
0.0707546 2.27978e+017
0.0708125 2.43314e+017
0.0708171 2.442e+017
0.070875 2.55585e+017
0.0708796 2.56136e+017
0.0709375 2.6314e+017
0.0709421 2.63327e+017
0.071 2.65686e+017
0.0710046 2.65497e+017
0.0710625 2.63128e+017
0.0710671 2.62562e+017
0.071125 2.55563e+017
0.0711296 2.54636e+017
0.0711875 2.43283e+017
0.0711921 2.42022e+017
0.07125 2.26759e+017
0.0712546 2.25207e+017
0.0713125 2.06626e+017
0.0713171 2.04836e+017
0.071375 1.83658e+017
0.0713796 1.81691e+017
0.0714375 1.58738e+017
0.0714421 1.56662e+017
0.0715 1.32823e+017
0.0715046 1.30711e+017
0.0715625 1.06909e+017
0.0715671 1.04834e+017
0.071625 8.19912e+016
0.0716296 8.00258e+016
0.0716875 5.90278e+016
0.0716921 5.72381e+016
0.07175 3.89008e+016
0.0717546 3.73452e+016
0.0718125 2.23833e+016
0.0718171 2.11075e+016
0.071875 1.01098e+016
0.0718796 9.13268e+015
0.0719375 2.55196e+015
0.0719421 9.66975e+014
0.072 1e-010
0.072 1e-010
0.0720046 1e-010
0.0720625 1e-010
0.0720671 1e-010
0.072125 1e-010
0.0721296 1e-010
0.0721875 1e-010
0.0721921 1e-010
0.07225 1e-010
0.0722546 1e-010
0.0723125 1e-010
0.0723171 1e-010
0.072375 1e-010
0.0723796 1e-010
0.0724375 1e-010
0.0724421 1e-010
0.0725 1e-010
0.0725369 1e-010
0.073 1e-010
0.0730369 1e-010
0.0735 1e-010
0.0735369 1e-010
0.074 1e-010
0.074 1e-010
0.0740369 1e-010
0.0745 1e-010
0.0745369 1e-010
0.075 1e-010
0.0750369 1e-010
0.0755 1e-010
0.0756108 1e-010
0.077 1e-010
0.0771108 1e-010
0.0785 1e-010
0.0786108 1e-010
0.08 1e-010
0.0801108 1e-010
0.0815 1e-010
0.0816108 1e-010
0.083 1e-010
0.0831108 1e-010
0.0845 1e-010
0.0846108 1e-010
0.086 1e-010
0.0861108 1e-010
0.0875 1e-010
0.0876108 1e-010
0.089 1e-010
0.089 1e-010
0.0891071 1e-010
0.0904501 1e-010
0.0905799 1e-010
0.0922083 1e-010
0.0923657 1e-010
0.0943401 1e-010
0.094531 1e-010
0.096925 1e-010
0.0971564 1e-010
0.100059 1e-010
0.10034 1e-010
0.103859 1e-010
0.104199 1e-010
0.108467 1e-010
0.108879 1e-010
0.114054 1e-010
0.114554 1e-010
0.120828 1e-010
0.121434 1e-010
0.129041 1e-010
0.129777 1e-010
0.139 1e-010
