Electron Conc vs Depth
171 2 2
Depth
Electron Conc
0 1e-010
0.00114684 1e-010
0.0155319 1e-010
0.0164239 1e-010
0.0276123 1e-010
0.0283061 1e-010
0.0370082 1e-010
0.0375478 1e-010
0.0443161 1e-010
0.0447358 1e-010
0.05 1e-010
0.0503692 1e-010
0.0549999 1e-010
0.0552822 1e-010
0.0588233 1e-010
0.0590392 1e-010
0.0617471 1e-010
0.0619122 1e-010
0.0639829 1e-010
0.0641092 1e-010
0.0656927 1e-010
0.0657892 1e-010
0.0670002 1e-010
0.067074 1e-010
0.068 1e-010
0.0680742 1e-010
0.0690045 1e-010
0.0690428 1e-010
0.069523 1e-010
0.0695428 1e-010
0.0697906 1e-010
0.0698008 1e-010
0.0699287 1e-010
0.069934 1e-010
0.07 1e-010
0.07 1e-010
0.0700046 1.85082e+010
0.0700625 6.1028e+017
0.0700671 6.75624e+017
0.070125 2.41997e+018
0.0701296 2.56654e+018
0.0701875 5.36637e+018
0.0701921 5.59083e+018
0.07025 9.34738e+018
0.0702546 9.64174e+018
0.0703125 1.4225e+019
0.0703171 1.45782e+019
0.070375 1.983e+019
0.0703796 2.02288e+019
0.0704375 2.59677e+019
0.0704421 2.63969e+019
0.0705 3.24242e+019
0.0705046 3.28676e+019
0.0705625 3.89736e+019
0.0705671 3.94143e+019
0.070625 4.53853e+019
0.0706296 4.58064e+019
0.0706875 5.14315e+019
0.0706921 5.18162e+019
0.07075 5.68942e+019
0.0707546 5.72271e+019
0.0708125 6.15729e+019
0.0708171 6.184e+019
0.070875 6.52911e+019
0.0708796 6.54804e+019
0.0709375 6.79026e+019
0.0709421 6.80046e+019
0.071 6.92971e+019
0.0710046 6.93051e+019
0.0710625 6.94053e+019
0.0710671 6.93158e+019
0.071125 6.82026e+019
0.0711296 6.80155e+019
0.0711875 6.57121e+019
0.0711921 6.5431e+019
0.07125 6.20059e+019
0.0712546 6.16381e+019
0.0713125 5.72054e+019
0.0713171 5.67616e+019
0.071375 5.14789e+019
0.0713796 5.09734e+019
0.0714375 4.50383e+019
0.0714421 4.44882e+019
0.0715 3.81326e+019
0.0715046 3.75576e+019
0.0715625 3.10398e+019
0.0715671 3.04611e+019
0.071625 2.40563e+019
0.0716296 2.34962e+019
0.0716875 1.74847e+019
0.0716921 1.6965e+019
0.07175 1.16194e+019
0.0717546 1.11605e+019
0.0718125 6.73234e+018
0.0718171 6.3511e+018
0.071875 3.05694e+018
0.0718796 2.76217e+018
0.0719375 7.74269e+017
0.0719421 1.92383e+017
0.072 1e-010
0.072 1e-010
0.0720046 1e-010
0.0720625 1e-010
0.0720671 1e-010
0.072125 1e-010
0.0721296 1e-010
0.0721875 1e-010
0.0721921 1e-010
0.07225 1e-010
0.0722546 1e-010
0.0723125 1e-010
0.0723171 1e-010
0.072375 1e-010
0.0723796 1e-010
0.0724375 1e-010
0.0724421 1e-010
0.0725 1e-010
0.0725369 1e-010
0.073 1e-010
0.0730369 1e-010
0.0735 1e-010
0.0735369 1e-010
0.074 1e-010
0.074 1e-010
0.0740369 1e-010
0.0745 1e-010
0.0745369 1e-010
0.075 1e-010
0.0750369 1e-010
0.0755 1e-010
0.0756108 1e-010
0.077 1e-010
0.0771108 1e-010
0.0785 1e-010
0.0786108 1e-010
0.08 1e-010
0.0801108 1e-010
0.0815 1e-010
0.0816108 1e-010
0.083 1e-010
0.0831108 1e-010
0.0845 1e-010
0.0846108 1e-010
0.086 1e-010
0.0861108 1e-010
0.0875 1e-010
0.0876108 1e-010
0.089 1e-010
0.089 1e-010
0.0891071 1e-010
0.0904501 1e-010
0.0905799 1e-010
0.0922083 1e-010
0.0923657 1e-010
0.0943401 1e-010
0.094531 1e-010
0.096925 1e-010
0.0971564 1e-010
0.100059 1e-010
0.10034 1e-010
0.103859 1e-010
0.104199 1e-010
0.108467 1e-010
0.108879 1e-010
0.114054 1e-010
0.114554 1e-010
0.120828 1e-010
0.121434 1e-010
0.129041 1e-010
0.129777 1e-010
0.139 1e-010
