Electron Conc vs Depth
171 2 2
Depth
Electron Conc
0 0
0.00114684 0
0.0155319 0
0.0164239 0
0.0276123 0
0.0283061 0
0.0370082 0
0.0375478 0
0.0443161 0
0.0447358 0
0.05 0
0.0503692 0
0.0549999 0
0.0552822 0
0.0588233 0
0.0590392 0
0.0617471 0
0.0619122 0
0.0639829 0
0.0641092 0
0.0656927 0
0.0657892 0
0.0670002 0
0.067074 0
0.068 0
0.0680742 0
0.0690045 0
0.0690428 0
0.069523 0
0.0695428 0
0.0697906 0
0.0698008 0
0.0699287 0
0.069934 0
0.07 0
0.07 2.69569e+018
0.0700046 2.69575e+018
0.0700625 2.69652e+018
0.0700671 2.6967e+018
0.070125 2.69902e+018
0.0701296 2.69933e+018
0.0701875 2.70319e+018
0.0701921 2.70362e+018
0.07025 2.70905e+018
0.0702546 2.7096e+018
0.0703125 2.7166e+018
0.0703171 2.71728e+018
0.070375 2.72586e+018
0.0703796 2.72667e+018
0.0704375 2.73686e+018
0.0704421 2.7378e+018
0.0705 2.74961e+018
0.0705046 2.75068e+018
0.0705625 2.76415e+018
0.0705671 2.76536e+018
0.070625 2.78051e+018
0.0706296 2.78186e+018
0.0706875 2.79873e+018
0.0706921 2.80022e+018
0.07075 2.81885e+018
0.0707546 2.82048e+018
0.0708125 2.84092e+018
0.0708171 2.84269e+018
0.070875 2.86499e+018
0.0708796 2.86691e+018
0.0709375 2.89111e+018
0.0709421 2.89318e+018
0.071 2.91935e+018
0.0710046 2.92158e+018
0.0710625 2.94977e+018
0.0710671 2.95217e+018
0.071125 2.98246e+018
0.0711296 2.98503e+018
0.0711875 3.01748e+018
0.0711921 3.02023e+018
0.07125 3.05493e+018
0.0712546 3.05787e+018
0.0713125 3.09491e+018
0.0713171 3.09803e+018
0.071375 3.1375e+018
0.0713796 3.14083e+018
0.0714375 3.18283e+018
0.0714421 3.18636e+018
0.0715 3.23101e+018
0.0715046 3.23476e+018
0.0715625 3.28216e+018
0.0715671 3.28614e+018
0.071625 3.33643e+018
0.0716296 3.34065e+018
0.0716875 3.39396e+018
0.0716921 3.39843e+018
0.07175 3.45492e+018
0.0717546 3.45964e+018
0.0718125 3.51946e+018
0.0718171 3.52446e+018
0.071875 3.58777e+018
0.0718796 3.59306e+018
0.0719375 3.66006e+018
0.0719421 3.66565e+018
0.072 3.73652e+018
0.072 0
0.0720046 0
0.0720625 0
0.0720671 0
0.072125 0
0.0721296 0
0.0721875 0
0.0721921 0
0.07225 0
0.0722546 0
0.0723125 0
0.0723171 0
0.072375 0
0.0723796 0
0.0724375 0
0.0724421 0
0.0725 0
0.0725369 0
0.073 0
0.0730369 0
0.0735 0
0.0735369 0
0.074 0
0.074 0
0.0740369 0
0.0745 0
0.0745369 0
0.075 0
0.0750369 0
0.0755 0
0.0756108 0
0.077 0
0.0771108 0
0.0785 0
0.0786108 0
0.08 0
0.0801108 0
0.0815 0
0.0816108 0
0.083 0
0.0831108 0
0.0845 0
0.0846108 0
0.086 0
0.0861108 0
0.0875 0
0.0876108 0
0.089 0
0.089 0
0.0891071 0
0.0904501 0
0.0905799 0
0.0922083 0
0.0923657 0
0.0943401 0
0.094531 0
0.096925 0
0.0971564 0
0.100059 0
0.10034 0
0.103859 0
0.104199 0
0.108467 0
0.108879 0
0.114054 0
0.114554 0
0.120828 0
0.121434 0
0.129041 0
0.129777 0
0.139 0
