Electron Conc vs Depth
171 2 2
Depth
Electron Conc
0 0
0.00114684 0
0.0155319 0
0.0164239 0
0.0276123 0
0.0283061 0
0.0370082 0
0.0375478 0
0.0443161 0
0.0447358 0
0.05 0
0.0503692 0
0.0549999 0
0.0552822 0
0.0588233 0
0.0590392 0
0.0617471 0
0.0619122 0
0.0639829 0
0.0641092 0
0.0656927 0
0.0657892 0
0.0670002 0
0.067074 0
0.068 0
0.0680742 0
0.0690045 0
0.0690428 0
0.069523 0
0.0695428 0
0.0697906 0
0.0698008 0
0.0699287 0
0.069934 0
0.07 0
0.07 1.04547e+019
0.0700046 1.04554e+019
0.0700625 1.0464e+019
0.0700671 1.0466e+019
0.070125 1.04918e+019
0.0701296 1.04953e+019
0.0701875 1.05385e+019
0.0701921 1.05433e+019
0.07025 1.0604e+019
0.0702546 1.06103e+019
0.0703125 1.06889e+019
0.0703171 1.06966e+019
0.070375 1.07936e+019
0.0703796 1.08027e+019
0.0704375 1.09185e+019
0.0704421 1.09292e+019
0.0705 1.10643e+019
0.0705046 1.10766e+019
0.0705625 1.12317e+019
0.0705671 1.12457e+019
0.070625 1.14218e+019
0.0706296 1.14374e+019
0.0706875 1.16353e+019
0.0706921 1.16527e+019
0.07075 1.18734e+019
0.0707546 1.18927e+019
0.0708125 1.21374e+019
0.0708171 1.21587e+019
0.070875 1.24288e+019
0.0708796 1.24521e+019
0.0709375 1.27489e+019
0.0709421 1.27745e+019
0.071 1.30996e+019
0.0710046 1.31275e+019
0.0710625 1.34827e+019
0.0710671 1.35131e+019
0.071125 1.39003e+019
0.0711296 1.39334e+019
0.0711875 1.43548e+019
0.0711921 1.43907e+019
0.07125 1.48485e+019
0.0712546 1.48875e+019
0.0713125 1.53844e+019
0.0713171 1.54265e+019
0.071375 1.59653e+019
0.0713796 1.60109e+019
0.0714375 1.65945e+019
0.0714421 1.66439e+019
0.0715 1.72757e+019
0.0715046 1.73291e+019
0.0715625 1.80128e+019
0.0715671 1.80705e+019
0.071625 1.88099e+019
0.0716296 1.88723e+019
0.0716875 1.96719e+019
0.0716921 1.97392e+019
0.07175 2.06037e+019
0.0717546 2.06765e+019
0.0718125 2.16109e+019
0.0718171 2.16895e+019
0.071875 2.26996e+019
0.0718796 2.27845e+019
0.0719375 2.38764e+019
0.0719421 2.3968e+019
0.072 2.51484e+019
0.072 0
0.0720046 0
0.0720625 0
0.0720671 0
0.072125 0
0.0721296 0
0.0721875 0
0.0721921 0
0.07225 0
0.0722546 0
0.0723125 0
0.0723171 0
0.072375 0
0.0723796 0
0.0724375 0
0.0724421 0
0.0725 0
0.0725369 0
0.073 0
0.0730369 0
0.0735 0
0.0735369 0
0.074 0
0.074 0
0.0740369 0
0.0745 0
0.0745369 0
0.075 0
0.0750369 0
0.0755 0
0.0756108 0
0.077 0
0.0771108 0
0.0785 0
0.0786108 0
0.08 0
0.0801108 0
0.0815 0
0.0816108 0
0.083 0
0.0831108 0
0.0845 0
0.0846108 0
0.086 0
0.0861108 0
0.0875 0
0.0876108 0
0.089 0
0.089 0
0.0891071 0
0.0904501 0
0.0905799 0
0.0922083 0
0.0923657 0
0.0943401 0
0.094531 0
0.096925 0
0.0971564 0
0.100059 0
0.10034 0
0.103859 0
0.104199 0
0.108467 0
0.108879 0
0.114054 0
0.114554 0
0.120828 0
0.121434 0
0.129041 0
0.129777 0
0.139 0
