Electron Conc vs Depth
171 2 2
Depth
Electron Conc
0 1e-010
0.00114684 1e-010
0.0155319 1e-010
0.0164239 1e-010
0.0276123 1e-010
0.0283061 1e-010
0.0370082 1e-010
0.0375478 1e-010
0.0443161 1e-010
0.0447358 1e-010
0.05 1e-010
0.0503692 1e-010
0.0549999 1e-010
0.0552822 1e-010
0.0588233 1e-010
0.0590392 1e-010
0.0617471 1e-010
0.0619122 1e-010
0.0639829 1e-010
0.0641092 1e-010
0.0656927 1e-010
0.0657892 1e-010
0.0670002 1e-010
0.067074 1e-010
0.068 1e-010
0.0680742 1e-010
0.0690045 1e-010
0.0690428 1e-010
0.069523 1e-010
0.0695428 1e-010
0.0697906 1e-010
0.0698008 1e-010
0.0699287 1e-010
0.069934 1e-010
0.07 1e-010
0.07 1e-010
0.0700046 918124
0.0700625 1.24343e+007
0.0700671 1.51534e+007
0.070125 4.92592e+007
0.0701296 5.36745e+007
0.0701875 1.09058e+008
0.0701921 1.15e+008
0.07025 1.89532e+008
0.0702546 1.96771e+008
0.0703125 2.87585e+008
0.0703171 2.95843e+008
0.070375 3.99446e+008
0.0703796 4.08406e+008
0.0704375 5.20815e+008
0.0704421 5.30131e+008
0.0705 6.47024e+008
0.0705046 6.56339e+008
0.0705625 7.73221e+008
0.0705671 7.82176e+008
0.070625 8.94553e+008
0.0706296 9.02804e+008
0.0706875 1.00636e+009
0.0706921 1.01359e+009
0.07075 1.10433e+009
0.0707546 1.11026e+009
0.0708125 1.18472e+009
0.0708171 1.18912e+009
0.070875 1.24442e+009
0.0708796 1.24713e+009
0.0709375 1.28115e+009
0.0709421 1.28206e+009
0.071 1.29349e+009
0.0710046 1.29257e+009
0.0710625 1.28098e+009
0.0710671 1.27826e+009
0.071125 1.2441e+009
0.0711296 1.23968e+009
0.0711875 1.18426e+009
0.0711921 1.17831e+009
0.07125 1.10377e+009
0.0712546 1.09653e+009
0.0713125 1.00572e+009
0.0713171 9.97461e+008
0.071375 8.93887e+008
0.0713796 8.84924e+008
0.0714375 7.7256e+008
0.0714421 7.63241e+008
0.0715 6.46405e+008
0.0715046 6.37088e+008
0.0715625 5.20267e+008
0.0715671 5.1131e+008
0.071625 3.98991e+008
0.0716296 3.90737e+008
0.0716875 2.87234e+008
0.0716921 2.80001e+008
0.07175 1.89288e+008
0.0717546 1.83353e+008
0.0718125 1.08912e+008
0.0718171 1.04502e+008
0.071875 4.91913e+007
0.0718796 4.64759e+007
0.0719375 1.24169e+007
0.0719421 1.15001e+007
0.072 1e-010
0.072 1e-010
0.0720046 1e-010
0.0720625 1e-010
0.0720671 1e-010
0.072125 1e-010
0.0721296 1e-010
0.0721875 1e-010
0.0721921 1e-010
0.07225 1e-010
0.0722546 1e-010
0.0723125 1e-010
0.0723171 1e-010
0.072375 1e-010
0.0723796 1e-010
0.0724375 1e-010
0.0724421 1e-010
0.0725 1e-010
0.0725369 1e-010
0.073 1e-010
0.0730369 1e-010
0.0735 1e-010
0.0735369 1e-010
0.074 1e-010
0.074 1e-010
0.0740369 1e-010
0.0745 1e-010
0.0745369 1e-010
0.075 1e-010
0.0750369 1e-010
0.0755 1e-010
0.0756108 1e-010
0.077 1e-010
0.0771108 1e-010
0.0785 1e-010
0.0786108 1e-010
0.08 1e-010
0.0801108 1e-010
0.0815 1e-010
0.0816108 1e-010
0.083 1e-010
0.0831108 1e-010
0.0845 1e-010
0.0846108 1e-010
0.086 1e-010
0.0861108 1e-010
0.0875 1e-010
0.0876108 1e-010
0.089 1e-010
0.089 1e-010
0.0891071 1e-010
0.0904501 1e-010
0.0905799 1e-010
0.0922083 1e-010
0.0923657 1e-010
0.0943401 1e-010
0.094531 1e-010
0.096925 1e-010
0.0971564 1e-010
0.100059 1e-010
0.10034 1e-010
0.103859 1e-010
0.104199 1e-010
0.108467 1e-010
0.108879 1e-010
0.114054 1e-010
0.114554 1e-010
0.120828 1e-010
0.121434 1e-010
0.129041 1e-010
0.129777 1e-010
0.139 1e-010
