Electron Conc vs Depth
171 2 2
Depth
Electron Conc
0 0
0.00114684 0
0.0155319 0
0.0164239 0
0.0276123 0
0.0283061 0
0.0370082 0
0.0375478 0
0.0443161 0
0.0447358 0
0.05 0
0.0503692 0
0.0549999 0
0.0552822 0
0.0588233 0
0.0590392 0
0.0617471 0
0.0619122 0
0.0639829 0
0.0641092 0
0.0656927 0
0.0657892 0
0.0670002 0
0.067074 0
0.068 0
0.0680742 0
0.0690045 0
0.0690428 0
0.069523 0
0.0695428 0
0.0697906 0
0.0698008 0
0.0699287 0
0.069934 0
0.07 0
0.07 2.35917e+019
0.0700046 2.35941e+019
0.0700625 2.36243e+019
0.0700671 2.36316e+019
0.070125 2.37225e+019
0.0701296 2.37345e+019
0.0701875 2.38867e+019
0.0701921 2.39037e+019
0.07025 2.41182e+019
0.0702546 2.41402e+019
0.0703125 2.44184e+019
0.0703171 2.44456e+019
0.070375 2.47894e+019
0.0703796 2.48219e+019
0.0704375 2.52335e+019
0.0704421 2.52716e+019
0.0705 2.57539e+019
0.0705046 2.57978e+019
0.0705625 2.6354e+019
0.0705671 2.64039e+019
0.070625 2.70377e+019
0.0706296 2.7094e+019
0.0706875 2.78097e+019
0.0706921 2.78727e+019
0.07075 2.86753e+019
0.0707546 2.87454e+019
0.0708125 2.96402e+019
0.0708171 2.97179e+019
0.070875 3.0711e+019
0.0708796 3.07969e+019
0.0709375 3.18952e+019
0.0709421 3.19898e+019
0.071 3.32007e+019
0.0710046 3.33047e+019
0.0710625 3.46368e+019
0.0710671 3.47508e+019
0.071125 3.62134e+019
0.0711296 3.63383e+019
0.0711875 3.79416e+019
0.0711921 3.80782e+019
0.07125 3.98337e+019
0.0712546 3.9983e+019
0.0713125 4.19033e+019
0.0713171 4.20663e+019
0.071375 4.41653e+019
0.0713796 4.43432e+019
0.0714375 4.66364e+019
0.0714421 4.68305e+019
0.0715 4.93348e+019
0.0715046 4.95465e+019
0.0715625 5.22809e+019
0.0715671 5.25118e+019
0.071625 5.54971e+019
0.0716296 5.57491e+019
0.0716875 5.90084e+019
0.0716921 5.92833e+019
0.07175 6.28424e+019
0.0717546 6.31424e+019
0.0718125 6.70299e+019
0.0718171 6.73575e+019
0.071875 7.1605e+019
0.0718796 7.19628e+019
0.0719375 7.66058e+019
0.0719421 7.69968e+019
0.072 8.20748e+019
0.072 0
0.0720046 0
0.0720625 0
0.0720671 0
0.072125 0
0.0721296 0
0.0721875 0
0.0721921 0
0.07225 0
0.0722546 0
0.0723125 0
0.0723171 0
0.072375 0
0.0723796 0
0.0724375 0
0.0724421 0
0.0725 0
0.0725369 0
0.073 0
0.0730369 0
0.0735 0
0.0735369 0
0.074 0
0.074 0
0.0740369 0
0.0745 0
0.0745369 0
0.075 0
0.0750369 0
0.0755 0
0.0756108 0
0.077 0
0.0771108 0
0.0785 0
0.0786108 0
0.08 0
0.0801108 0
0.0815 0
0.0816108 0
0.083 0
0.0831108 0
0.0845 0
0.0846108 0
0.086 0
0.0861108 0
0.0875 0
0.0876108 0
0.089 0
0.089 0
0.0891071 0
0.0904501 0
0.0905799 0
0.0922083 0
0.0923657 0
0.0943401 0
0.094531 0
0.096925 0
0.0971564 0
0.100059 0
0.10034 0
0.103859 0
0.104199 0
0.108467 0
0.108879 0
0.114054 0
0.114554 0
0.120828 0
0.121434 0
0.129041 0
0.129777 0
0.139 0
