Electron Conc vs Depth
171 2 2
Depth
Electron Conc
0 0
0.00114684 0
0.0155319 0
0.0164239 0
0.0276123 0
0.0283061 0
0.0370082 0
0.0375478 0
0.0443161 0
0.0447358 0
0.05 0
0.0503692 0
0.0549999 0
0.0552822 0
0.0588233 0
0.0590392 0
0.0617471 0
0.0619122 0
0.0639829 0
0.0641092 0
0.0656927 0
0.0657892 0
0.0670002 0
0.067074 0
0.068 0
0.0680742 0
0.0690045 0
0.0690428 0
0.069523 0
0.0695428 0
0.0697906 0
0.0698008 0
0.0699287 0
0.069934 0
0.07 0
0.07 3.52332e+019
0.0700046 3.52375e+019
0.0700625 3.52913e+019
0.0700671 3.53042e+019
0.070125 3.54663e+019
0.0701296 3.54879e+019
0.0701875 3.57594e+019
0.0701921 3.57897e+019
0.07025 3.61727e+019
0.0702546 3.6212e+019
0.0703125 3.67093e+019
0.0703171 3.67579e+019
0.070375 3.73732e+019
0.0703796 3.74314e+019
0.0704375 3.81693e+019
0.0704421 3.82376e+019
0.0705 3.91036e+019
0.0705046 3.91823e+019
0.0705625 4.0183e+019
0.0705671 4.02728e+019
0.070625 4.14157e+019
0.0706296 4.15171e+019
0.0706875 4.28108e+019
0.0706921 4.29247e+019
0.07075 4.4379e+019
0.0707546 4.45061e+019
0.0708125 4.61322e+019
0.0708171 4.62735e+019
0.070875 4.80837e+019
0.0708796 4.82404e+019
0.0709375 5.02488e+019
0.0709421 5.04219e+019
0.071 5.26441e+019
0.0710046 5.2835e+019
0.0710625 5.52886e+019
0.0710671 5.54987e+019
0.071125 5.82032e+019
0.0711296 5.84342e+019
0.0711875 6.14112e+019
0.0711921 6.1665e+019
0.07125 6.49389e+019
0.0712546 6.52175e+019
0.0713125 6.88152e+019
0.0713171 6.91209e+019
0.071375 7.30726e+019
0.0713796 7.34079e+019
0.0714375 7.77472e+019
0.0714421 7.8115e+019
0.0715 8.28794e+019
0.0715046 8.3283e+019
0.0715625 8.85145e+019
0.0715671 8.89573e+019
0.071625 9.47028e+019
0.0716296 9.51888e+019
0.0716875 1.01501e+020
0.0716921 1.02035e+020
0.07175 1.08973e+020
0.0717546 1.09559e+020
0.0718125 1.17189e+020
0.0718171 1.17833e+020
0.071875 1.26229e+020
0.0718796 1.26939e+020
0.0719375 1.36185e+020
0.0719421 1.36966e+020
0.072 1.47157e+020
0.072 0
0.0720046 0
0.0720625 0
0.0720671 0
0.072125 0
0.0721296 0
0.0721875 0
0.0721921 0
0.07225 0
0.0722546 0
0.0723125 0
0.0723171 0
0.072375 0
0.0723796 0
0.0724375 0
0.0724421 0
0.0725 0
0.0725369 0
0.073 0
0.0730369 0
0.0735 0
0.0735369 0
0.074 0
0.074 0
0.0740369 0
0.0745 0
0.0745369 0
0.075 0
0.0750369 0
0.0755 0
0.0756108 0
0.077 0
0.0771108 0
0.0785 0
0.0786108 0
0.08 0
0.0801108 0
0.0815 0
0.0816108 0
0.083 0
0.0831108 0
0.0845 0
0.0846108 0
0.086 0
0.0861108 0
0.0875 0
0.0876108 0
0.089 0
0.089 0
0.0891071 0
0.0904501 0
0.0905799 0
0.0922083 0
0.0923657 0
0.0943401 0
0.094531 0
0.096925 0
0.0971564 0
0.100059 0
0.10034 0
0.103859 0
0.104199 0
0.108467 0
0.108879 0
0.114054 0
0.114554 0
0.120828 0
0.121434 0
0.129041 0
0.129777 0
0.139 0
