Electron Conc vs Depth
171 2 2
Depth
Electron Conc
0 1e-010
0.00114684 1e-010
0.0155319 1e-010
0.0164239 1e-010
0.0276123 1e-010
0.0283061 1e-010
0.0370082 1e-010
0.0375478 1e-010
0.0443161 1e-010
0.0447358 1e-010
0.05 1e-010
0.0503692 1e-010
0.0549999 1e-010
0.0552822 1e-010
0.0588233 1e-010
0.0590392 1e-010
0.0617471 1e-010
0.0619122 1e-010
0.0639829 1e-010
0.0641092 1e-010
0.0656927 1e-010
0.0657892 1e-010
0.0670002 1e-010
0.067074 1e-010
0.068 1e-010
0.0680742 1e-010
0.0690045 1e-010
0.0690428 1e-010
0.069523 1e-010
0.0695428 1e-010
0.0697906 1e-010
0.0698008 1e-010
0.0699287 1e-010
0.069934 1e-010
0.07 1e-010
0.07 1e-010
0.0700046 1.92602e+010
0.0700625 9.82948e+017
0.0700671 1.08825e+018
0.070125 3.90035e+018
0.0701296 4.13693e+018
0.0701875 8.65891e+018
0.0701921 9.02214e+018
0.07025 1.51064e+019
0.0702546 1.55845e+019
0.0703125 2.30364e+019
0.0703171 2.36129e+019
0.070375 3.21948e+019
0.0703796 3.28496e+019
0.0704375 4.22873e+019
0.0704421 4.29975e+019
0.0705 5.29879e+019
0.0705046 5.37286e+019
0.0705625 6.39485e+019
0.0705671 6.46934e+019
0.070625 7.48086e+019
0.0706296 7.55308e+019
0.0706875 8.52051e+019
0.0706921 8.58779e+019
0.07075 9.47825e+019
0.0707546 9.538e+019
0.0708125 1.03203e+020
0.0708171 1.03701e+020
0.070875 1.10156e+020
0.0708796 1.10533e+020
0.0709375 1.1537e+020
0.0709421 1.15607e+020
0.071 1.1862e+020
0.0710046 1.18702e+020
0.0710625 1.19739e+020
0.0710671 1.19656e+020
0.071125 1.18626e+020
0.0711296 1.18374e+020
0.0711875 1.15258e+020
0.0711921 1.14837e+020
0.07125 1.09693e+020
0.0712546 1.09112e+020
0.0713125 1.02079e+020
0.0713171 1.01351e+020
0.071375 9.26561e+019
0.0713796 9.18037e+019
0.0714375 8.17551e+019
0.0714421 8.08056e+019
0.0715 6.97923e+019
0.0715046 6.87796e+019
0.0715625 5.72587e+019
0.0715671 5.62216e+019
0.071625 4.4703e+019
0.0716296 4.36836e+019
0.0716875 3.27085e+019
0.0716921 3.17501e+019
0.07175 2.1864e+019
0.0717546 2.1008e+019
0.0718125 1.27299e+019
0.0718171 1.20123e+019
0.071875 5.80175e+018
0.0718796 5.24323e+018
0.0719375 1.47299e+018
0.0719421 3.49022e+017
0.072 1e-010
0.072 1e-010
0.0720046 1e-010
0.0720625 1e-010
0.0720671 1e-010
0.072125 1e-010
0.0721296 1e-010
0.0721875 1e-010
0.0721921 1e-010
0.07225 1e-010
0.0722546 1e-010
0.0723125 1e-010
0.0723171 1e-010
0.072375 1e-010
0.0723796 1e-010
0.0724375 1e-010
0.0724421 1e-010
0.0725 1e-010
0.0725369 1e-010
0.073 1e-010
0.0730369 1e-010
0.0735 1e-010
0.0735369 1e-010
0.074 1e-010
0.074 1e-010
0.0740369 1e-010
0.0745 1e-010
0.0745369 1e-010
0.075 1e-010
0.0750369 1e-010
0.0755 1e-010
0.0756108 1e-010
0.077 1e-010
0.0771108 1e-010
0.0785 1e-010
0.0786108 1e-010
0.08 1e-010
0.0801108 1e-010
0.0815 1e-010
0.0816108 1e-010
0.083 1e-010
0.0831108 1e-010
0.0845 1e-010
0.0846108 1e-010
0.086 1e-010
0.0861108 1e-010
0.0875 1e-010
0.0876108 1e-010
0.089 1e-010
0.089 1e-010
0.0891071 1e-010
0.0904501 1e-010
0.0905799 1e-010
0.0922083 1e-010
0.0923657 1e-010
0.0943401 1e-010
0.094531 1e-010
0.096925 1e-010
0.0971564 1e-010
0.100059 1e-010
0.10034 1e-010
0.103859 1e-010
0.104199 1e-010
0.108467 1e-010
0.108879 1e-010
0.114054 1e-010
0.114554 1e-010
0.120828 1e-010
0.121434 1e-010
0.129041 1e-010
0.129777 1e-010
0.139 1e-010
