Probe avg_n vs gate bias
121 2 2
gate bias
Probe avg_n
-3 8.63749e+012
-2.95 8.65186e+012
-2.9 8.66722e+012
-2.85 8.68361e+012
-2.8 8.70105e+012
-2.75 8.7196e+012
-2.7 8.73931e+012
-2.65 8.76028e+012
-2.6 8.78257e+012
-2.55 8.80629e+012
-2.5 8.83151e+012
-2.45 8.85836e+012
-2.4 8.88693e+012
-2.35 8.91734e+012
-2.3 8.94973e+012
-2.25 8.98423e+012
-2.2 9.02098e+012
-2.15 9.06015e+012
-2.1 9.10191e+012
-2.05 9.14643e+012
-2 9.19394e+012
-1.95 9.24464e+012
-1.9 9.29876e+012
-1.85 9.35657e+012
-1.8 9.41834e+012
-1.75 9.48438e+012
-1.7 9.55502e+012
-1.65 9.63061e+012
-1.6 9.71155e+012
-1.55 9.79828e+012
-1.5 9.89127e+012
-1.45 9.99104e+012
-1.4 1.00982e+013
-1.35 1.02133e+013
-1.3 1.03371e+013
-1.25 1.04704e+013
-1.2 1.0614e+013
-1.15 1.0769e+013
-1.1 1.09364e+013
-1.05 1.11174e+013
-1 1.13135e+013
-0.95 1.15262e+013
-0.9 1.17574e+013
-0.85 1.2009e+013
-0.8 1.22835e+013
-0.75 1.25836e+013
-0.7 1.29125e+013
-0.65 1.32737e+013
-0.6 1.36718e+013
-0.55 1.41116e+013
-0.5 1.45992e+013
-0.45 1.51416e+013
-0.4 1.57475e+013
-0.35 1.64267e+013
-0.3 1.71916e+013
-0.25 1.80566e+013
-0.2 1.90393e+013
-0.15 2.01607e+013
-0.1 2.1447e+013
-0.05 2.29353e+013
0 2.4711e+013
0.05 2.71332e+013
0.1 3.22082e+013
0.15 5.16595e+013
0.2 1.50915e+014
0.25 6.36285e+014
0.3 2.47316e+015
0.35 7.36509e+015
0.4 1.70158e+016
0.45 3.26575e+016
0.5 5.52123e+016
0.55 8.55488e+016
0.6 1.24645e+017
0.65 1.73682e+017
0.7 2.34096e+017
0.75 3.07612e+017
0.8 3.96246e+017
0.85 5.02274e+017
0.9 6.28162e+017
0.95 7.76485e+017
1 9.49846e+017
1.05 1.15082e+018
1.1 1.3818e+018
1.15 1.64478e+018
1.2 1.94123e+018
1.25 2.27202e+018
1.3 2.63749e+018
1.35 3.03758e+018
1.4 3.47193e+018
1.45 3.93996e+018
1.5 4.44104e+018
1.55 4.97446e+018
1.6 5.53955e+018
1.65 6.13559e+018
1.7 6.76187e+018
1.75 7.41758e+018
1.8 8.10181e+018
1.85 8.81352e+018
1.9 9.55152e+018
1.95 1.03145e+019
2 1.1101e+019
2.05 1.19096e+019
2.1 1.27386e+019
2.15 1.35866e+019
2.2 1.4452e+019
2.25 1.53334e+019
2.3 1.62294e+019
2.35 1.71386e+019
2.4 1.806e+019
2.45 1.89923e+019
2.5 1.99345e+019
2.55 2.08858e+019
2.6 2.18452e+019
2.65 2.28121e+019
2.7 2.37857e+019
2.75 2.47653e+019
2.8 2.57505e+019
2.85 2.67407e+019
2.9 2.77356e+019
2.95 2.87345e+019
3 2.97373e+019
