Conduction Band Energy vs Depth
64 2 2
Depth
Conduction Band Energy
0 0.435474
0.000248105 0.435488
0.000468642 0.435524
0.000664675 0.435575
0.000838927 0.435636
0.000993818 0.435701
0.0011315 0.435769
0.00125388 0.435836
0.00136267 0.435902
0.00145936 0.435964
0.00154532 0.436024
0.00162172 0.43608
0.00168963 0.436132
0.00175 0.436179
0.00175 0.436179
0.0018125 0.436229
0.001875 0.436279
0.0019375 0.436329
0.002 0.43638
0.002 0.43638
0.00205947 3.48519
0.00212532 3.48753
0.00219821 3.49013
0.00227892 3.493
0.00236828 3.49619
0.00246721 3.49971
0.00257674 3.50361
0.00269801 3.50793
0.00283226 3.51271
0.00298091 3.51801
0.00314548 3.52387
0.00332768 3.53036
0.0035294 3.53754
0.00375274 3.5455
0.004 3.5543
0.004 3.5543
0.00424269 3.55828
0.00449838 3.56247
0.00476776 3.56688
0.00505158 3.57153
0.0053506 3.57643
0.00566564 3.58159
0.00599756 3.58702
0.00634726 3.59275
0.0067157 3.59879
0.00710387 3.60514
0.00751283 3.61184
0.00794371 3.6189
0.00839767 3.62634
0.00887594 3.63417
0.00937984 3.64242
0.00991074 3.65112
0.0104701 3.66028
0.0110594 3.66993
0.0116802 3.6801
0.0123344 3.69082
0.0130235 3.70211
0.0137496 3.714
0.0145146 3.72653
0.0153206 3.73973
0.0161697 3.75364
0.0170644 3.76829
0.0180069 3.78373
0.019 3.8
