Conduction Band Energy vs Depth
64 2 2
Depth
Conduction Band Energy
0 -0.00937993
0.000248105 -0.0096869
0.000468642 -0.0104785
0.000664675 -0.0115986
0.000838927 -0.0129311
0.000993818 -0.014389
0.0011315 -0.0159073
0.00125388 -0.0174382
0.00136267 -0.0189466
0.00145936 -0.0204075
0.00154532 -0.0218038
0.00162172 -0.0231242
0.00168963 -0.0243621
0.00175 -0.0255145
0.00175 -0.0255145
0.0018125 -0.0267791
0.001875 -0.0281179
0.0019375 -0.0295322
0.002 -0.0310235
0.002 -0.0310235
0.00205947 3.01623
0.00212532 3.01685
0.00219821 3.01755
0.00227892 3.01831
0.00236828 3.01916
0.00246721 3.02009
0.00257674 3.02113
0.00269801 3.02228
0.00283226 3.02355
0.00298091 3.02496
0.00314548 3.02652
0.00332768 3.02825
0.0035294 3.03016
0.00375274 3.03228
0.004 3.03462
0.004 3.03462
0.00424269 3.03568
0.00449838 3.03679
0.00476776 3.03797
0.00505158 3.0392
0.0053506 3.04051
0.00566564 3.04188
0.00599756 3.04333
0.00634726 3.04485
0.0067157 3.04646
0.00710387 3.04815
0.00751283 3.04993
0.00794371 3.05181
0.00839767 3.05379
0.00887594 3.05587
0.00937984 3.05807
0.00991074 3.06038
0.0104701 3.06282
0.0110594 3.06539
0.0116802 3.0681
0.0123344 3.07095
0.0130235 3.07395
0.0137496 3.07712
0.0145146 3.08045
0.0153206 3.08396
0.0161697 3.08766
0.0170644 3.09156
0.0180069 3.09567
0.019 3.1
