drain current vs gate bias
121 2 2
gate bias
drain current
-3 -3.84581e-019
-2.95 -2.45678e-020
-2.9 -2.43316e-019
-2.85 -1.39611e-018
-2.8 2.57726e-019
-2.75 -2.62214e-020
-2.7 3.58123e-019
-2.65 5.87974e-019
-2.6 6.37109e-019
-2.55 -5.28208e-019
-2.5 3.17964e-019
-2.45 -2.90562e-020
-2.4 1.29926e-020
-2.35 -4.11038e-019
-2.3 -3.23161e-019
-2.25 -1.69612e-019
-2.2 -9.06174e-019
-2.15 -2.95759e-019
-2.1 -3.07098e-019
-2.05 -3.8836e-019
-2 4.99388e-019
-1.95 -3.89305e-019
-1.9 -1.38619e-018
-1.85 -2.2678e-020
-1.8 1.88274e-018
-1.75 -1.41737e-020
-1.7 -4.20488e-020
-1.65 5.11199e-019
-1.6 -8.1688e-019
-1.55 1.29453e-018
-1.5 7.15774e-019
-1.45 1.27469e-018
-1.4 -2.7497e-019
-1.35 -2.38686e-018
-1.3 -7.55933e-021
-1.25 2.1922e-019
-1.2 2.08826e-019
-1.15 1.68667e-018
-1.1 7.89005e-019
-1.05 1.43627e-019
-1 1.21327e-018
-0.95 -1.81991e-018
-0.9 -1.54399e-018
-0.85 2.52293e-018
-0.8 1.16036e-018
-0.75 1.59029e-018
-0.7 -9.61924e-019
-0.65 1.98054e-018
-0.6 4.72458e-020
-0.55 -1.28131e-018
-0.5 -6.12305e-019
-0.45 -1.65927e-018
-0.4 1.1717e-018
-0.35 -1.8888e-020
-0.3 4.77379e-018
-0.25 1.81911e-019
-0.2 3.98323e-019
-0.15 -1.70242e-018
-0.1 2.04836e-019
-0.05 1.3665e-017
0 8.98767e-017
0.05 5.83049e-016
0.1 3.74576e-015
0.15 2.33467e-014
0.2 1.39347e-013
0.25 7.62986e-013
0.3 3.50625e-012
0.35 1.25988e-011
0.4 3.55617e-011
0.45 8.27519e-011
0.5 1.66862e-010
0.55 3.02879e-010
0.6 5.0841e-010
0.65 8.04227e-010
0.7 1.21493e-009
0.75 1.76966e-009
0.8 2.50276e-009
0.85 3.45419e-009
0.9 4.66963e-009
0.95 6.19996e-009
1 8.09974e-009
1.05 1.04248e-008
1.1 1.32302e-008
1.15 1.65687e-008
1.2 2.04901e-008
1.25 2.50401e-008
1.3 3.02589e-008
1.35 3.61798e-008
1.4 4.28285e-008
1.45 5.02217e-008
1.5 5.83668e-008
1.55 6.72616e-008
1.6 7.68939e-008
1.65 8.72426e-008
1.7 9.82785e-008
1.75 1.09966e-007
1.8 1.22263e-007
1.85 1.35127e-007
1.9 1.48511e-007
1.95 1.62371e-007
2 1.76661e-007
2.05 1.91341e-007
2.1 2.06371e-007
2.15 2.21715e-007
2.2 2.37339e-007
2.25 2.53216e-007
2.3 2.69317e-007
2.35 2.8562e-007
2.4 3.02103e-007
2.45 3.18749e-007
2.5 3.35541e-007
2.55 3.52465e-007
2.6 3.69507e-007
2.65 3.86658e-007
2.7 4.03907e-007
2.75 4.21246e-007
2.8 4.38666e-007
2.85 4.56162e-007
2.9 4.73726e-007
2.95 4.91354e-007
3 5.09041e-007
