source current vs gate bias
121 2 2
gate bias
source current
-3 -8.05541e-020
-2.95 2.29615e-019
-2.9 -2.59852e-020
-2.85 -1.33233e-019
-2.8 -1.72447e-019
-2.75 -8.457e-020
-2.7 -1.08665e-020
-2.65 -5.66949e-020
-2.6 2.2678e-019
-2.55 -1.29453e-019
-2.5 -1.33706e-019
-2.45 6.80339e-020
-2.4 -3.87415e-019
-2.35 -3.03318e-019
-2.3 7.55933e-020
-2.25 -3.09932e-019
-2.2 5.97187e-019
-2.15 -8.31526e-020
-2.1 1.07626e-018
-2.05 3.68517e-020
-2 1.93708e-019
-1.95 2.95759e-019
-1.9 3.66627e-019
-1.85 -3.27886e-019
-1.8 -9.61924e-019
-1.75 1.35879e-018
-1.7 -1.33895e-018
-1.65 4.77182e-019
-1.6 -5.99077e-019
-1.55 2.01645e-018
-1.5 -1.57045e-018
-1.45 7.99399e-019
-1.4 7.91839e-019
-1.35 -5.49941e-019
-1.3 -2.64576e-019
-1.25 8.50424e-020
-1.2 -5.575e-019
-1.15 1.00539e-018
-1.1 -2.32449e-019
-1.05 5.49941e-019
-1 -1.45517e-019
-0.95 -2.43788e-019
-0.9 1.46651e-018
-0.85 3.21271e-020
-0.8 -1.24729e-019
-0.75 1.1528e-019
-0.7 8.69323e-020
-0.65 4.61119e-019
-0.6 -5.36712e-019
-0.55 9.0334e-019
-0.5 9.07119e-020
-0.45 -3.25051e-019
-0.4 -2.00324e-019
-0.35 -4.10103e-019
-0.3 6.02789e-019
-0.25 1.12588e-018
-0.2 2.12478e-018
-0.15 -1.04905e-019
-0.1 -2.64762e-018
-0.05 -1.27405e-017
0 -8.69967e-017
0.05 -5.83871e-016
0.1 -3.75037e-015
0.15 -2.33473e-014
0.2 -1.39349e-013
0.25 -7.62984e-013
0.3 -3.50625e-012
0.35 -1.25988e-011
0.4 -3.55617e-011
0.45 -8.27519e-011
0.5 -1.66862e-010
0.55 -3.02879e-010
0.6 -5.0841e-010
0.65 -8.04227e-010
0.7 -1.21493e-009
0.75 -1.76966e-009
0.8 -2.50276e-009
0.85 -3.45419e-009
0.9 -4.66963e-009
0.95 -6.19996e-009
1 -8.09974e-009
1.05 -1.04248e-008
1.1 -1.32302e-008
1.15 -1.65687e-008
1.2 -2.04901e-008
1.25 -2.50401e-008
1.3 -3.02589e-008
1.35 -3.61798e-008
1.4 -4.28285e-008
1.45 -5.02217e-008
1.5 -5.83668e-008
1.55 -6.72616e-008
1.6 -7.68939e-008
1.65 -8.72426e-008
1.7 -9.82785e-008
1.75 -1.09966e-007
1.8 -1.22263e-007
1.85 -1.35127e-007
1.9 -1.48511e-007
1.95 -1.62371e-007
2 -1.76661e-007
2.05 -1.91341e-007
2.1 -2.06371e-007
2.15 -2.21715e-007
2.2 -2.37339e-007
2.25 -2.53216e-007
2.3 -2.69317e-007
2.35 -2.8562e-007
2.4 -3.02103e-007
2.45 -3.18749e-007
2.5 -3.35541e-007
2.55 -3.52465e-007
2.6 -3.69507e-007
2.65 -3.86658e-007
2.7 -4.03907e-007
2.75 -4.21246e-007
2.8 -4.38666e-007
2.85 -4.56162e-007
2.9 -4.73726e-007
2.95 -4.91354e-007
3 -5.09041e-007
