Electron Conc vs Depth
64 2 2
Depth
Electron Conc
0 1.58313e+011
0.000248105 1.58227e+011
0.000468642 1.58004e+011
0.000664675 1.57691e+011
0.000838927 1.57323e+011
0.000993818 1.56925e+011
0.0011315 1.56517e+011
0.00125388 1.5611e+011
0.00136267 1.55714e+011
0.00145936 1.55336e+011
0.00154532 1.54978e+011
0.00162172 1.54644e+011
0.00168963 1.54335e+011
0.00175 1.54049e+011
0.00175 1.54049e+011
0.0018125 1.53753e+011
0.001875 1.53456e+011
0.0019375 1.53159e+011
0.002 1.52861e+011
0.002 0
0.00205947 0
0.00212532 0
0.00219821 0
0.00227892 0
0.00236828 0
0.00246721 0
0.00257674 0
0.00269801 0
0.00283226 0
0.00298091 0
0.00314548 0
0.00332768 0
0.0035294 0
0.00375274 0
0.004 0
0.004 0
0.00424269 0
0.00449838 0
0.00476776 0
0.00505158 0
0.0053506 0
0.00566564 0
0.00599756 0
0.00634726 0
0.0067157 0
0.00710387 0
0.00751283 0
0.00794371 0
0.00839767 0
0.00887594 0
0.00937984 0
0.00991074 0
0.0104701 0
0.0110594 0
0.0116802 0
0.0123344 0
0.0130235 0
0.0137496 0
0.0145146 0
0.0153206 0
0.0161697 0
0.0170644 0
0.0180069 0
0.019 0
