v ATLAS
# This file was created by ATLAS version 5.28.1.R on Tue Oct 06 02:10:19 2026.
#SSF 2.0 generic
##############################################################################
#                    Copyright (c) 1984 - 2019                               #
#                    Silvaco Inc. All rights reserved                        #
#                                                                            #
# This file format and the following Key are copyright Silvaco Inc.          #
# You may not use, this format or key without reproducing this message in    #
# full and obtaining express written permission from Silvaco Inc.            #
#                                                                            #
# To obtain such permission please contact: Silvaco Inc.                     #
#                                           support@silvaco.com              #
#                                                                            #
# KEY=SVC86hn7562asdx                       PROD=345                         #
##############################################################################
p 4 74 76 75 205
d  3.380500e+000 9.900511e-017 1.583658e-249 9.900511e-017
d  3.371674e+000 1.234493e-016 5.410590e-248 1.234493e-016
d  3.362847e+000 1.539288e-016 1.829891e-246 1.539288e-016
d  3.354021e+000 1.919336e-016 6.126373e-245 1.919336e-016
d  3.345195e+000 2.393217e-016 2.030387e-243 2.393217e-016
d  3.336368e+000 2.984098e-016 6.661189e-242 2.984098e-016
d  3.327542e+000 3.720868e-016 2.163326e-240 3.720868e-016
d  3.318715e+000 4.639544e-016 6.954880e-239 4.639544e-016
d  3.309889e+000 5.785041e-016 2.213373e-237 5.785041e-016
d  3.301063e+000 7.213359e-016 6.972958e-236 7.213359e-016
d  3.292236e+000 8.994326e-016 2.174587e-234 8.994326e-016
d  3.283410e+000 1.121501e-015 6.713269e-233 1.121501e-015
d  3.274584e+000 1.398398e-015 2.051581e-231 1.398398e-015
d  3.265757e+000 1.743661e-015 6.206411e-230 1.743661e-015
d  3.256931e+000 2.174168e-015 1.858617e-228 2.174168e-015
d  3.248104e+000 2.710966e-015 5.509810e-227 2.710966e-015
d  3.239278e+000 3.380300e-015 1.616891e-225 3.380300e-015
d  3.230452e+000 4.214891e-015 4.697019e-224 4.214891e-015
d  3.221625e+000 5.255541e-015 1.350707e-222 5.255541e-015
d  3.212799e+000 6.553127e-015 3.845010e-221 6.553127e-015
d  3.203973e+000 8.171084e-015 1.083506e-219 8.171084e-015
d  3.195146e+000 1.018851e-014 3.022472e-218 1.018851e-014
d  3.186320e+000 1.270404e-014 8.346236e-217 1.270404e-014
d  3.177493e+000 1.584065e-014 2.281479e-215 1.584065e-014
d  3.168667e+000 1.975168e-014 6.173618e-214 1.975168e-014
d  3.159841e+000 2.462834e-014 1.653714e-212 2.462834e-014
d  3.151014e+000 3.070904e-014 4.385089e-211 3.070904e-014
d  3.142188e+000 3.829106e-014 1.151049e-209 3.829106e-014
d  3.133362e+000 4.774506e-014 2.990932e-208 4.774506e-014
d  3.124535e+000 5.953325e-014 7.693372e-207 5.953325e-014
d  3.115709e+000 7.423192e-014 1.958954e-205 7.423192e-014
d  3.106883e+000 9.255967e-014 4.937752e-204 9.255967e-014
d  3.098056e+000 1.154125e-013 1.232059e-202 1.154125e-013
d  3.089230e+000 1.439077e-013 3.043206e-201 1.439077e-013
d  3.080403e+000 1.794383e-013 7.440950e-200 1.794383e-013
d  3.071577e+000 2.237413e-013 1.801038e-198 2.237413e-013
d  3.062751e+000 2.789827e-013 4.315338e-197 2.789827e-013
d  3.053924e+000 3.478631e-013 1.023538e-195 3.478631e-013
d  3.045098e+000 4.337500e-013 2.403204e-194 4.337500e-013
d  3.036272e+000 5.408423e-013 5.585664e-193 5.408423e-013
d  3.027445e+000 6.743754e-013 1.285157e-191 6.743754e-013
d  3.018619e+000 8.408777e-013 2.927083e-190 8.408777e-013
d  3.009792e+000 1.048489e-012 6.599503e-189 1.048489e-012
d  3.000966e+000 1.307359e-012 1.472939e-187 1.307359e-012
d  2.992140e+000 1.630145e-012 3.254287e-186 1.630145e-012
d  2.983313e+000 2.032625e-012 7.117447e-185 2.032625e-012
d  2.974487e+000 2.534477e-012 1.540955e-183 2.534477e-012
d  2.965661e+000 3.160235e-012 3.302579e-182 3.160235e-012
d  2.956834e+000 3.940493e-012 7.006703e-181 3.940493e-012
d  2.948008e+000 4.913395e-012 1.471539e-179 4.913395e-012
d  2.939181e+000 6.126504e-012 3.059334e-178 6.126504e-012
d  2.930355e+000 7.639129e-012 6.296217e-177 7.639129e-012
d  2.921529e+000 9.525219e-012 1.282714e-175 9.525219e-012
d  2.912702e+000 1.187698e-011 2.586886e-174 1.187698e-011
d  2.903876e+000 1.480939e-011 5.164427e-173 1.480939e-011
d  2.895050e+000 1.846581e-011 1.020621e-171 1.846581e-011
d  2.886223e+000 2.302499e-011 1.996660e-170 2.302499e-011
d  2.877397e+000 2.870982e-011 3.866705e-169 2.870982e-011
d  2.868570e+000 3.579823e-011 7.412684e-168 3.579823e-011
d  2.859744e+000 4.463676e-011 1.406719e-166 4.463676e-011
d  2.850918e+000 5.565751e-011 2.642631e-165 5.565751e-011
d  2.842091e+000 6.939927e-011 4.914316e-164 6.939927e-011
d  2.833265e+000 8.653384e-011 9.046635e-163 8.653384e-011
d  2.824439e+000 1.078989e-010 1.648574e-161 1.078989e-010
d  2.815612e+000 1.345390e-010 2.973906e-160 1.345390e-010
d  2.806786e+000 1.677565e-010 5.310597e-159 1.677565e-010
d  2.797960e+000 2.091753e-010 9.387649e-158 2.091753e-010
d  2.789133e+000 2.608204e-010 1.642736e-156 2.608204e-010
d  2.780307e+000 3.252165e-010 2.845615e-155 3.252165e-010
d  2.771480e+000 4.055120e-010 4.879573e-154 4.055120e-010
d  2.762654e+000 5.056323e-010 8.282947e-153 5.056323e-010
d  2.753828e+000 6.304721e-010 1.391827e-151 6.304721e-010
d  2.745001e+000 7.861348e-010 2.315172e-150 7.861348e-010
d  2.736175e+000 9.802303e-010 3.812224e-149 9.802303e-010
d  2.727349e+000 1.222248e-009 6.213997e-148 1.222248e-009
d  2.718522e+000 1.524019e-009 1.002677e-146 1.524019e-009
d  2.709696e+000 1.900297e-009 1.601580e-145 1.900297e-009
d  2.700869e+000 2.369477e-009 2.532406e-144 2.369477e-009
d  2.692043e+000 2.954498e-009 3.963834e-143 2.954498e-009
d  2.683217e+000 3.683959e-009 6.141791e-142 3.683959e-009
d  2.674390e+000 4.593522e-009 9.420458e-141 4.593522e-009
d  2.665564e+000 5.727656e-009 1.430363e-139 5.727656e-009
d  2.656738e+000 7.141806e-009 2.149899e-138 7.141806e-009
d  2.647911e+000 8.905107e-009 3.198801e-137 8.905107e-009
d  2.639085e+000 1.110376e-008 4.711441e-136 1.110376e-008
d  2.630258e+000 1.384527e-008 6.869382e-135 1.384527e-008
d  2.621432e+000 1.726364e-008 9.914686e-134 1.726364e-008
d  2.612606e+000 2.152601e-008 1.416569e-132 2.152601e-008
d  2.603779e+000 2.684075e-008 2.003520e-131 2.684075e-008
d  2.594953e+000 3.346769e-008 2.805092e-130 3.346769e-008
d  2.586127e+000 4.173081e-008 3.887747e-129 4.173081e-008
d  2.577300e+000 5.203409e-008 5.333917e-128 5.203409e-008
d  2.568474e+000 6.488123e-008 7.244224e-127 6.488123e-008
d  2.559648e+000 8.090031e-008 9.739460e-126 8.090031e-008
d  2.550821e+000 1.008745e-007 1.296210e-124 1.008745e-007
d  2.541995e+000 1.257802e-007 1.707706e-123 1.257802e-007
d  2.533168e+000 1.568352e-007 2.227144e-122 1.568352e-007
d  2.524342e+000 1.955575e-007 2.875284e-121 1.955575e-007
d  2.515516e+000 2.438404e-007 3.674605e-120 2.438404e-007
d  2.506689e+000 3.040442e-007 4.648770e-119 3.040442e-007
d  2.497863e+000 3.791123e-007 5.821874e-118 3.791123e-007
d  2.489037e+000 4.727146e-007 7.217468e-117 4.727146e-007
d  2.480210e+000 5.894271e-007 8.857362e-116 5.894271e-007
d  2.471384e+000 7.349558e-007 1.076022e-114 7.349558e-007
d  2.462557e+000 9.164152e-007 1.294004e-113 9.164152e-007
d  2.453731e+000 1.142677e-006 1.540449e-112 1.142677e-006
d  2.444905e+000 1.424802e-006 1.815333e-111 1.424802e-006
d  2.436078e+000 1.776583e-006 2.117692e-110 1.776583e-006
d  2.427252e+000 2.215219e-006 2.445494e-109 2.215219e-006
d  2.418426e+000 2.762154e-006 2.795553e-108 2.762154e-006
d  2.409599e+000 3.444125e-006 3.163489e-107 3.444125e-006
d  2.400773e+000 4.294474e-006 3.543744e-106 4.294474e-006
d  2.391946e+000 5.354774e-006 3.929667e-105 5.354774e-006
d  2.383120e+000 6.676859e-006 4.313666e-104 6.676859e-006
d  2.374294e+000 8.325366e-006 4.687429e-103 8.325366e-006
d  2.365467e+000 1.038089e-005 5.042202e-102 1.038089e-005
d  2.356641e+000 1.294391e-005 5.369120e-101 1.294391e-005
d  2.347815e+000 1.613974e-005 5.659570e-100 1.613974e-005
d  2.338988e+000 2.012462e-005 5.905561e-099 2.012462e-005
d  2.330162e+000 2.509336e-005 6.100090e-098 2.509336e-005
d  2.321336e+000 3.128887e-005 6.237474e-097 3.128887e-005
d  2.312509e+000 3.901405e-005 6.313623e-096 3.901405e-005
d  2.303683e+000 4.864656e-005 6.326243e-095 4.864656e-005
d  2.294856e+000 6.065733e-005 6.274954e-094 6.065733e-005
d  2.286030e+000 7.563353e-005 6.161303e-093 7.563353e-005
d  2.277204e+000 9.430733e-005 5.988692e-092 9.430733e-005
d  2.268377e+000 1.175917e-004 5.762207e-091 1.175917e-004
d  2.259551e+000 1.466249e-004 5.488365e-090 1.466249e-004
d  2.250725e+000 1.828263e-004 5.174812e-089 1.828263e-004
d  2.241898e+000 2.279659e-004 4.829961e-088 2.279659e-004
d  2.233072e+000 2.842503e-004 4.462621e-087 2.842503e-004
d  2.224245e+000 3.544313e-004 4.081631e-086 3.544313e-004
d  2.215419e+000 4.419399e-004 3.695514e-085 4.419399e-004
d  2.206593e+000 5.510542e-004 3.312176e-084 5.510542e-004
d  2.197766e+000 6.871086e-004 2.938660e-083 6.871086e-004
d  2.188940e+000 8.567547e-004 2.580968e-082 8.567547e-004
d  2.180114e+000 1.068286e-003 2.243951e-081 1.068286e-003
d  2.171287e+000 1.332044e-003 1.931263e-080 1.332044e-003
d  2.162461e+000 1.660924e-003 1.645382e-079 1.660924e-003
d  2.153634e+000 2.071004e-003 1.387681e-078 2.071004e-003
d  2.144808e+000 2.582332e-003 1.158537e-077 2.582332e-003
d  2.135982e+000 3.219905e-003 9.574753e-077 3.219905e-003
d  2.127155e+000 4.014895e-003 7.833261e-076 4.014895e-003
d  2.118329e+000 5.006167e-003 6.343881e-075 5.006167e-003
d  2.109503e+000 6.242182e-003 5.085865e-074 6.242182e-003
d  2.100676e+000 7.783367e-003 4.036194e-073 7.783367e-003
d  2.091850e+000 9.705069e-003 3.170857e-072 9.705069e-003
d  2.083023e+000 1.210124e-002 2.465918e-071 1.210124e-002
d  2.074197e+000 1.508901e-002 1.898357e-070 1.508901e-002
d  2.065371e+000 1.881447e-002 1.446687e-069 1.881447e-002
d  2.056544e+000 2.345973e-002 1.091362e-068 2.345973e-002
d  2.047718e+000 2.925190e-002 8.150050e-068 2.925190e-002
d  2.038892e+000 3.647416e-002 6.024891e-067 3.647416e-002
d  2.030065e+000 4.547957e-002 4.408953e-066 4.547957e-002
d  2.021239e+000 5.670841e-002 3.193884e-065 5.670841e-002
d  2.012413e+000 7.070963e-002 2.290341e-064 7.070963e-002
d  2.003586e+000 8.816773e-002 1.625843e-063 8.816773e-002
d  1.994760e+000 1.099362e-001 1.142496e-062 1.099362e-001
d  1.985933e+000 1.370793e-001 7.947449e-062 1.370793e-001
d  1.977107e+000 1.709240e-001 5.472659e-061 1.709240e-001
d  1.968281e+000 2.131248e-001 3.730494e-060 2.131248e-001
d  1.959454e+000 2.657450e-001 2.517282e-059 2.657450e-001
d  1.950628e+000 3.313571e-001 1.681491e-058 3.313571e-001
d  1.941802e+000 4.131687e-001 1.111872e-057 4.131687e-001
d  1.932975e+000 5.151794e-001 7.278004e-057 5.151794e-001
d  1.924149e+000 6.423764e-001 4.715929e-056 6.423764e-001
d  1.915322e+000 8.009782e-001 3.024960e-055 8.009782e-001
d  1.906496e+000 9.987385e-001 1.920743e-054 9.987385e-001
d  1.897670e+000 1.245326e+000 1.207303e-053 1.245326e+000
d  1.888843e+000 1.552795e+000 7.512093e-053 1.552795e+000
d  1.880017e+000 1.936177e+000 4.627036e-052 1.936177e+000
d  1.871191e+000 2.414216e+000 2.821253e-051 2.414216e+000
d  1.862364e+000 3.010283e+000 1.702859e-050 3.010283e+000
d  1.853538e+000 3.753517e+000 1.017449e-049 3.753517e+000
d  1.844711e+000 4.680255e+000 6.017890e-049 4.680255e+000
d  1.835885e+000 5.835803e+000 3.523490e-048 5.835803e+000
d  1.827059e+000 7.276654e+000 2.042205e-047 7.276654e+000
d  1.818232e+000 9.073249e+000 1.171718e-046 9.073249e+000
d  1.809406e+000 1.131342e+001 6.654937e-046 1.131342e+001
d  1.800580e+000 1.410669e+001 3.741643e-045 1.410669e+001
d  1.791753e+000 1.758961e+001 2.082467e-044 1.758961e+001
d  1.782927e+000 2.193245e+001 1.147338e-043 2.193245e+001
d  1.774101e+000 2.734754e+001 6.257513e-043 2.734754e+001
d  1.765274e+000 3.409961e+001 3.378389e-042 3.409961e+001
d  1.756448e+000 4.251875e+001 1.805573e-041 4.251875e+001
d  1.747621e+000 5.301657e+001 9.552515e-041 5.301657e+001
d  1.738795e+000 6.610628e+001 5.002854e-040 6.610628e+001
d  1.729969e+000 8.242783e+001 2.593674e-039 8.242783e+001
d  1.721142e+000 1.027791e+002 1.331099e-038 1.027791e+002
d  1.712316e+000 1.281551e+002 6.762425e-038 1.281551e+002
d  1.703490e+000 1.597965e+002 3.400886e-037 1.597965e+002
d  1.694663e+000 1.992500e+002 1.693087e-036 1.992500e+002
d  1.685837e+000 2.484445e+002 8.343794e-036 2.484445e+002
d  1.677010e+000 3.097851e+002 4.070478e-035 3.097851e+002
d  1.668184e+000 3.862705e+002 1.965733e-034 3.862705e+002
d  1.659358e+000 4.816401e+002 9.397259e-034 4.816401e+002
d  1.650531e+000 6.005564e+002 4.447082e-033 6.005564e+002
d  1.641705e+000 7.488328e+002 2.083275e-032 7.488328e+002
d  1.632879e+000 9.337185e+002 9.660849e-032 9.337185e+002
d  1.624052e+000 1.164252e+003 4.434876e-031 1.164252e+003
d  1.615226e+000 1.451704e+003 2.015324e-030 1.451704e+003
d  1.606399e+000 1.810128e+003 9.065795e-030 1.810128e+003
d  1.597573e+000 2.257046e+003 4.037051e-029 2.257046e+003
d  1.588747e+000 2.814307e+003 1.779590e-028 2.814307e+003
d  1.579920e+000 3.509155e+003 7.765564e-028 3.509155e+003
d  1.571094e+000 4.375560e+003 3.354466e-027 4.375560e+003
d  1.562268e+000 5.455880e+003 1.434403e-026 5.455880e+003
d  1.553441e+000 6.802928e+003 6.071787e-026 6.802928e+003
d  1.544615e+000 8.482561e+003 2.544247e-025 8.482561e+003
d  1.535789e+000 1.057689e+004 1.055357e-024 1.057689e+004
d  1.526962e+000 1.318831e+004 4.333478e-024 1.318831e+004
d  1.518136e+000 1.644449e+004 1.761455e-023 1.644449e+004
d  1.509309e+000 2.050461e+004 7.087672e-023 2.050461e+004
d  1.500483e+000 2.556716e+004 2.823145e-022 2.556716e+004
d  1.491657e+000 3.187966e+004 1.113167e-021 3.187966e+004
d  1.482830e+000 3.975069e+004 4.344947e-021 3.975069e+004
d  1.474004e+000 4.956508e+004 1.678828e-020 4.956508e+004
d  1.465178e+000 6.180263e+004 6.421336e-020 6.180263e+004
d  1.456351e+000 7.706160e+004 2.431319e-019 7.706160e+004
d  1.447525e+000 9.608800e+004 9.112883e-019 9.608800e+004
d  1.438698e+000 1.198120e+005 3.381171e-018 1.198120e+005
d  1.429872e+000 1.493934e+005 1.241869e-017 1.493934e+005
d  1.421046e+000 1.862784e+005 4.515250e-017 1.862784e+005
d  1.412219e+000 2.322702e+005 1.625120e-016 2.322702e+005
d  1.403393e+000 2.896174e+005 5.790101e-016 2.896174e+005
d  1.394567e+000 3.611235e+005 2.042135e-015 3.611235e+005
d  1.385740e+000 4.502843e+005 7.129844e-015 4.502843e+005
d  1.376914e+000 5.614589e+005 2.464183e-014 5.614589e+005
d  1.368087e+000 7.000822e+005 8.430696e-014 7.000822e+005
d  1.359261e+000 8.729315e+005 2.855296e-013 8.729315e+005
d  1.350435e+000 1.088457e+006 9.572742e-013 1.088457e+006
d  1.341608e+000 1.357195e+006 3.177013e-012 1.357195e+006
d  1.332782e+000 1.692285e+006 1.043756e-011 1.692285e+006
d  1.323956e+000 2.110107e+006 3.394503e-011 2.110107e+006
d  1.315129e+000 2.631090e+006 1.092826e-010 2.631090e+006
d  1.306303e+000 3.280702e+006 3.482756e-010 3.280702e+006
d  1.297477e+000 4.090702e+006 1.098734e-009 4.090702e+006
d  1.288650e+000 5.100691e+006 3.431306e-009 5.100691e+006
d  1.279824e+000 6.360044e+006 1.060776e-008 6.360044e+006
d  1.270997e+000 7.930329e+006 3.246276e-008 7.930329e+006
d  1.262171e+000 9.888315e+006 9.834323e-008 9.888315e+006
d  1.253345e+000 1.232973e+007 2.949177e-007 1.232973e+007
d  1.244518e+000 1.537392e+007 8.754971e-007 1.537392e+007
d  1.235692e+000 1.916971e+007 2.572800e-006 1.916971e+007
d  1.226866e+000 2.390269e+007 7.484358e-006 2.390269e+007
d  1.218039e+000 2.980422e+007 2.155264e-005 2.980422e+007
d  1.209213e+000 3.716284e+007 6.143897e-005 3.716284e+007
d  1.200386e+000 4.633829e+007 1.733743e-004 4.633829e+007
d  1.191560e+000 5.777915e+007 4.843094e-004 5.777915e+007
d  1.182734e+000 7.204473e+007 1.339240e-003 7.204473e+007
d  1.173907e+000 8.983247e+007 3.665991e-003 8.983247e+007
d  1.165081e+000 1.120120e+008 9.933943e-003 1.120120e+008
d  1.156255e+000 1.396676e+008 2.664706e-002 1.396676e+008
d  1.147428e+000 1.741513e+008 7.075783e-002 1.741513e+008
d  1.138602e+000 2.171489e+008 1.859932e-001 2.171489e+008
d  1.129775e+000 2.707627e+008 4.839682e-001 2.707627e+008
d  1.120949e+000 3.376136e+008 1.246620e+000 3.376136e+008
d  1.112123e+000 4.209699e+008 3.178694e+000 4.209699e+008
d  1.103296e+000 5.249067e+008 8.023443e+000 5.249067e+008
d  1.094470e+000 6.545054e+008 2.004796e+001 6.545054e+008
d  1.085644e+000 8.161018e+008 4.958805e+001 8.161019e+008
d  1.076817e+000 1.017596e+009 1.214175e+002 1.017596e+009
d  1.067991e+000 1.268839e+009 2.942950e+002 1.268839e+009
d  1.059164e+000 1.582114e+009 7.061254e+002 1.582114e+009
d  1.050338e+000 1.972735e+009 1.677174e+003 1.972737e+009
d  1.041512e+000 2.459800e+009 3.943410e+003 2.459804e+009
d  1.032685e+000 3.067121e+009 9.178318e+003 3.067131e+009
d  1.023859e+000 3.824389e+009 2.114714e+004 3.824410e+009
d  1.015033e+000 4.768625e+009 4.823225e+004 4.768673e+009
d  1.006206e+000 5.945991e+009 1.088982e+005 5.946100e+009
d  9.973799e-001 7.414048e+009 2.433893e+005 7.414291e+009
d  9.885535e-001 9.244565e+009 5.384925e+005 9.245104e+009
d  9.797272e-001 1.152703e+010 1.179384e+006 1.152821e+010
d  9.709008e-001 1.437304e+010 2.556984e+006 1.437560e+010
d  9.620744e-001 1.792172e+010 5.487799e+006 1.792721e+010
d  9.532480e-001 2.234657e+010 1.165912e+007 2.235823e+010
d  9.444217e-001 2.786391e+010 2.452059e+007 2.788843e+010
d  9.355953e-001 3.474346e+010 5.104971e+007 3.479451e+010
d  9.267689e-001 4.332157e+010 1.052090e+008 4.342678e+010
d  9.179426e-001 5.401760e+010 2.146398e+008 5.423224e+010
d  9.091162e-001 6.735447e+010 4.334758e+008 6.778794e+010
d  9.002898e-001 8.398418e+010 8.665963e+008 8.485078e+010
d  8.914634e-001 1.047198e+011 1.715008e+009 1.064348e+011
d  8.826371e-001 1.305749e+011 3.359796e+009 1.339347e+011
d  8.738107e-001 1.628137e+011 6.515640e+009 1.693293e+011
d  8.649843e-001 2.030121e+011 1.250831e+010 2.155204e+011
d  8.561580e-001 2.531355e+011 2.377045e+010 2.769059e+011
d  8.473316e-001 3.156343e+011 4.471711e+010 3.603514e+011
d  8.385052e-001 3.935639e+011 8.327362e+010 4.768375e+011
d  8.296789e-001 4.907342e+011 1.535107e+011 6.442449e+011
d  8.208525e-001 6.118958e+011 2.801347e+011 8.920305e+011
d  8.120261e-001 7.629719e+011 5.060493e+011 1.269021e+012
d  8.031997e-001 9.513485e+011 9.049322e+011 1.856281e+012
d  7.943734e-001 1.186235e+012 1.601905e+012 2.788140e+012
d  7.855470e-001 1.479115e+012 2.807079e+012 4.286194e+012
d  7.767206e-001 1.844306e+012 4.869340e+012 6.713646e+012
d  7.678943e-001 2.299662e+012 8.361475e+012 1.066114e+013
d  7.590679e-001 2.867445e+012 1.421324e+013 1.708068e+013
d  7.502415e-001 3.575413e+012 2.391666e+013 2.749208e+013
d  7.414151e-001 4.458178e+012 3.983874e+013 4.429692e+013
d  7.325888e-001 5.558895e+012 6.569131e+013 7.125020e+013
d  7.237624e-001 6.931378e+012 1.072279e+014 1.141592e+014
d  7.149360e-001 8.642725e+012 1.732626e+014 1.819053e+014
d  7.061097e-001 1.077660e+013 2.771400e+014 2.879166e+014
d  6.972833e-001 1.343733e+013 4.388248e+014 4.522621e+014
d  6.884569e-001 1.675498e+013 6.878289e+014 7.045839e+014
d  6.796305e-001 2.089176e+013 1.067252e+015 1.088144e+015
d  6.708042e-001 2.604991e+013 1.639272e+015 1.665322e+015
d  6.619778e-001 3.248159e+013 2.492485e+015 2.524967e+015
d  6.531514e-001 4.050125e+013 3.751556e+015 3.792057e+015
d  6.443251e-001 5.050094e+013 5.589689e+015 5.640190e+015
d  6.354987e-001 6.296955e+013 8.244442e+015 8.307411e+015
d  6.266723e-001 7.851664e+013 1.203739e+016 1.211590e+016
d  6.178460e-001 9.790228e+013 1.739805e+016 1.749595e+016
d  6.090196e-001 1.220742e+014 2.489238e+016 2.501445e+016
d  6.001932e-001 1.522141e+014 3.525572e+016 3.540793e+016
d  5.913668e-001 1.897956e+014 4.942994e+016 4.961974e+016
d  5.825405e-001 2.366558e+014 6.860378e+016 6.884044e+016
d  5.737141e-001 2.950858e+014 9.425478e+016 9.454986e+016
d  5.648877e-001 3.679420e+014 1.281906e+017 1.285585e+017
d  5.560614e-001 4.587864e+014 1.725862e+017 1.730450e+017
d  5.472350e-001 5.720601e+014 2.300137e+017 2.305857e+017
d  5.384086e-001 7.133008e+014 3.034580e+017 3.041713e+017
d  5.295822e-001 8.894137e+014 3.963153e+017 3.972047e+017
d  5.207559e-001 1.109009e+015 5.123662e+017 5.134752e+017
d  5.119295e-001 1.382821e+015 6.557186e+017 6.571014e+017
d  5.031031e-001 1.724238e+015 8.307148e+017 8.324390e+017
d  4.942768e-001 2.149949e+015 1.041799e+018 1.043949e+018
d  4.854504e-001 2.680769e+015 1.293341e+018 1.296022e+018
d  4.766240e-001 3.342646e+015 1.589423e+018 1.592766e+018
d  4.677977e-001 4.167941e+015 1.933586e+018 1.937754e+018
d  4.589713e-001 5.196999e+015 2.328546e+018 2.333743e+018
d  4.501449e-001 6.480131e+015 2.775899e+018 2.782379e+018
d  4.413185e-001 8.080065e+015 3.275818e+018 3.283898e+018
d  4.324922e-001 1.007502e+016 3.826779e+018 3.836854e+018
d  4.236658e-001 1.256253e+016 4.425316e+018 4.437878e+018
d  4.148394e-001 1.566420e+016 5.065853e+018 5.081517e+018
d  4.060131e-001 1.953167e+016 5.740613e+018 5.760145e+018
d  3.971867e-001 2.435400e+016 6.439637e+018 6.463991e+018
d  3.883603e-001 3.036697e+016 7.150918e+018 7.181285e+018
d  3.795339e-001 3.786453e+016 7.860672e+018 7.898537e+018
d  3.707076e-001 4.721323e+016 8.553718e+018 8.600931e+018
d  3.618812e-001 5.887010e+016 9.213987e+018 9.272857e+018
d  3.530548e-001 7.340504e+016 9.825114e+018 9.898519e+018
d  3.442285e-001 9.152864e+016 1.037110e+019 1.046263e+019
d  3.354021e-001 1.141269e+017 1.083702e+019 1.095115e+019
d  3.265757e-001 1.423047e+017 1.120965e+019 1.135195e+019
d  3.177493e-001 1.774395e+017 1.147814e+019 1.165558e+019
d  3.089230e-001 2.212490e+017 1.163452e+019 1.185577e+019
d  3.000966e-001 2.758751e+017 1.167409e+019 1.194996e+019
d  2.912702e-001 3.439883e+017 1.159564e+019 1.193963e+019
d  2.824439e-001 4.289184e+017 1.140155e+019 1.183047e+019
d  2.736175e-001 5.348178e+017 1.109763e+019 1.163245e+019
d  2.647911e-001 6.668635e+017 1.069287e+019 1.135973e+019
d  2.559648e-001 8.315110e+017 1.019895e+019 1.103046e+019
d  2.471384e-001 1.036810e+018 9.629732e+018 1.066654e+019
d  2.383120e-001 1.292797e+018 9.000575e+018 1.029337e+019
d  2.294856e-001 1.611986e+018 8.327674e+018 9.939660e+018
d  2.206593e-001 2.009983e+018 7.627366e+018 9.637349e+018
d  2.118329e-001 2.506245e+018 6.915488e+018 9.421733e+018
d  2.030065e-001 3.125033e+018 6.206810e+018 9.331843e+018
d  1.941802e-001 3.896599e+018 5.514567e+018 9.411166e+018
d  1.853538e-001 4.858664e+018 4.850113e+018 9.708777e+018
d  1.765274e-001 6.058261e+018 4.222694e+018 1.028095e+019
d  1.677010e-001 7.554036e+018 3.639358e+018 1.119339e+019
d  1.588747e-001 9.419116e+018 3.104970e+018 1.252409e+019
d  1.500483e-001 1.174468e+019 2.622330e+018 1.436701e+019
d  1.412219e-001 1.464443e+019 2.192374e+018 1.683680e+019
d  1.323956e-001 1.826011e+019 1.814427e+018 2.007454e+019
d  1.235692e-001 2.276851e+019 1.486488e+018 2.425500e+019
d  1.147428e-001 2.839002e+019 1.205538e+018 2.959556e+019
d  1.059164e-001 3.539947e+019 9.678274e+017 3.636730e+019
d  9.709008e-002 4.413955e+019 7.691520e+017 4.490870e+019
d  8.826371e-002 5.503754e+019 6.050954e+017 5.564263e+019
d  7.943734e-002 6.862622e+019 4.712300e+017 6.909745e+019
d  7.061097e-002 8.556993e+019 3.632782e+017 8.593321e+019
d  6.178460e-002 1.066970e+020 2.772319e+017 1.069743e+020
d  5.295822e-002 1.330404e+020 2.094327e+017 1.332498e+020
d  4.413185e-002 1.658878e+020 1.566185e+017 1.660444e+020
d  3.530548e-002 2.068453e+020 1.159415e+017 2.069612e+020
d  2.647911e-002 2.579151e+020 8.496350e+016 2.580000e+020
d  1.765274e-002 3.215939e+020 6.163440e+016 3.216555e+020
d  8.826371e-003 4.009949e+020 4.425999e+016 4.010392e+020
d  0.000000e+000 5.000000e+020 3.146276e+016 5.000315e+020
