v ATLAS
# This file was created by ATLAS version 5.28.1.R on Tue Oct 06 02:10:17 2026.
#SSF 2.0 generic
##############################################################################
#                    Copyright (c) 1984 - 2019                               #
#                    Silvaco Inc. All rights reserved                        #
#                                                                            #
# This file format and the following Key are copyright Silvaco Inc.          #
# You may not use, this format or key without reproducing this message in    #
# full and obtaining express written permission from Silvaco Inc.            #
#                                                                            #
# To obtain such permission please contact: Silvaco Inc.                     #
#                                           support@silvaco.com              #
#                                                                            #
# KEY=SVC86hn7562asdx                       PROD=345                         #
##############################################################################
p 4 74 76 75 205
d  3.380500e+000 9.900511e-017 2.964195e-133 9.900511e-017
d  3.371674e+000 1.234493e-016 2.617042e-132 1.234493e-016
d  3.362847e+000 1.539288e-016 2.294601e-131 1.539288e-016
d  3.354021e+000 1.919336e-016 1.998003e-130 1.919336e-016
d  3.345195e+000 2.393217e-016 1.727737e-129 2.393217e-016
d  3.336368e+000 2.984098e-016 1.483720e-128 2.984098e-016
d  3.327542e+000 3.720868e-016 1.265373e-127 3.720868e-016
d  3.318715e+000 4.639544e-016 1.071711e-126 4.639544e-016
d  3.309889e+000 5.785041e-016 9.014250e-126 5.785041e-016
d  3.301063e+000 7.213359e-016 7.529636e-125 7.213359e-016
d  3.292236e+000 8.994326e-016 6.246129e-124 8.994326e-016
d  3.283410e+000 1.121501e-015 5.145652e-123 1.121501e-015
d  3.274584e+000 1.398398e-015 4.209810e-122 1.398398e-015
d  3.265757e+000 1.743661e-015 3.420402e-121 1.743661e-015
d  3.256931e+000 2.174168e-015 2.759843e-120 2.174168e-015
d  3.248104e+000 2.710966e-015 2.211486e-119 2.710966e-015
d  3.239278e+000 3.380300e-015 1.759854e-118 3.380300e-015
d  3.230452e+000 4.214891e-015 1.390790e-117 4.214891e-015
d  3.221625e+000 5.255541e-015 1.091538e-116 5.255541e-015
d  3.212799e+000 6.553127e-015 8.507638e-116 6.553127e-015
d  3.203973e+000 8.171084e-015 6.585240e-115 8.171084e-015
d  3.195146e+000 1.018851e-014 5.062054e-114 1.018851e-014
d  3.186320e+000 1.270404e-014 3.864333e-113 1.270404e-014
d  3.177493e+000 1.584065e-014 2.929644e-112 1.584065e-014
d  3.168667e+000 1.975168e-014 2.205706e-111 1.975168e-014
d  3.159841e+000 2.462834e-014 1.649199e-110 2.462834e-014
d  3.151014e+000 3.070904e-014 1.224591e-109 3.070904e-014
d  3.142188e+000 3.829106e-014 9.030291e-109 3.829106e-014
d  3.133362e+000 4.774506e-014 6.613097e-108 4.774506e-014
d  3.124535e+000 5.953325e-014 4.809507e-107 5.953325e-014
d  3.115709e+000 7.423192e-014 3.473672e-106 7.423192e-014
d  3.106883e+000 9.255967e-014 2.491551e-105 9.255967e-014
d  3.098056e+000 1.154125e-013 1.774774e-104 1.154125e-013
d  3.089230e+000 1.439077e-013 1.255478e-103 1.439077e-013
d  3.080403e+000 1.794383e-013 8.819980e-103 1.794383e-013
d  3.071577e+000 2.237413e-013 6.153450e-102 2.237413e-013
d  3.062751e+000 2.789827e-013 4.263462e-101 2.789827e-013
d  3.053924e+000 3.478631e-013 2.933585e-100 3.478631e-013
d  3.045098e+000 4.337500e-013 2.004599e-099 4.337500e-013
d  3.036272e+000 5.408423e-013 1.360344e-098 5.408423e-013
d  3.027445e+000 6.743754e-013 9.167749e-098 6.743754e-013
d  3.018619e+000 8.408777e-013 6.135772e-097 8.408777e-013
d  3.009792e+000 1.048489e-012 4.078198e-096 1.048489e-012
d  3.000966e+000 1.307359e-012 2.691906e-095 1.307359e-012
d  2.992140e+000 1.630145e-012 1.764591e-094 1.630145e-012
d  2.983313e+000 2.032625e-012 1.148738e-093 2.032625e-012
d  2.974487e+000 2.534477e-012 7.426602e-093 2.534477e-012
d  2.965661e+000 3.160235e-012 4.768174e-092 3.160235e-012
d  2.956834e+000 3.940493e-012 3.040231e-091 3.940493e-012
d  2.948008e+000 4.913395e-012 1.925101e-090 4.913395e-012
d  2.939181e+000 6.126504e-012 1.210579e-089 6.126504e-012
d  2.930355e+000 7.639129e-012 7.560061e-089 7.639129e-012
d  2.921529e+000 9.525219e-012 4.688674e-088 9.525219e-012
d  2.912702e+000 1.187698e-011 2.887801e-087 1.187698e-011
d  2.903876e+000 1.480939e-011 1.766352e-086 1.480939e-011
d  2.895050e+000 1.846581e-011 1.072950e-085 1.846581e-011
d  2.886223e+000 2.302499e-011 6.472537e-085 2.302499e-011
d  2.877397e+000 2.870982e-011 3.877592e-084 2.870982e-011
d  2.868570e+000 3.579823e-011 2.306972e-083 3.579823e-011
d  2.859744e+000 4.463676e-011 1.363060e-082 4.463676e-011
d  2.850918e+000 5.565751e-011 7.997977e-082 5.565751e-011
d  2.842091e+000 6.939927e-011 4.660559e-081 6.939927e-011
d  2.833265e+000 8.653384e-011 2.697046e-080 8.653384e-011
d  2.824439e+000 1.078989e-010 1.549999e-079 1.078989e-010
d  2.815612e+000 1.345390e-010 8.846405e-079 1.345390e-010
d  2.806786e+000 1.677565e-010 5.014122e-078 1.677565e-010
d  2.797960e+000 2.091753e-010 2.822380e-077 2.091753e-010
d  2.789133e+000 2.608204e-010 1.577716e-076 2.608204e-010
d  2.780307e+000 3.252165e-010 8.758597e-076 3.252165e-010
d  2.771480e+000 4.055120e-010 4.828729e-075 4.055120e-010
d  2.762654e+000 5.056323e-010 2.643771e-074 5.056323e-010
d  2.753828e+000 6.304721e-010 1.437498e-073 6.304721e-010
d  2.745001e+000 7.861348e-010 7.762173e-073 7.861348e-010
d  2.736175e+000 9.802303e-010 4.162478e-072 9.802303e-010
d  2.727349e+000 1.222248e-009 2.216731e-071 1.222248e-009
d  2.718522e+000 1.524019e-009 1.172376e-070 1.524019e-009
d  2.709696e+000 1.900297e-009 6.157623e-070 1.900297e-009
d  2.700869e+000 2.369477e-009 3.211826e-069 2.369477e-009
d  2.692043e+000 2.954498e-009 1.663732e-068 2.954498e-009
d  2.683217e+000 3.683959e-009 8.558692e-068 3.683959e-009
d  2.674390e+000 4.593522e-009 4.372441e-067 4.593522e-009
d  2.665564e+000 5.727656e-009 2.218366e-066 5.727656e-009
d  2.656738e+000 7.141806e-009 1.117725e-065 7.141806e-009
d  2.647911e+000 8.905107e-009 5.592797e-065 8.905107e-009
d  2.639085e+000 1.110376e-008 2.779175e-064 1.110376e-008
d  2.630258e+000 1.384527e-008 1.371498e-063 1.384527e-008
d  2.621432e+000 1.726364e-008 6.721517e-063 1.726364e-008
d  2.612606e+000 2.152601e-008 3.271386e-062 2.152601e-008
d  2.603779e+000 2.684075e-008 1.581208e-061 2.684075e-008
d  2.594953e+000 3.346769e-008 7.589944e-061 3.346769e-008
d  2.586127e+000 4.173081e-008 3.618102e-060 4.173081e-008
d  2.577300e+000 5.203409e-008 1.712835e-059 5.203409e-008
d  2.568474e+000 6.488123e-008 8.052726e-059 6.488123e-008
d  2.559648e+000 8.090031e-008 3.759784e-058 8.090031e-008
d  2.550821e+000 1.008745e-007 1.743313e-057 1.008745e-007
d  2.541995e+000 1.257802e-007 8.027502e-057 1.257802e-007
d  2.533168e+000 1.568352e-007 3.670946e-056 1.568352e-007
d  2.524342e+000 1.955575e-007 1.667125e-055 1.955575e-007
d  2.515516e+000 2.438404e-007 7.518842e-055 2.438404e-007
d  2.506689e+000 3.040442e-007 3.367645e-054 3.040442e-007
d  2.497863e+000 3.791123e-007 1.497939e-053 3.791123e-007
d  2.489037e+000 4.727146e-007 6.616901e-053 4.727146e-007
d  2.480210e+000 5.894271e-007 2.902737e-052 5.894271e-007
d  2.471384e+000 7.349558e-007 1.264600e-051 7.349558e-007
d  2.462557e+000 9.164152e-007 5.471310e-051 9.164152e-007
d  2.453731e+000 1.142677e-006 2.350835e-050 1.142677e-006
d  2.444905e+000 1.424802e-006 1.003103e-049 1.424802e-006
d  2.436078e+000 1.776583e-006 4.250707e-049 1.776583e-006
d  2.427252e+000 2.215219e-006 1.788832e-048 2.215219e-006
d  2.418426e+000 2.762154e-006 7.476022e-048 2.762154e-006
d  2.409599e+000 3.444125e-006 3.102874e-047 3.444125e-006
d  2.400773e+000 4.294474e-006 1.278940e-046 4.294474e-006
d  2.391946e+000 5.354774e-006 5.235147e-046 5.354774e-006
d  2.383120e+000 6.676859e-006 2.128140e-045 6.676859e-006
d  2.374294e+000 8.325366e-006 8.591401e-045 8.325366e-006
d  2.365467e+000 1.038089e-005 3.444454e-044 1.038089e-005
d  2.356641e+000 1.294391e-005 1.371416e-043 1.294391e-005
d  2.347815e+000 1.613974e-005 5.422640e-043 1.613974e-005
d  2.338988e+000 2.012462e-005 2.129339e-042 2.012462e-005
d  2.330162e+000 2.509336e-005 8.303697e-042 2.509336e-005
d  2.321336e+000 3.128887e-005 3.215812e-041 3.128887e-005
d  2.312509e+000 3.901405e-005 1.236809e-040 3.901405e-005
d  2.303683e+000 4.864656e-005 4.723966e-040 4.864656e-005
d  2.294856e+000 6.065733e-005 1.791858e-039 6.065733e-005
d  2.286030e+000 7.563353e-005 6.749835e-039 7.563353e-005
d  2.277204e+000 9.430733e-005 2.525080e-038 9.430733e-005
d  2.268377e+000 1.175917e-004 9.381014e-038 1.175917e-004
d  2.259551e+000 1.466249e-004 3.461122e-037 1.466249e-004
d  2.250725e+000 1.828263e-004 1.268168e-036 1.828263e-004
d  2.241898e+000 2.279659e-004 4.614546e-036 2.279659e-004
d  2.233072e+000 2.842503e-004 1.667531e-035 2.842503e-004
d  2.224245e+000 3.544313e-004 5.984271e-035 3.544313e-004
d  2.215419e+000 4.419399e-004 2.132756e-034 4.419399e-004
d  2.206593e+000 5.510542e-004 7.548555e-034 5.510542e-004
d  2.197766e+000 6.871086e-004 2.653255e-033 6.871086e-004
d  2.188940e+000 8.567547e-004 9.261613e-033 8.567547e-004
d  2.180114e+000 1.068286e-003 3.210605e-032 1.068286e-003
d  2.171287e+000 1.332044e-003 1.105299e-031 1.332044e-003
d  2.162461e+000 1.660924e-003 3.778897e-031 1.660924e-003
d  2.153634e+000 2.071004e-003 1.283048e-030 2.071004e-003
d  2.144808e+000 2.582332e-003 4.326270e-030 2.582332e-003
d  2.135982e+000 3.219905e-003 1.448694e-029 3.219905e-003
d  2.127155e+000 4.014895e-003 4.817618e-029 4.014895e-003
d  2.118329e+000 5.006167e-003 1.591038e-028 5.006167e-003
d  2.109503e+000 6.242182e-003 5.218207e-028 6.242182e-003
d  2.100676e+000 7.783367e-003 1.699631e-027 7.783367e-003
d  2.091850e+000 9.705069e-003 5.497694e-027 9.705069e-003
d  2.083023e+000 1.210124e-002 1.766034e-026 1.210124e-002
d  2.074197e+000 1.508901e-002 5.633913e-026 1.508901e-002
d  2.065371e+000 1.881447e-002 1.784899e-025 1.881447e-002
d  2.056544e+000 2.345973e-002 5.615778e-025 2.345973e-002
d  2.047718e+000 2.925190e-002 1.754683e-024 2.925190e-002
d  2.038892e+000 3.647416e-002 5.444775e-024 3.647416e-002
d  2.030065e+000 4.547957e-002 1.677853e-023 4.547957e-002
d  2.021239e+000 5.670841e-002 5.134762e-023 5.670841e-002
d  2.012413e+000 7.070963e-002 1.560556e-022 7.070963e-002
d  2.003586e+000 8.816773e-002 4.710108e-022 8.816773e-002
d  1.994760e+000 1.099362e-001 1.411806e-021 1.099362e-001
d  1.985933e+000 1.370793e-001 4.202539e-021 1.370793e-001
d  1.977107e+000 1.709240e-001 1.242341e-020 1.709240e-001
d  1.968281e+000 2.131248e-001 3.647227e-020 2.131248e-001
d  1.959454e+000 2.657450e-001 1.063352e-019 2.657450e-001
d  1.950628e+000 3.313571e-001 3.078819e-019 3.313571e-001
d  1.941802e+000 4.131687e-001 8.852863e-019 4.131687e-001
d  1.932975e+000 5.151794e-001 2.527993e-018 5.151794e-001
d  1.924149e+000 6.423764e-001 7.169032e-018 6.423764e-001
d  1.915322e+000 8.009782e-001 2.019007e-017 8.009782e-001
d  1.906496e+000 9.987385e-001 5.646867e-017 9.987385e-001
d  1.897670e+000 1.245326e+000 1.568447e-016 1.245326e+000
d  1.888843e+000 1.552795e+000 4.326382e-016 1.552795e+000
d  1.880017e+000 1.936177e+000 1.185147e-015 1.936177e+000
d  1.871191e+000 2.414216e+000 3.224129e-015 2.414216e+000
d  1.862364e+000 3.010283e+000 8.710539e-015 3.010283e+000
d  1.853538e+000 3.753517e+000 2.337062e-014 3.753517e+000
d  1.844711e+000 4.680255e+000 6.227131e-014 4.680255e+000
d  1.835885e+000 5.835803e+000 1.647776e-013 5.835803e+000
d  1.827059e+000 7.276654e+000 4.330133e-013 7.276654e+000
d  1.818232e+000 9.073249e+000 1.130047e-012 9.073249e+000
d  1.809406e+000 1.131342e+001 2.928766e-012 1.131342e+001
d  1.800580e+000 1.410669e+001 7.538158e-012 1.410669e+001
d  1.791753e+000 1.758961e+001 1.926808e-011 1.758961e+001
d  1.782927e+000 2.193245e+001 4.891073e-011 2.193245e+001
d  1.774101e+000 2.734754e+001 1.232998e-010 2.734754e+001
d  1.765274e+000 3.409961e+001 3.086834e-010 3.409961e+001
d  1.756448e+000 4.251875e+001 7.674617e-010 4.251875e+001
d  1.747621e+000 5.301657e+001 1.894928e-009 5.301657e+001
d  1.738795e+000 6.610628e+001 4.646450e-009 6.610628e+001
d  1.729969e+000 8.242783e+001 1.131468e-008 8.242783e+001
d  1.721142e+000 1.027791e+002 2.736252e-008 1.027791e+002
d  1.712316e+000 1.281551e+002 6.571466e-008 1.281551e+002
d  1.703490e+000 1.597965e+002 1.567332e-007 1.597965e+002
d  1.694663e+000 1.992500e+002 3.712380e-007 1.992500e+002
d  1.685837e+000 2.484445e+002 8.732456e-007 2.484445e+002
d  1.677010e+000 3.097851e+002 2.039919e-006 3.097851e+002
d  1.668184e+000 3.862705e+002 4.732406e-006 3.862705e+002
d  1.659358e+000 4.816401e+002 1.090294e-005 4.816401e+002
d  1.650531e+000 6.005564e+002 2.494582e-005 6.005564e+002
d  1.641705e+000 7.488328e+002 5.668193e-005 7.488329e+002
d  1.632879e+000 9.337185e+002 1.279040e-004 9.337186e+002
d  1.624052e+000 1.164252e+003 2.866262e-004 1.164253e+003
d  1.615226e+000 1.451704e+003 6.378820e-004 1.451705e+003
d  1.606399e+000 1.810128e+003 1.409800e-003 1.810129e+003
d  1.597573e+000 2.257046e+003 3.094333e-003 2.257049e+003
d  1.588747e+000 2.814307e+003 6.744802e-003 2.814314e+003
d  1.579920e+000 3.509155e+003 1.460037e-002 3.509170e+003
d  1.571094e+000 4.375560e+003 3.138710e-002 4.375592e+003
d  1.562268e+000 5.455880e+003 6.700868e-002 5.455947e+003
d  1.553441e+000 6.802928e+003 1.420704e-001 6.803070e+003
d  1.544615e+000 8.482561e+003 2.991359e-001 8.482860e+003
d  1.535789e+000 1.057689e+004 6.254982e-001 1.057752e+004
d  1.526962e+000 1.318831e+004 1.298902e+000 1.318961e+004
d  1.518136e+000 1.644449e+004 2.678668e+000 1.644716e+004
d  1.509309e+000 2.050461e+004 5.485980e+000 2.051009e+004
d  1.500483e+000 2.556716e+004 1.115789e+001 2.557832e+004
d  1.491657e+000 3.187966e+004 2.253733e+001 3.190219e+004
d  1.482830e+000 3.975069e+004 4.520801e+001 3.979590e+004
d  1.474004e+000 4.956508e+004 9.005771e+001 4.965514e+004
d  1.465178e+000 6.180263e+004 1.781636e+002 6.198079e+004
d  1.456351e+000 7.706160e+004 3.500335e+002 7.741163e+004
d  1.447525e+000 9.608800e+004 6.829562e+002 9.677095e+004
d  1.438698e+000 1.198120e+005 1.323332e+003 1.211353e+005
d  1.429872e+000 1.493934e+005 2.546461e+003 1.519398e+005
d  1.421046e+000 1.862784e+005 4.866290e+003 1.911447e+005
d  1.412219e+000 2.322702e+005 9.235309e+003 2.415055e+005
d  1.403393e+000 2.896174e+005 1.740594e+004 3.070233e+005
d  1.394567e+000 3.611235e+005 3.257888e+004 3.937024e+005
d  1.385740e+000 4.502843e+005 6.055741e+004 5.108418e+005
d  1.376914e+000 5.614589e+005 1.117869e+005 6.732458e+005
d  1.368087e+000 7.000822e+005 2.049309e+005 9.050131e+005
d  1.359261e+000 8.729315e+005 3.730923e+005 1.246024e+006
d  1.350435e+000 1.088457e+006 6.745555e+005 1.763012e+006
d  1.341608e+000 1.357195e+006 1.211188e+006 2.568384e+006
d  1.332782e+000 1.692285e+006 2.159724e+006 3.852009e+006
d  1.323956e+000 2.110107e+006 3.824525e+006 5.934632e+006
d  1.315129e+000 2.631090e+006 6.725881e+006 9.356971e+006
d  1.306303e+000 3.280702e+006 1.174663e+007 1.502734e+007
d  1.297477e+000 4.090702e+006 2.037372e+007 2.446442e+007
d  1.288650e+000 5.100691e+006 3.509294e+007 4.019363e+007
d  1.279824e+000 6.360044e+006 6.002908e+007 6.638912e+007
d  1.270997e+000 7.930329e+006 1.019756e+008 1.099059e+008
d  1.262171e+000 9.888315e+006 1.720376e+008 1.819259e+008
d  1.253345e+000 1.232973e+007 2.882325e+008 3.005623e+008
d  1.244518e+000 1.537392e+007 4.795736e+008 4.949475e+008
d  1.235692e+000 1.916971e+007 7.924284e+008 8.115982e+008
d  1.226866e+000 2.390269e+007 1.300342e+009 1.324244e+009
d  1.218039e+000 2.980422e+007 2.119080e+009 2.148884e+009
d  1.209213e+000 3.716284e+007 3.429493e+009 3.466655e+009
d  1.200386e+000 4.633829e+007 5.511946e+009 5.558284e+009
d  1.191560e+000 5.777915e+007 8.797769e+009 8.855549e+009
d  1.182734e+000 7.204473e+007 1.394546e+010 1.401750e+010
d  1.173907e+000 8.983247e+007 2.195258e+010 2.204241e+010
d  1.165081e+000 1.120120e+008 3.431870e+010 3.443072e+010
d  1.156255e+000 1.396676e+008 5.328056e+010 5.342023e+010
d  1.147428e+000 1.741513e+008 8.214843e+010 8.232258e+010
d  1.138602e+000 2.171489e+008 1.257831e+011 1.260002e+011
d  1.129775e+000 2.707627e+008 1.912660e+011 1.915368e+011
d  1.120949e+000 3.376136e+008 2.888325e+011 2.891701e+011
d  1.112123e+000 4.209699e+008 4.331584e+011 4.335794e+011
d  1.103296e+000 5.249067e+008 6.451193e+011 6.456442e+011
d  1.094470e+000 6.545054e+008 9.541704e+011 9.548249e+011
d  1.085644e+000 8.161018e+008 1.401536e+012 1.402352e+012
d  1.076817e+000 1.017596e+009 2.044445e+012 2.045462e+012
d  1.067991e+000 1.268839e+009 2.961685e+012 2.962954e+012
d  1.059164e+000 1.582114e+009 4.260838e+012 4.262420e+012
d  1.050338e+000 1.972735e+009 6.087566e+012 6.089539e+012
d  1.041512e+000 2.459800e+009 8.637439e+012 8.639898e+012
d  1.032685e+000 3.067121e+009 1.217079e+013 1.217386e+013
d  1.023859e+000 3.824389e+009 1.703120e+013 1.703502e+013
d  1.015033e+000 4.768625e+009 2.366814e+013 2.367291e+013
d  1.006206e+000 5.945991e+009 3.266447e+013 3.267042e+013
d  9.973799e-001 7.414048e+009 4.476924e+013 4.477666e+013
d  9.885535e-001 9.244565e+009 6.093634e+013 6.094559e+013
d  9.797272e-001 1.152703e+010 8.236934e+013 8.238087e+013
d  9.709008e-001 1.437304e+010 1.105726e+014 1.105869e+014
d  9.620744e-001 1.792172e+010 1.474082e+014 1.474262e+014
d  9.532480e-001 2.234657e+010 1.951590e+014 1.951814e+014
d  9.444217e-001 2.786391e+010 2.565950e+014 2.566228e+014
d  9.355953e-001 3.474346e+010 3.350427e+014 3.350775e+014
d  9.267689e-001 4.332157e+010 4.344550e+014 4.344983e+014
d  9.179426e-001 5.401760e+010 5.594767e+014 5.595307e+014
d  9.091162e-001 6.735447e+010 7.155034e+014 7.155708e+014
d  9.002898e-001 8.398418e+010 9.087282e+014 9.088122e+014
d  8.914634e-001 1.047198e+011 1.146170e+015 1.146274e+015
d  8.826371e-001 1.305749e+011 1.435676e+015 1.435806e+015
d  8.738107e-001 1.628137e+011 1.785897e+015 1.786060e+015
d  8.649843e-001 2.030121e+011 2.206221e+015 2.206424e+015
d  8.561580e-001 2.531355e+011 2.706662e+015 2.706915e+015
d  8.473316e-001 3.156343e+011 3.297705e+015 3.298020e+015
d  8.385052e-001 3.935639e+011 3.990084e+015 3.990478e+015
d  8.296789e-001 4.907342e+011 4.794517e+015 4.795008e+015
d  8.208525e-001 6.118958e+011 5.721373e+015 5.721985e+015
d  8.120261e-001 7.629719e+011 6.780290e+015 6.781053e+015
d  8.031997e-001 9.513485e+011 7.979741e+015 7.980692e+015
d  7.943734e-001 1.186235e+012 9.326569e+015 9.327755e+015
d  7.855470e-001 1.479115e+012 1.082549e+016 1.082697e+016
d  7.767206e-001 1.844306e+012 1.247860e+016 1.248044e+016
d  7.678943e-001 2.299662e+012 1.428488e+016 1.428718e+016
d  7.590679e-001 2.867445e+012 1.623977e+016 1.624264e+016
d  7.502415e-001 3.575413e+012 1.833479e+016 1.833836e+016
d  7.414151e-001 4.458178e+012 2.055722e+016 2.056168e+016
d  7.325888e-001 5.558895e+012 2.288998e+016 2.289554e+016
d  7.237624e-001 6.931378e+012 2.531157e+016 2.531850e+016
d  7.149360e-001 8.642725e+012 2.779619e+016 2.780483e+016
d  7.061097e-001 1.077660e+013 3.031405e+016 3.032483e+016
d  6.972833e-001 1.343733e+013 3.283185e+016 3.284529e+016
d  6.884569e-001 1.675498e+013 3.531338e+016 3.533013e+016
d  6.796305e-001 2.089176e+013 3.772035e+016 3.774124e+016
d  6.708042e-001 2.604991e+013 4.001333e+016 4.003938e+016
d  6.619778e-001 3.248159e+013 4.215279e+016 4.218527e+016
d  6.531514e-001 4.050125e+013 4.410019e+016 4.414069e+016
d  6.443251e-001 5.050094e+013 4.581917e+016 4.586967e+016
d  6.354987e-001 6.296955e+013 4.727663e+016 4.733960e+016
d  6.266723e-001 7.851664e+013 4.844381e+016 4.852233e+016
d  6.178460e-001 9.790228e+013 4.929726e+016 4.939516e+016
d  6.090196e-001 1.220742e+014 4.981954e+016 4.994162e+016
d  6.001932e-001 1.522141e+014 4.999992e+016 5.015213e+016
d  5.913668e-001 1.897956e+014 4.983465e+016 5.002444e+016
d  5.825405e-001 2.366558e+014 4.932716e+016 4.956381e+016
d  5.737141e-001 2.950858e+014 4.848790e+016 4.878298e+016
d  5.648877e-001 3.679420e+014 4.733399e+016 4.770194e+016
d  5.560614e-001 4.587864e+014 4.588868e+016 4.634746e+016
d  5.472350e-001 5.720601e+014 4.418048e+016 4.475254e+016
d  5.384086e-001 7.133008e+014 4.224234e+016 4.295564e+016
d  5.295822e-001 8.894137e+014 4.011050e+016 4.099991e+016
d  5.207559e-001 1.109009e+015 3.782341e+016 3.893242e+016
d  5.119295e-001 1.382821e+015 3.542060e+016 3.680342e+016
d  5.031031e-001 1.724238e+015 3.294152e+016 3.466576e+016
d  4.942768e-001 2.149949e+015 3.042454e+016 3.257449e+016
d  4.854504e-001 2.680769e+015 2.790596e+016 3.058673e+016
d  4.766240e-001 3.342646e+015 2.541923e+016 2.876188e+016
d  4.677977e-001 4.167941e+015 2.299431e+016 2.716225e+016
d  4.589713e-001 5.196999e+015 2.065718e+016 2.585418e+016
d  4.501449e-001 6.480131e+015 1.842953e+016 2.490966e+016
d  4.413185e-001 8.080065e+015 1.632864e+016 2.440870e+016
d  4.324922e-001 1.007502e+016 1.436740e+016 2.444242e+016
d  4.236658e-001 1.256253e+016 1.255449e+016 2.511702e+016
d  4.148394e-001 1.566420e+016 1.089463e+016 2.655883e+016
d  4.060131e-001 1.953167e+016 9.388983e+015 2.892065e+016
d  3.971867e-001 2.435400e+016 8.035578e+015 3.238958e+016
d  3.883603e-001 3.036697e+016 6.829804e+015 3.719678e+016
d  3.795339e-001 3.786453e+016 5.764902e+015 4.362943e+016
d  3.707076e-001 4.721323e+016 4.832460e+015 5.204569e+016
d  3.618812e-001 5.887010e+016 4.022880e+015 6.289298e+016
d  3.530548e-001 7.340504e+016 3.325818e+015 7.673086e+016
d  3.442285e-001 9.152864e+016 2.730564e+015 9.425920e+016
d  3.354021e-001 1.141269e+017 2.226378e+015 1.163533e+017
d  3.265757e-001 1.423047e+017 1.802760e+015 1.441074e+017
d  3.177493e-001 1.774395e+017 1.449672e+015 1.788892e+017
d  3.089230e-001 2.212490e+017 1.157694e+015 2.224067e+017
d  3.000966e-001 2.758751e+017 9.181438e+014 2.767932e+017
d  2.912702e-001 3.439883e+017 7.231361e+014 3.447114e+017
d  2.824439e-001 4.289184e+017 5.656164e+014 4.294841e+017
d  2.736175e-001 5.348178e+017 4.393559e+014 5.352571e+017
d  2.647911e-001 6.668635e+017 3.389249e+014 6.672024e+017
d  2.559648e-001 8.315110e+017 2.596469e+014 8.317707e+017
d  2.471384e-001 1.036810e+018 1.975401e+014 1.037007e+018
d  2.383120e-001 1.292797e+018 1.492520e+014 1.292946e+018
d  2.294856e-001 1.611986e+018 1.119895e+014 1.612098e+018
d  2.206593e-001 2.009983e+018 8.345018e+013 2.010067e+018
d  2.118329e-001 2.506245e+018 6.175466e+013 2.506307e+018
d  2.030065e-001 3.125033e+018 4.538421e+013 3.125079e+018
d  1.941802e-001 3.896599e+018 3.312320e+013 3.896632e+018
d  1.853538e-001 4.858664e+018 2.400781e+013 4.858688e+018
d  1.765274e-001 6.058261e+018 1.728085e+013 6.058278e+018
d  1.677010e-001 7.554036e+018 1.235294e+013 7.554048e+018
d  1.588747e-001 9.419116e+018 8.769368e+012 9.419125e+018
d  1.500483e-001 1.174468e+019 6.182423e+012 1.174469e+019
d  1.412219e-001 1.464443e+019 4.328543e+012 1.464443e+019
d  1.323956e-001 1.826011e+019 3.009659e+012 1.826012e+019
d  1.235692e-001 2.276851e+019 2.078191e+012 2.276851e+019
d  1.147428e-001 2.839002e+019 1.425102e+012 2.839002e+019
d  1.059164e-001 3.539947e+019 9.705083e+011 3.539947e+019
d  9.709008e-002 4.413955e+019 6.563645e+011 4.413955e+019
d  8.826371e-002 5.503754e+019 4.408425e+011 5.503754e+019
d  7.943734e-002 6.862622e+019 2.940454e+011 6.862622e+019
d  7.061097e-002 8.556993e+019 1.947771e+011 8.556993e+019
d  6.178460e-002 1.066970e+020 1.281309e+011 1.066970e+020
d  5.295822e-002 1.330404e+020 8.370716e+010 1.330404e+020
d  4.413185e-002 1.658878e+020 5.430800e+010 1.658878e+020
d  3.530548e-002 2.068453e+020 3.499110e+010 2.068453e+020
d  2.647911e-002 2.579151e+020 2.238947e+010 2.579151e+020
d  1.765274e-002 3.215939e+020 1.422731e+010 3.215939e+020
d  8.826371e-003 4.009949e+020 8.978303e+009 4.009949e+020
d  0.000000e+000 5.000000e+020 5.626759e+009 5.000000e+020
