Probe avg_n vs gate bias
76 2 2
gate bias
Probe avg_n
-3 8.6555e+012
-2.8 8.72315e+012
-2.6 8.80949e+012
-2.4 8.91974e+012
-2.2 9.06104e+012
-2 9.24293e+012
-1.8 9.47843e+012
-1.6 9.78554e+012
-1.4 1.01898e+013
-1.2 1.07285e+013
-1 1.14582e+013
-0.95 1.168e+013
-0.9 1.19211e+013
-0.85 1.21835e+013
-0.8 1.24698e+013
-0.75 1.27828e+013
-0.7 1.31258e+013
-0.65 1.35027e+013
-0.6 1.3918e+013
-0.55 1.43771e+013
-0.5 1.48861e+013
-0.45 1.54526e+013
-0.4 1.60855e+013
-0.35 1.67953e+013
-0.3 1.75948e+013
-0.25 1.8499e+013
-0.2 1.95263e+013
-0.15 2.06985e+013
-0.1 2.20434e+013
-0.05 2.36049e+013
-4.24783e-016 2.55049e+013
0.05 2.83211e+013
0.1 3.53603e+013
0.15 6.58214e+013
0.2 2.23231e+014
0.25 9.50008e+014
0.3 3.4369e+015
0.35 9.43812e+015
0.4 2.04856e+016
0.45 3.7646e+016
0.5 6.17572e+016
0.55 9.36621e+016
0.6 1.34349e+017
0.65 1.85044e+017
0.7 2.47274e+017
0.75 3.22922e+017
0.8 4.14249e+017
0.85 5.23882e+017
0.9 6.54747e+017
0.95 8.09965e+017
1 9.92732e+017
1.05 1.20616e+018
1.1 1.45305e+018
1.15 1.73556e+018
1.2 2.05512e+018
1.25 2.41237e+018
1.3 2.80729e+018
1.35 3.2393e+018
1.4 3.70751e+018
1.45 4.21083e+018
1.5 4.7481e+018
1.6 5.92031e+018
1.7 7.21645e+018
1.8 8.62928e+018
1.9 1.01502e+019
2 1.17682e+019
2.1 1.34705e+019
2.2 1.5244e+019
2.3 1.70763e+019
2.4 1.89564e+019
2.5 2.08753e+019
2.6 2.28255e+019
2.7 2.48012e+019
2.8 2.67976e+019
2.9 2.88108e+019
3 3.08378e+019
