Conduction Band Energy vs Depth
87 2 2
Depth
Conduction Band Energy
0 3.54451
0.0200101 3.54451
0.0343543 3.54451
0.0446368 3.54451
0.0520079 3.54451
0.0572917 3.54451
0.0610795 3.54451
0.0637947 3.54451
0.0657411 3.54451
0.0671363 3.54451
0.0681365 3.54451
0.0688535 3.54451
0.0693675 3.54451
0.0697359 3.54451
0.07 0.421299
0.07 0.421299
0.0702481 0.421313
0.0704686 0.421349
0.0706647 0.421401
0.0708389 0.421461
0.0709938 0.421526
0.0711315 0.421593
0.0712539 0.42166
0.0713627 0.421726
0.0714594 0.421789
0.0715453 0.421848
0.0716217 0.421904
0.0716896 0.421955
0.07175 0.422003
0.07175 0.422003
0.0718125 0.422052
0.071875 0.422101
0.0719375 0.42215
0.072 0.422198
0.072 0.422198
0.0720595 3.54711
0.0721253 3.54899
0.0721982 3.55108
0.0722789 3.55339
0.0723683 3.55594
0.0724672 3.55878
0.0725767 3.56191
0.072698 3.56538
0.0728323 3.56922
0.0729809 3.57347
0.0731455 3.57818
0.0733277 3.58339
0.0735294 3.58917
0.0737527 3.59556
0.074 4.50263
0.074 4.50263
0.0742427 4.50582
0.0744984 4.50919
0.0747678 4.51273
0.0750516 4.51647
0.0753506 4.5204
0.0756656 4.52455
0.0759976 4.52891
0.0763473 4.53352
0.0767157 4.53836
0.0771039 4.54347
0.0775128 4.54885
0.0779437 4.55452
0.0783977 4.56049
0.0788759 4.56679
0.0793798 4.57342
0.0799107 4.5804
0.0804701 4.58776
0.0810594 4.59552
0.0816802 4.60369
0.0823344 4.61229
0.0830235 4.62136
0.0837496 4.63092
0.0845146 4.64098
0.0853206 4.65159
0.0861697 4.66276
0.0870644 4.67453
0.0880069 4.68693
0.089 4.7
0.089 0
0.0900551 0
0.0917786 0
0.0945935 0
0.0991911 0
0.106701 0
0.118966 0
0.139 0
