Conduction Band Energy vs Depth
87 2 2
Depth
Conduction Band Energy
0 2.71992
0.0200101 2.71992
0.0343543 2.71992
0.0446368 2.71992
0.0520079 2.71992
0.0572917 2.71992
0.0610795 2.71992
0.0637947 2.71992
0.0657411 2.71992
0.0671363 2.71992
0.0681365 2.71992
0.0688535 2.71992
0.0693675 2.71992
0.0697359 2.71992
0.07 -0.403289
0.07 -0.403289
0.0702481 -0.405515
0.0704686 -0.411293
0.0706647 -0.41956
0.0708389 -0.429532
0.0709938 -0.440618
0.0711315 -0.452364
0.0712539 -0.464419
0.0713627 -0.476509
0.0714594 -0.488425
0.0715453 -0.500007
0.0716217 -0.511137
0.0716896 -0.521731
0.07175 -0.531733
0.07175 -0.531733
0.0718125 -0.54272
0.071875 -0.554382
0.0719375 -0.566759
0.072 -0.579891
0.072 -0.579891
0.0720595 2.53167
0.0721253 2.51877
0.0721982 2.50449
0.0722789 2.48867
0.0723683 2.47117
0.0724672 2.45179
0.0725767 2.43033
0.072698 2.40657
0.0728323 2.38027
0.0729809 2.35114
0.0731455 2.3189
0.0733277 2.28321
0.0735294 2.24369
0.0737527 2.19993
0.074 3.05149
0.074 3.05149
0.0742427 3.02962
0.0744984 3.00658
0.0747678 2.98231
0.0750516 2.95674
0.0753506 2.9298
0.0756656 2.90141
0.0759976 2.87151
0.0763473 2.84
0.0767157 2.80681
0.0771039 2.77183
0.0775128 2.73498
0.0779437 2.69616
0.0783977 2.65526
0.0788759 2.61217
0.0793798 2.56677
0.0799107 2.51894
0.0804701 2.46854
0.0810594 2.41544
0.0816802 2.3595
0.0823344 2.30057
0.0830235 2.23847
0.0837496 2.17305
0.0845146 2.10413
0.0853206 2.03151
0.0861697 1.955
0.0870644 1.8744
0.0880069 1.78947
0.089 1.7
0.089 0
0.0900551 0
0.0917786 0
0.0945935 0
0.0991911 0
0.106701 0
0.118966 0
0.139 0
