Conduction Band Energy vs Depth
87 2 2
Depth
Conduction Band Energy
0 3.10977
0.0200101 3.10977
0.0343543 3.10977
0.0446368 3.10977
0.0520079 3.10977
0.0572917 3.10977
0.0610795 3.10977
0.0637947 3.10977
0.0657411 3.10977
0.0671363 3.10977
0.0681365 3.10977
0.0688535 3.10977
0.0693675 3.10977
0.0697359 3.10977
0.07 -0.0134374
0.07 -0.0134374
0.0702481 -0.0137566
0.0704686 -0.0145799
0.0706647 -0.0157451
0.0708389 -0.0171317
0.0709938 -0.0186491
0.0711315 -0.0202301
0.0712539 -0.0218247
0.0713627 -0.0233964
0.0714594 -0.0249192
0.0715453 -0.0263751
0.0716217 -0.0277523
0.0716896 -0.0290438
0.07175 -0.0302464
0.07175 -0.0302464
0.0718125 -0.0315657
0.071875 -0.0329619
0.0719375 -0.0344366
0.072 -0.0359912
0.072 -0.0359912
0.0720595 3.0873
0.0721253 3.0874
0.0721982 3.0875
0.0722789 3.08762
0.0723683 3.08775
0.0724672 3.08789
0.0725767 3.08805
0.072698 3.08822
0.0728323 3.08841
0.0729809 3.08863
0.0731455 3.08886
0.0733277 3.08913
0.0735294 3.08942
0.0737527 3.08974
0.074 3.99009
0.074 3.99009
0.0742427 3.99025
0.0744984 3.99042
0.0747678 3.9906
0.0750516 3.99079
0.0753506 3.99098
0.0756656 3.99119
0.0759976 3.99141
0.0763473 3.99164
0.0767157 3.99189
0.0771039 3.99214
0.0775128 3.99241
0.0779437 3.9927
0.0783977 3.993
0.0788759 3.99331
0.0793798 3.99365
0.0799107 3.994
0.0804701 3.99437
0.0810594 3.99475
0.0816802 3.99516
0.0823344 3.9956
0.0830235 3.99605
0.0837496 3.99653
0.0845146 3.99704
0.0853206 3.99757
0.0861697 3.99813
0.0870644 3.99872
0.0880069 3.99934
0.089 4
0.089 0
0.0900551 0
0.0917786 0
0.0945935 0
0.0991911 0
0.106701 0
0.118966 0
0.139 0
