Probe chan_n vs gate bias
76 2 2
gate bias
Probe chan_n
-3 2.63642e-038
-2.8 2.71767e-036
-2.6 6.04231e-033
-2.4 1.3837e-029
-2.2 3.16643e-026
-2 6.25436e-023
-1.8 1.37079e-019
-1.6 3.13911e-016
-1.4 7.18011e-013
-1.2 1.02657e-009
-1 2.28381e-006
-0.95 1.57985e-005
-0.9 0.000109287
-0.85 0.000756004
-0.8 0.00522972
-0.75 0.036177
-0.7 0.250256
-0.65 1.73116
-0.6 11.9754
-0.55 82.8393
-0.5 573.024
-0.45 3963.46
-0.4 27409
-0.35 189470
-0.3 1.3089e+006
-0.25 9.03469e+006
-0.2 6.23055e+007
-0.15 4.2915e+008
-0.1 2.94676e+009
-0.05 2.00593e+010
-4.24783e-016 1.34012e+011
0.05 8.69408e+011
0.1 5.45149e+012
0.15 3.2972e+013
0.2 1.87637e+014
0.25 9.22754e+014
0.3 3.48523e+015
0.35 9.73522e+015
0.4 2.12748e+016
0.45 3.91604e+016
0.5 6.41554e+016
0.55 9.69761e+016
0.6 1.38435e+017
0.65 1.89527e+017
0.7 2.51499e+017
0.75 3.25897e+017
0.8 4.14609e+017
0.85 5.1988e+017
0.9 6.44294e+017
0.95 7.90723e+017
1 9.62257e+017
1.05 1.16209e+018
1.1 1.39329e+018
1.15 1.65855e+018
1.2 1.95994e+018
1.25 2.2988e+018
1.3 2.67573e+018
1.35 3.09062e+018
1.4 3.54278e+018
1.45 4.03108e+018
1.5 4.5541e+018
1.6 5.69805e+018
1.7 6.96204e+018
1.8 8.33408e+018
1.9 9.80261e+018
2 1.1356e+019
2.1 1.29825e+019
2.2 1.46708e+019
2.3 1.64106e+019
2.4 1.81925e+019
2.5 2.00089e+019
2.6 2.18532e+019
2.7 2.37201e+019
2.8 2.56053e+019
2.9 2.75051e+019
3 2.94169e+019
