Probe chan_mob vs gate bias
76 2 2
gate bias
Probe chan_mob
-3 12.977
-2.8 12.977
-2.6 12.977
-2.4 12.977
-2.2 12.977
-2 12.977
-1.8 12.977
-1.6 12.977
-1.4 12.977
-1.2 12.977
-1 12.977
-0.95 12.977
-0.9 12.977
-0.85 12.977
-0.8 12.977
-0.75 12.977
-0.7 12.977
-0.65 12.977
-0.6 12.977
-0.55 12.977
-0.5 12.977
-0.45 12.977
-0.4 12.977
-0.35 12.977
-0.3 12.977
-0.25 12.977
-0.2 12.977
-0.15 12.977
-0.1 12.977
-0.05 12.977
-4.24783e-016 12.977
0.05 12.977
0.1 12.977
0.15 12.977
0.2 12.977
0.25 12.977
0.3 12.977
0.35 12.977
0.4 12.977
0.45 12.977
0.5 12.977
0.55 12.977
0.6 12.977
0.65 12.977
0.7 12.977
0.75 12.977
0.8 12.977
0.85 12.977
0.9 12.977
0.95 12.977
1 12.977
1.05 12.977
1.1 12.977
1.15 12.977
1.2 12.977
1.25 12.977
1.3 12.977
1.35 12.977
1.4 12.977
1.45 12.977
1.5 12.977
1.6 12.977
1.7 12.977
1.8 12.977
1.9 12.977
2 12.977
2.1 12.977
2.2 12.977
2.3 12.977
2.4 12.977
2.5 12.977
2.6 12.977
2.7 12.977
2.8 12.977
2.9 12.977
3 12.977
