v ATLAS
# This file was created by ATLAS version 5.28.1.R on Tue Oct 06 02:10:19 2026.
#SSF 2.0 generic
##############################################################################
#                    Copyright (c) 1984 - 2019                               #
#                    Silvaco Inc. All rights reserved                        #
#                                                                            #
# This file format and the following Key are copyright Silvaco Inc.          #
# You may not use, this format or key without reproducing this message in    #
# full and obtaining express written permission from Silvaco Inc.            #
#                                                                            #
# To obtain such permission please contact: Silvaco Inc.                     #
#                                           support@silvaco.com              #
#                                                                            #
# KEY=SVC86hn7562asdx                       PROD=345                         #
##############################################################################
p 4 77 79 78 206
d  0.000000e+000 0.000000e+000 0.000000e+000 0.000000e+000
d  1.769895e-002 0.000000e+000 0.000000e+000 0.000000e+000
d  3.539791e-002 0.000000e+000 0.000000e+000 0.000000e+000
d  5.309686e-002 0.000000e+000 0.000000e+000 0.000000e+000
d  7.079581e-002 0.000000e+000 0.000000e+000 0.000000e+000
d  8.849476e-002 0.000000e+000 0.000000e+000 0.000000e+000
d  1.061937e-001 0.000000e+000 0.000000e+000 0.000000e+000
d  1.238927e-001 0.000000e+000 0.000000e+000 0.000000e+000
d  1.415916e-001 0.000000e+000 0.000000e+000 0.000000e+000
d  1.592906e-001 0.000000e+000 0.000000e+000 0.000000e+000
d  1.769895e-001 0.000000e+000 0.000000e+000 0.000000e+000
d  1.946885e-001 0.000000e+000 0.000000e+000 0.000000e+000
d  2.123874e-001 0.000000e+000 0.000000e+000 0.000000e+000
d  2.300864e-001 0.000000e+000 0.000000e+000 0.000000e+000
d  2.477853e-001 0.000000e+000 0.000000e+000 0.000000e+000
d  2.654843e-001 0.000000e+000 0.000000e+000 0.000000e+000
d  2.831832e-001 0.000000e+000 0.000000e+000 0.000000e+000
d  3.008822e-001 0.000000e+000 0.000000e+000 0.000000e+000
d  3.185812e-001 0.000000e+000 0.000000e+000 0.000000e+000
d  3.362801e-001 0.000000e+000 0.000000e+000 0.000000e+000
d  3.539791e-001 0.000000e+000 0.000000e+000 0.000000e+000
d  3.716780e-001 0.000000e+000 0.000000e+000 0.000000e+000
d  3.893770e-001 0.000000e+000 0.000000e+000 0.000000e+000
d  4.070759e-001 0.000000e+000 0.000000e+000 0.000000e+000
d  4.247749e-001 0.000000e+000 0.000000e+000 0.000000e+000
d  4.424738e-001 0.000000e+000 0.000000e+000 0.000000e+000
d  4.601728e-001 0.000000e+000 0.000000e+000 0.000000e+000
d  4.778717e-001 0.000000e+000 0.000000e+000 0.000000e+000
d  4.955707e-001 0.000000e+000 0.000000e+000 0.000000e+000
d  5.132696e-001 0.000000e+000 0.000000e+000 0.000000e+000
d  5.309686e-001 0.000000e+000 0.000000e+000 0.000000e+000
d  5.486675e-001 0.000000e+000 0.000000e+000 0.000000e+000
d  5.663665e-001 0.000000e+000 0.000000e+000 0.000000e+000
d  5.840654e-001 0.000000e+000 0.000000e+000 0.000000e+000
d  6.017644e-001 0.000000e+000 0.000000e+000 0.000000e+000
d  6.194634e-001 0.000000e+000 0.000000e+000 0.000000e+000
d  6.371623e-001 0.000000e+000 0.000000e+000 0.000000e+000
d  6.548613e-001 0.000000e+000 0.000000e+000 0.000000e+000
d  6.725602e-001 0.000000e+000 0.000000e+000 0.000000e+000
d  6.902592e-001 0.000000e+000 0.000000e+000 0.000000e+000
d  7.079581e-001 0.000000e+000 0.000000e+000 0.000000e+000
d  7.256571e-001 0.000000e+000 0.000000e+000 0.000000e+000
d  7.433560e-001 0.000000e+000 0.000000e+000 0.000000e+000
d  7.610550e-001 0.000000e+000 0.000000e+000 0.000000e+000
d  7.787539e-001 0.000000e+000 0.000000e+000 0.000000e+000
d  7.964529e-001 0.000000e+000 0.000000e+000 0.000000e+000
d  8.141518e-001 0.000000e+000 0.000000e+000 0.000000e+000
d  8.318508e-001 0.000000e+000 0.000000e+000 0.000000e+000
d  8.495497e-001 0.000000e+000 0.000000e+000 0.000000e+000
d  8.672487e-001 0.000000e+000 0.000000e+000 0.000000e+000
d  8.849476e-001 0.000000e+000 0.000000e+000 0.000000e+000
d  9.026466e-001 0.000000e+000 0.000000e+000 0.000000e+000
d  9.203455e-001 0.000000e+000 0.000000e+000 0.000000e+000
d  9.380445e-001 0.000000e+000 0.000000e+000 0.000000e+000
d  9.557435e-001 0.000000e+000 0.000000e+000 0.000000e+000
d  9.734424e-001 0.000000e+000 0.000000e+000 0.000000e+000
d  9.911414e-001 0.000000e+000 0.000000e+000 0.000000e+000
d  1.008840e+000 0.000000e+000 0.000000e+000 0.000000e+000
d  1.026539e+000 0.000000e+000 0.000000e+000 0.000000e+000
d  1.044238e+000 0.000000e+000 0.000000e+000 0.000000e+000
d  1.061937e+000 0.000000e+000 0.000000e+000 0.000000e+000
d  1.079636e+000 0.000000e+000 0.000000e+000 0.000000e+000
d  1.097335e+000 0.000000e+000 0.000000e+000 0.000000e+000
d  1.115034e+000 0.000000e+000 0.000000e+000 0.000000e+000
d  1.132733e+000 0.000000e+000 0.000000e+000 0.000000e+000
d  1.150432e+000 0.000000e+000 0.000000e+000 0.000000e+000
d  1.168131e+000 0.000000e+000 0.000000e+000 0.000000e+000
d  1.185830e+000 0.000000e+000 0.000000e+000 0.000000e+000
d  1.203529e+000 0.000000e+000 0.000000e+000 0.000000e+000
d  1.221228e+000 0.000000e+000 0.000000e+000 0.000000e+000
d  1.238927e+000 0.000000e+000 0.000000e+000 0.000000e+000
d  1.256626e+000 0.000000e+000 0.000000e+000 0.000000e+000
d  1.274325e+000 0.000000e+000 0.000000e+000 0.000000e+000
d  1.292024e+000 0.000000e+000 0.000000e+000 0.000000e+000
d  1.309723e+000 0.000000e+000 0.000000e+000 0.000000e+000
d  1.327421e+000 0.000000e+000 0.000000e+000 0.000000e+000
d  1.345120e+000 0.000000e+000 0.000000e+000 0.000000e+000
d  1.362819e+000 0.000000e+000 0.000000e+000 0.000000e+000
d  1.380518e+000 0.000000e+000 0.000000e+000 0.000000e+000
d  1.398217e+000 0.000000e+000 0.000000e+000 0.000000e+000
d  1.415916e+000 0.000000e+000 0.000000e+000 0.000000e+000
d  1.433615e+000 0.000000e+000 0.000000e+000 0.000000e+000
d  1.451314e+000 0.000000e+000 0.000000e+000 0.000000e+000
d  1.469013e+000 0.000000e+000 0.000000e+000 0.000000e+000
d  1.486712e+000 0.000000e+000 0.000000e+000 0.000000e+000
d  1.504411e+000 0.000000e+000 0.000000e+000 0.000000e+000
d  1.522110e+000 0.000000e+000 0.000000e+000 0.000000e+000
d  1.539809e+000 0.000000e+000 0.000000e+000 0.000000e+000
d  1.557508e+000 0.000000e+000 0.000000e+000 0.000000e+000
d  1.575207e+000 0.000000e+000 0.000000e+000 0.000000e+000
d  1.592906e+000 0.000000e+000 0.000000e+000 0.000000e+000
d  1.610605e+000 0.000000e+000 0.000000e+000 0.000000e+000
d  1.628304e+000 0.000000e+000 0.000000e+000 0.000000e+000
d  1.646003e+000 0.000000e+000 0.000000e+000 0.000000e+000
d  1.663702e+000 0.000000e+000 0.000000e+000 0.000000e+000
d  1.681401e+000 0.000000e+000 0.000000e+000 0.000000e+000
d  1.699099e+000 0.000000e+000 0.000000e+000 0.000000e+000
d  1.716798e+000 0.000000e+000 0.000000e+000 0.000000e+000
d  1.734497e+000 0.000000e+000 0.000000e+000 0.000000e+000
d  1.752196e+000 0.000000e+000 0.000000e+000 0.000000e+000
d  1.769895e+000 0.000000e+000 0.000000e+000 0.000000e+000
d  1.787594e+000 0.000000e+000 0.000000e+000 0.000000e+000
d  1.805293e+000 0.000000e+000 0.000000e+000 0.000000e+000
d  1.822992e+000 0.000000e+000 0.000000e+000 0.000000e+000
d  1.840691e+000 0.000000e+000 0.000000e+000 0.000000e+000
d  1.858390e+000 0.000000e+000 0.000000e+000 0.000000e+000
d  1.876089e+000 0.000000e+000 0.000000e+000 0.000000e+000
d  1.893788e+000 0.000000e+000 0.000000e+000 0.000000e+000
d  1.911487e+000 0.000000e+000 0.000000e+000 0.000000e+000
d  1.929186e+000 0.000000e+000 0.000000e+000 0.000000e+000
d  1.946885e+000 0.000000e+000 0.000000e+000 0.000000e+000
d  1.964584e+000 0.000000e+000 0.000000e+000 0.000000e+000
d  1.982283e+000 0.000000e+000 0.000000e+000 0.000000e+000
d  1.999982e+000 0.000000e+000 0.000000e+000 0.000000e+000
d  2.017681e+000 0.000000e+000 0.000000e+000 0.000000e+000
d  2.035380e+000 0.000000e+000 0.000000e+000 0.000000e+000
d  2.053079e+000 0.000000e+000 0.000000e+000 0.000000e+000
d  2.070777e+000 0.000000e+000 0.000000e+000 0.000000e+000
d  2.088476e+000 0.000000e+000 0.000000e+000 0.000000e+000
d  2.106175e+000 0.000000e+000 0.000000e+000 0.000000e+000
d  2.123874e+000 0.000000e+000 0.000000e+000 0.000000e+000
d  2.141573e+000 0.000000e+000 0.000000e+000 0.000000e+000
d  2.159272e+000 0.000000e+000 0.000000e+000 0.000000e+000
d  2.176971e+000 0.000000e+000 0.000000e+000 0.000000e+000
d  2.194670e+000 0.000000e+000 0.000000e+000 0.000000e+000
d  2.212369e+000 0.000000e+000 0.000000e+000 0.000000e+000
d  2.230068e+000 0.000000e+000 0.000000e+000 0.000000e+000
d  2.247767e+000 0.000000e+000 0.000000e+000 0.000000e+000
d  2.265466e+000 0.000000e+000 0.000000e+000 0.000000e+000
d  2.283165e+000 0.000000e+000 0.000000e+000 0.000000e+000
d  2.300864e+000 0.000000e+000 0.000000e+000 0.000000e+000
d  2.318563e+000 0.000000e+000 0.000000e+000 0.000000e+000
d  2.336262e+000 0.000000e+000 0.000000e+000 0.000000e+000
d  2.353961e+000 0.000000e+000 0.000000e+000 0.000000e+000
d  2.371660e+000 0.000000e+000 0.000000e+000 0.000000e+000
d  2.389359e+000 0.000000e+000 0.000000e+000 0.000000e+000
d  2.407058e+000 0.000000e+000 0.000000e+000 0.000000e+000
d  2.424757e+000 0.000000e+000 0.000000e+000 0.000000e+000
d  2.442455e+000 0.000000e+000 0.000000e+000 0.000000e+000
d  2.460154e+000 0.000000e+000 0.000000e+000 0.000000e+000
d  2.477853e+000 0.000000e+000 0.000000e+000 0.000000e+000
d  2.495552e+000 0.000000e+000 0.000000e+000 0.000000e+000
d  2.513251e+000 0.000000e+000 0.000000e+000 0.000000e+000
d  2.530950e+000 0.000000e+000 0.000000e+000 0.000000e+000
d  2.548649e+000 0.000000e+000 0.000000e+000 0.000000e+000
d  2.566348e+000 0.000000e+000 0.000000e+000 0.000000e+000
d  2.584047e+000 0.000000e+000 0.000000e+000 0.000000e+000
d  2.601746e+000 0.000000e+000 0.000000e+000 0.000000e+000
d  2.619445e+000 0.000000e+000 0.000000e+000 0.000000e+000
d  2.637144e+000 0.000000e+000 0.000000e+000 0.000000e+000
d  2.654843e+000 0.000000e+000 0.000000e+000 0.000000e+000
d  2.672542e+000 0.000000e+000 0.000000e+000 0.000000e+000
d  2.690241e+000 0.000000e+000 0.000000e+000 0.000000e+000
d  2.707940e+000 0.000000e+000 0.000000e+000 0.000000e+000
d  2.725639e+000 0.000000e+000 0.000000e+000 0.000000e+000
d  2.743338e+000 0.000000e+000 0.000000e+000 0.000000e+000
d  2.761037e+000 0.000000e+000 0.000000e+000 0.000000e+000
d  2.778736e+000 0.000000e+000 0.000000e+000 0.000000e+000
d  2.796435e+000 0.000000e+000 0.000000e+000 0.000000e+000
d  2.814134e+000 0.000000e+000 0.000000e+000 0.000000e+000
d  2.831832e+000 0.000000e+000 0.000000e+000 0.000000e+000
d  2.849531e+000 0.000000e+000 0.000000e+000 0.000000e+000
d  2.867230e+000 0.000000e+000 0.000000e+000 0.000000e+000
d  2.884929e+000 0.000000e+000 0.000000e+000 0.000000e+000
d  2.902628e+000 0.000000e+000 0.000000e+000 0.000000e+000
d  2.920327e+000 0.000000e+000 0.000000e+000 0.000000e+000
d  2.938026e+000 0.000000e+000 0.000000e+000 0.000000e+000
d  2.955725e+000 0.000000e+000 0.000000e+000 0.000000e+000
d  2.973424e+000 0.000000e+000 0.000000e+000 0.000000e+000
d  2.991123e+000 0.000000e+000 0.000000e+000 0.000000e+000
d  3.008822e+000 0.000000e+000 0.000000e+000 0.000000e+000
d  3.026521e+000 0.000000e+000 0.000000e+000 0.000000e+000
d  3.044220e+000 0.000000e+000 0.000000e+000 0.000000e+000
d  3.061919e+000 0.000000e+000 0.000000e+000 0.000000e+000
d  3.079618e+000 0.000000e+000 0.000000e+000 0.000000e+000
d  3.097317e+000 0.000000e+000 0.000000e+000 0.000000e+000
d  3.115016e+000 0.000000e+000 0.000000e+000 0.000000e+000
d  3.132715e+000 0.000000e+000 0.000000e+000 0.000000e+000
d  3.150414e+000 0.000000e+000 0.000000e+000 0.000000e+000
d  3.168113e+000 0.000000e+000 0.000000e+000 0.000000e+000
d  3.185812e+000 0.000000e+000 0.000000e+000 0.000000e+000
d  3.203510e+000 0.000000e+000 0.000000e+000 0.000000e+000
d  3.221209e+000 0.000000e+000 0.000000e+000 0.000000e+000
d  3.238908e+000 0.000000e+000 0.000000e+000 0.000000e+000
d  3.256607e+000 0.000000e+000 0.000000e+000 0.000000e+000
d  3.274306e+000 0.000000e+000 0.000000e+000 0.000000e+000
d  3.292005e+000 0.000000e+000 0.000000e+000 0.000000e+000
d  3.309704e+000 0.000000e+000 0.000000e+000 0.000000e+000
d  3.327403e+000 0.000000e+000 0.000000e+000 0.000000e+000
d  3.345102e+000 0.000000e+000 0.000000e+000 0.000000e+000
d  3.362801e+000 0.000000e+000 0.000000e+000 0.000000e+000
d  3.380500e+000 0.000000e+000 0.000000e+000 0.000000e+000
