drain current vs gate bias
76 2 2
gate bias
drain current
-3 -3.14816e-019
-2.8 -6.66807e-019
-2.6 3.40697e-019
-2.4 -9.02095e-019
-2.2 -2.76699e-019
-2 1.57737e-018
-1.8 3.35992e-019
-1.6 -5.11987e-019
-1.4 -1.56702e-018
-1.2 -3.85873e-019
-1 1.93407e-018
-0.95 3.78343e-019
-0.9 -1.26114e-019
-0.85 1.21032e-018
-0.8 -3.71755e-019
-0.75 6.58807e-019
-0.7 -1.2715e-018
-0.65 -2.04795e-018
-0.6 -2.91004e-018
-0.55 1.0635e-018
-0.5 -3.1491e-018
-0.45 -2.91381e-018
-0.4 -7.71742e-019
-0.35 -3.7213e-018
-0.3 1.01659e-018
-0.25 2.19363e-019
-0.2 -1.30504e-018
-0.15 -1.5791e-018
-0.1 2.5176e-018
-0.05 1.99404e-017
-4.24783e-016 1.46093e-016
0.05 9.63921e-016
0.1 6.15257e-015
0.15 3.79222e-014
0.2 2.22223e-013
0.25 1.16791e-012
0.3 5.01511e-012
0.35 1.67277e-011
0.4 4.43458e-011
0.45 9.84076e-011
0.5 1.91573e-010
0.55 3.38699e-010
0.6 5.57239e-010
0.65 8.67842e-010
0.7 1.29511e-009
0.75 1.86844e-009
0.8 2.62281e-009
0.85 3.59947e-009
0.9 4.8461e-009
0.95 6.41629e-009
1 8.36781e-009
1.05 1.07601e-008
1.1 1.36521e-008
1.15 1.71007e-008
1.2 2.11593e-008
1.25 2.58765e-008
1.3 3.12943e-008
1.35 3.74466e-008
1.4 4.43587e-008
1.45 5.20456e-008
1.5 6.05119e-008
1.6 7.97462e-008
1.7 1.01885e-007
1.8 1.26613e-007
1.9 1.53534e-007
2 1.8224e-007
2.1 2.12359e-007
2.2 2.43582e-007
2.3 2.75664e-007
2.4 3.08418e-007
2.5 3.41703e-007
2.6 3.75415e-007
2.7 4.09473e-007
2.8 4.43816e-007
2.9 4.78398e-007
3 5.13183e-007
