source current vs gate bias
76 2 2
gate bias
source current
-3 1.75525e-019
-2.8 -1.29409e-019
-2.6 7.95274e-020
-2.4 6.87983e-019
-2.2 -7.45393e-019
-2 4.42342e-020
-1.8 7.15276e-020
-1.6 3.57732e-018
-1.4 7.03606e-018
-1.2 1.69332e-017
-1 3.95284e-019
-0.95 1.93877e-019
-0.9 5.42104e-019
-0.85 -2.33406e-019
-0.8 9.90093e-019
-0.75 -6.83277e-019
-0.7 -1.21785e-018
-0.65 -4.14107e-019
-0.6 -9.41153e-020
-0.55 -7.94333e-019
-0.5 4.36695e-019
-0.45 4.66811e-019
-0.4 2.67285e-019
-0.35 1.44919e-019
-0.3 1.74928e-019
-0.25 6.20298e-019
-0.2 1.7296e-018
-0.15 -1.9822e-019
-0.1 -3.2016e-018
-0.05 -2.1047e-017
-4.24783e-016 -1.48003e-016
0.05 -9.66119e-016
0.1 -6.15426e-015
0.15 -3.79226e-014
0.2 -2.22227e-013
0.25 -1.16791e-012
0.3 -5.01511e-012
0.35 -1.67277e-011
0.4 -4.43459e-011
0.45 -9.84076e-011
0.5 -1.91573e-010
0.55 -3.38699e-010
0.6 -5.57239e-010
0.65 -8.67842e-010
0.7 -1.29511e-009
0.75 -1.86844e-009
0.8 -2.62281e-009
0.85 -3.59947e-009
0.9 -4.8461e-009
0.95 -6.41629e-009
1 -8.36781e-009
1.05 -1.07601e-008
1.1 -1.36521e-008
1.15 -1.71007e-008
1.2 -2.11593e-008
1.25 -2.58765e-008
1.3 -3.12943e-008
1.35 -3.74466e-008
1.4 -4.43587e-008
1.45 -5.20456e-008
1.5 -6.05119e-008
1.6 -7.97462e-008
1.7 -1.01885e-007
1.8 -1.26613e-007
1.9 -1.53534e-007
2 -1.8224e-007
2.1 -2.12359e-007
2.2 -2.43582e-007
2.3 -2.75664e-007
2.4 -3.08418e-007
2.5 -3.41703e-007
2.6 -3.75415e-007
2.7 -4.09473e-007
2.8 -4.43816e-007
2.9 -4.78398e-007
3 -5.13183e-007
