Valence Band Energy vs Depth
87 2 2
Depth
Valence Band Energy
0 -5.45549
0.0200101 -5.45549
0.0343543 -5.45549
0.0446368 -5.45549
0.0520079 -5.45549
0.0572917 -5.45549
0.0610795 -5.45549
0.0637947 -5.45549
0.0657411 -5.45549
0.0671363 -5.45549
0.0681365 -5.45549
0.0688535 -5.45549
0.0693675 -5.45549
0.0697359 -5.45549
0.07 -2.9592
0.07 -2.9592
0.0702481 -2.95919
0.0704686 -2.95915
0.0706647 -2.9591
0.0708389 -2.95904
0.0709938 -2.95897
0.0711315 -2.95891
0.0712539 -2.95884
0.0713627 -2.95877
0.0714594 -2.95871
0.0715453 -2.95865
0.0716217 -2.9586
0.0716896 -2.95854
0.07175 -2.9585
0.07175 -2.9585
0.0718125 -2.95845
0.071875 -2.9584
0.0719375 -2.95835
0.072 -2.9583
0.072 -2.9583
0.0720595 -5.45289
0.0721253 -5.45101
0.0721982 -5.44892
0.0722789 -5.44661
0.0723683 -5.44406
0.0724672 -5.44122
0.0725767 -5.43809
0.072698 -5.43462
0.0728323 -5.43078
0.0729809 -5.42653
0.0731455 -5.42182
0.0733277 -5.41661
0.0735294 -5.41083
0.0737527 -5.40444
0.074 -1.19737
0.074 -1.19737
0.0742427 -1.19418
0.0744984 -1.19081
0.0747678 -1.18727
0.0750516 -1.18353
0.0753506 -1.1796
0.0756656 -1.17545
0.0759976 -1.17109
0.0763473 -1.16648
0.0767157 -1.16164
0.0771039 -1.15653
0.0775128 -1.15115
0.0779437 -1.14548
0.0783977 -1.13951
0.0788759 -1.13321
0.0793798 -1.12658
0.0799107 -1.1196
0.0804701 -1.11224
0.0810594 -1.10448
0.0816802 -1.09631
0.0823344 -1.08771
0.0830235 -1.07864
0.0837496 -1.06908
0.0845146 -1.05902
0.0853206 -1.04841
0.0861697 -1.03724
0.0870644 -1.02547
0.0880069 -1.01307
0.089 -1
0.089 0
0.0900551 0
0.0917786 0
0.0945935 0
0.0991911 0
0.106701 0
0.118966 0
0.139 0
