Valence Band Energy vs Depth
87 2 2
Depth
Valence Band Energy
0 -6.28008
0.0200101 -6.28008
0.0343543 -6.28008
0.0446368 -6.28008
0.0520079 -6.28008
0.0572917 -6.28008
0.0610795 -6.28008
0.0637947 -6.28008
0.0657411 -6.28008
0.0671363 -6.28008
0.0681365 -6.28008
0.0688535 -6.28008
0.0693675 -6.28008
0.0697359 -6.28008
0.07 -3.78379
0.07 -3.78379
0.0702481 -3.78602
0.0704686 -3.79179
0.0706647 -3.80006
0.0708389 -3.81003
0.0709938 -3.82112
0.0711315 -3.83286
0.0712539 -3.84492
0.0713627 -3.85701
0.0714594 -3.86893
0.0715453 -3.88051
0.0716217 -3.89164
0.0716896 -3.90223
0.07175 -3.91223
0.07175 -3.91223
0.0718125 -3.92322
0.071875 -3.93488
0.0719375 -3.94726
0.072 -3.96039
0.072 -3.96039
0.0720595 -6.46833
0.0721253 -6.48123
0.0721982 -6.49551
0.0722789 -6.51133
0.0723683 -6.52883
0.0724672 -6.54821
0.0725767 -6.56967
0.072698 -6.59343
0.0728323 -6.61973
0.0729809 -6.64886
0.0731455 -6.6811
0.0733277 -6.71679
0.0735294 -6.75631
0.0737527 -6.80007
0.074 -2.64851
0.074 -2.64851
0.0742427 -2.67038
0.0744984 -2.69342
0.0747678 -2.71769
0.0750516 -2.74326
0.0753506 -2.7702
0.0756656 -2.79859
0.0759976 -2.82849
0.0763473 -2.86
0.0767157 -2.89319
0.0771039 -2.92817
0.0775128 -2.96502
0.0779437 -3.00384
0.0783977 -3.04474
0.0788759 -3.08783
0.0793798 -3.13323
0.0799107 -3.18106
0.0804701 -3.23146
0.0810594 -3.28456
0.0816802 -3.3405
0.0823344 -3.39943
0.0830235 -3.46153
0.0837496 -3.52695
0.0845146 -3.59587
0.0853206 -3.66849
0.0861697 -3.745
0.0870644 -3.8256
0.0880069 -3.91053
0.089 -4
0.089 0
0.0900551 0
0.0917786 0
0.0945935 0
0.0991911 0
0.106701 0
0.118966 0
0.139 0
