Valence Band Energy vs Depth
87 2 2
Depth
Valence Band Energy
0 -5.89023
0.0200101 -5.89023
0.0343543 -5.89023
0.0446368 -5.89023
0.0520079 -5.89023
0.0572917 -5.89023
0.0610795 -5.89023
0.0637947 -5.89023
0.0657411 -5.89023
0.0671363 -5.89023
0.0681365 -5.89023
0.0688535 -5.89023
0.0693675 -5.89023
0.0697359 -5.89023
0.07 -3.39394
0.07 -3.39394
0.0702481 -3.39426
0.0704686 -3.39508
0.0706647 -3.39625
0.0708389 -3.39763
0.0709938 -3.39915
0.0711315 -3.40073
0.0712539 -3.40232
0.0713627 -3.4039
0.0714594 -3.40542
0.0715453 -3.40688
0.0716217 -3.40825
0.0716896 -3.40954
0.07175 -3.41075
0.07175 -3.41075
0.0718125 -3.41207
0.071875 -3.41346
0.0719375 -3.41494
0.072 -3.41649
0.072 -3.41649
0.0720595 -5.9127
0.0721253 -5.9126
0.0721982 -5.9125
0.0722789 -5.91238
0.0723683 -5.91225
0.0724672 -5.91211
0.0725767 -5.91195
0.072698 -5.91178
0.0728323 -5.91159
0.0729809 -5.91137
0.0731455 -5.91114
0.0733277 -5.91087
0.0735294 -5.91058
0.0737527 -5.91026
0.074 -1.70991
0.074 -1.70991
0.0742427 -1.70975
0.0744984 -1.70958
0.0747678 -1.7094
0.0750516 -1.70921
0.0753506 -1.70902
0.0756656 -1.70881
0.0759976 -1.70859
0.0763473 -1.70836
0.0767157 -1.70811
0.0771039 -1.70786
0.0775128 -1.70759
0.0779437 -1.7073
0.0783977 -1.707
0.0788759 -1.70669
0.0793798 -1.70635
0.0799107 -1.706
0.0804701 -1.70563
0.0810594 -1.70525
0.0816802 -1.70484
0.0823344 -1.7044
0.0830235 -1.70395
0.0837496 -1.70347
0.0845146 -1.70296
0.0853206 -1.70243
0.0861697 -1.70187
0.0870644 -1.70128
0.0880069 -1.70066
0.089 -1.7
0.089 0
0.0900551 0
0.0917786 0
0.0945935 0
0.0991911 0
0.106701 0
0.118966 0
0.139 0
