Probe bulk_back_electrons vs gate bias
121 2 2
gate bias
Probe bulk_back_electrons
-3 2.4292e-032
-2.95 2.55064e-032
-2.9 2.70218e-032
-2.85 2.8976e-032
-2.8 3.16029e-032
-2.75 3.5329e-032
-2.7 4.10063e-032
-2.65 5.05599e-032
-2.6 6.91551e-032
-2.55 1.14596e-031
-2.5 2.73532e-031
-2.45 1.12544e-030
-2.4 6.81634e-030
-2.35 4.61189e-029
-2.3 3.17998e-028
-2.25 2.19876e-027
-2.2 1.5208e-026
-2.15 1.0465e-025
-2.1 6.96626e-025
-2.05 4.48984e-024
-2 2.95233e-023
-1.95 2.00026e-022
-1.9 1.37449e-021
-1.85 9.48959e-021
-1.8 6.56097e-020
-1.75 4.53802e-019
-1.7 3.13919e-018
-1.65 2.17161e-017
-1.6 1.50229e-016
-1.55 1.03926e-015
-1.5 7.18944e-015
-1.45 4.97355e-014
-1.4 3.44063e-013
-1.35 2.38017e-012
-1.3 1.64652e-011
-1.25 1.13878e-010
-1.2 7.86554e-010
-1.15 5.38296e-009
-1.1 3.47942e-008
-1.05 1.89543e-007
-1 1.1117e-006
-0.95 7.55837e-006
-0.9 5.22542e-005
-0.85 0.000361465
-0.8 0.00250044
-0.75 0.0172968
-0.7 0.11965
-0.65 0.827646
-0.6 5.72487
-0.55 39.6013
-0.5 273.939
-0.45 1894.95
-0.4 13108.1
-0.35 90673.2
-0.3 627215
-0.25 4.33861e+006
-0.2 3.0011e+007
-0.15 2.07584e+008
-0.1 1.43571e+009
-0.05 9.92668e+009
0 6.85604e+010
0.05 4.71777e+011
0.1 3.20579e+012
0.15 2.09088e+013
0.2 1.2128e+014
0.25 5.47251e+014
0.3 1.74345e+015
0.35 4.03585e+015
0.4 7.41892e+015
0.45 1.16881e+016
0.5 1.65992e+016
0.55 2.19391e+016
0.6 2.7543e+016
0.65 3.32918e+016
0.7 3.91038e+016
0.75 4.49253e+016
0.8 5.07228e+016
0.85 5.64765e+016
0.9 6.2175e+016
0.95 6.78127e+016
1 7.3387e+016
1.05 7.88954e+016
1.1 8.43336e+016
1.15 8.96953e+016
1.2 9.49741e+016
1.25 1.00165e+017
1.3 1.05266e+017
1.35 1.10277e+017
1.4 1.152e+017
1.45 1.20039e+017
1.5 1.24801e+017
1.55 1.29492e+017
1.6 1.34119e+017
1.65 1.3869e+017
1.7 1.4321e+017
1.75 1.47686e+017
1.8 1.52122e+017
1.85 1.56522e+017
1.9 1.60889e+017
1.95 1.65225e+017
2 1.69531e+017
2.05 1.73808e+017
2.1 1.78056e+017
2.15 1.82276e+017
2.2 1.86468e+017
2.25 1.90631e+017
2.3 1.94767e+017
2.35 1.98874e+017
2.4 2.02953e+017
2.45 2.07004e+017
2.5 2.11028e+017
2.55 2.15023e+017
2.6 2.18992e+017
2.65 2.22933e+017
2.7 2.26847e+017
2.75 2.30735e+017
2.8 2.34597e+017
2.85 2.38434e+017
2.9 2.42244e+017
2.95 2.4603e+017
3 2.49792e+017
