Probe bulk_ionized_acceptors vs gate bias
121 2 2
gate bias
Probe bulk_ionized_acceptors
-3 1.73505e+013
-2.95 1.7823e+013
-2.9 1.83122e+013
-2.85 1.88192e+013
-2.8 1.93457e+013
-2.75 1.98942e+013
-2.7 2.04685e+013
-2.65 2.10727e+013
-2.6 2.17074e+013
-2.55 2.23698e+013
-2.5 2.3059e+013
-2.45 2.37759e+013
-2.4 2.45214e+013
-2.35 2.52969e+013
-2.3 2.61037e+013
-2.25 2.69435e+013
-2.2 2.78181e+013
-2.15 2.87295e+013
-2.1 2.96797e+013
-2.05 3.06709e+013
-2 3.17054e+013
-1.95 3.27859e+013
-1.9 3.39151e+013
-1.85 3.5096e+013
-1.8 3.63319e+013
-1.75 3.76262e+013
-1.7 3.89829e+013
-1.65 4.0406e+013
-1.6 4.19003e+013
-1.55 4.34707e+013
-1.5 4.51228e+013
-1.45 4.68626e+013
-1.4 4.86969e+013
-1.35 5.06333e+013
-1.3 5.268e+013
-1.25 5.48464e+013
-1.2 5.71429e+013
-1.15 5.95814e+013
-1.1 6.21752e+013
-1.05 6.49395e+013
-1 6.78916e+013
-0.95 7.10514e+013
-0.9 7.44419e+013
-0.85 7.80899e+013
-0.8 8.20265e+013
-0.75 8.62884e+013
-0.7 9.09191e+013
-0.65 9.59705e+013
-0.6 1.01505e+014
-0.55 1.07599e+014
-0.5 1.14345e+014
-0.45 1.21859e+014
-0.4 1.30288e+014
-0.35 1.39828e+014
-0.3 1.50759e+014
-0.25 1.63557e+014
-0.2 1.79233e+014
-0.15 2.0049e+014
-0.1 2.35663e+014
-0.05 3.12391e+014
0 5.2493e+014
0.05 1.19663e+015
0.1 3.42062e+015
0.15 1.06819e+016
0.2 3.23097e+016
0.25 8.46874e+016
0.3 1.80129e+017
0.35 3.16256e+017
0.4 4.83226e+017
0.45 6.72191e+017
0.5 8.7703e+017
0.55 1.09363e+018
0.6 1.31909e+018
0.65 1.55118e+018
0.7 1.78803e+018
0.75 2.02797e+018
0.8 2.26939e+018
0.85 2.51077e+018
0.9 2.75069e+018
0.95 2.98796e+018
1 3.22172e+018
1.05 3.4512e+018
1.1 3.67552e+018
1.15 3.89366e+018
1.2 4.10472e+018
1.25 4.30796e+018
1.3 4.50294e+018
1.35 4.68947e+018
1.4 4.86759e+018
1.45 5.03748e+018
1.5 5.19945e+018
1.55 5.35387e+018
1.6 5.50115e+018
1.65 5.64169e+018
1.7 5.77589e+018
1.75 5.90412e+018
1.8 6.02672e+018
1.85 6.14403e+018
1.9 6.25633e+018
1.95 6.36391e+018
2 6.46704e+018
2.05 6.56598e+018
2.1 6.66095e+018
2.15 6.75219e+018
2.2 6.83991e+018
2.25 6.92431e+018
2.3 7.00559e+018
2.35 7.08392e+018
2.4 7.15947e+018
2.45 7.23239e+018
2.5 7.30283e+018
2.55 7.37092e+018
2.6 7.43679e+018
2.65 7.50056e+018
2.7 7.56234e+018
2.75 7.62223e+018
2.8 7.68032e+018
2.85 7.7367e+018
2.9 7.79147e+018
2.95 7.84468e+018
3 7.89643e+018
