Probe bulk_front_electrons vs gate bias
121 2 2
gate bias
Probe bulk_front_electrons
-3 3.67139e-033
-2.95 4.32467e-033
-2.9 5.18655e-033
-2.85 6.36377e-033
-2.8 8.04307e-033
-2.75 1.05755e-032
-2.7 1.46832e-032
-2.65 2.20417e-032
-2.6 3.72389e-032
-2.55 7.62617e-032
-2.5 2.17006e-031
-2.45 9.78893e-031
-2.4 6.07414e-030
-2.35 4.12647e-029
-2.3 2.84698e-028
-2.25 1.96869e-027
-2.2 1.36169e-026
-2.15 9.3701e-026
-2.1 6.23741e-025
-2.05 4.02009e-024
-2 2.64344e-023
-1.95 1.79098e-022
-1.9 1.23068e-021
-1.85 8.49672e-021
-1.8 5.87451e-020
-1.75 4.06323e-019
-1.7 2.81074e-018
-1.65 1.94441e-017
-1.6 1.34511e-016
-1.55 9.30524e-016
-1.5 6.43723e-015
-1.45 4.45319e-014
-1.4 3.08065e-013
-1.35 2.13114e-012
-1.3 1.47425e-011
-1.25 1.01963e-010
-1.2 7.04259e-010
-1.15 4.81976e-009
-1.1 3.11537e-008
-1.05 1.69711e-007
-1 9.95385e-007
-0.95 6.76753e-006
-0.9 4.67868e-005
-0.85 0.000323644
-0.8 0.00223882
-0.75 0.015487
-0.7 0.107131
-0.65 0.74105
-0.6 5.12583
-0.55 35.4575
-0.5 245.274
-0.45 1696.66
-0.4 11736.5
-0.35 81185.2
-0.3 561584
-0.25 3.88463e+006
-0.2 2.68707e+007
-0.15 1.85864e+008
-0.1 1.28551e+009
-0.05 8.88874e+009
0 6.1405e+010
0.05 4.22858e+011
0.1 2.88082e+012
0.15 1.89509e+013
0.2 1.12779e+014
0.25 5.41365e+014
0.3 1.92599e+015
0.35 5.1855e+015
0.4 1.13576e+016
0.45 2.15499e+016
0.5 3.69484e+016
0.55 5.882e+016
0.6 8.85108e+016
0.65 1.27449e+017
0.7 1.77152e+017
0.75 2.39243e+017
0.8 3.15454e+017
0.85 4.07626e+017
0.9 5.17696e+017
0.95 6.47668e+017
1 7.99572e+017
1.05 9.75363e+017
1.1 1.17677e+018
1.15 1.40515e+018
1.2 1.66149e+018
1.25 1.94639e+018
1.3 2.2601e+018
1.35 2.60264e+018
1.4 2.97383e+018
1.45 3.37337e+018
1.5 3.80089e+018
1.55 4.256e+018
1.6 4.73828e+018
1.65 5.2473e+018
1.7 5.78259e+018
1.75 6.34362e+018
1.8 6.92976e+018
1.85 7.54029e+018
1.9 8.17437e+018
1.95 8.83108e+018
2 9.5094e+018
2.05 1.02083e+019
2.1 1.09266e+019
2.15 1.16632e+019
2.2 1.24169e+019
2.25 1.31868e+019
2.3 1.39717e+019
2.35 1.47706e+019
2.4 1.55826e+019
2.45 1.64066e+019
2.5 1.72419e+019
2.55 1.80876e+019
2.6 1.8943e+019
2.65 1.98073e+019
2.7 2.068e+019
2.75 2.15603e+019
2.8 2.24478e+019
2.85 2.33419e+019
2.9 2.42421e+019
2.95 2.5148e+019
3 2.60592e+019
