Probe bulk_free_electrons vs gate bias
121 2 2
gate bias
Probe bulk_free_electrons
-3 7.8493e+011
-2.95 7.89442e+011
-2.9 7.94145e+011
-2.85 7.99054e+011
-2.8 8.04188e+011
-2.75 8.09573e+011
-2.7 8.15252e+011
-2.65 8.2127e+011
-2.6 8.27639e+011
-2.55 8.34337e+011
-2.5 8.41358e+011
-2.45 8.48717e+011
-2.4 8.56427e+011
-2.35 8.64506e+011
-2.3 8.72977e+011
-2.25 8.8186e+011
-2.2 8.91183e+011
-2.15 9.00971e+011
-2.1 9.11255e+011
-2.05 9.22064e+011
-2 9.33434e+011
-1.95 9.45401e+011
-1.9 9.58004e+011
-1.85 9.71287e+011
-1.8 9.85296e+011
-1.75 1.00008e+012
-1.7 1.0157e+012
-1.65 1.03221e+012
-1.6 1.04968e+012
-1.55 1.06818e+012
-1.5 1.08779e+012
-1.45 1.1086e+012
-1.4 1.1307e+012
-1.35 1.1542e+012
-1.3 1.17922e+012
-1.25 1.20589e+012
-1.2 1.23435e+012
-1.15 1.26478e+012
-1.1 1.29734e+012
-1.05 1.33226e+012
-1 1.36977e+012
-0.95 1.41014e+012
-0.9 1.45367e+012
-0.85 1.50073e+012
-0.8 1.55173e+012
-0.75 1.60716e+012
-0.7 1.66758e+012
-0.65 1.73369e+012
-0.6 1.8063e+012
-0.55 1.88641e+012
-0.5 1.97523e+012
-0.45 2.07428e+012
-0.4 2.18547e+012
-0.35 2.31124e+012
-0.3 2.45476e+012
-0.25 2.62021e+012
-0.2 2.81325e+012
-0.15 3.04175e+012
-0.1 3.31745e+012
-0.05 3.66193e+012
0 4.13918e+012
0.05 5.06577e+012
0.1 8.39766e+012
0.15 2.63346e+013
0.2 1.24255e+014
0.25 5.43145e+014
0.3 1.77534e+015
0.35 4.35732e+015
0.4 8.6784e+015
0.45 1.50253e+016
0.5 2.3676e+016
0.55 3.49542e+016
0.6 4.92555e+016
0.65 6.7062e+016
0.7 8.89515e+016
0.75 1.15602e+017
0.8 1.47785e+017
0.85 1.8635e+017
0.9 2.32195e+017
0.95 2.86232e+017
1 3.49344e+017
1.05 4.22324e+017
1.1 5.05799e+017
1.15 6.00183e+017
1.2 7.05679e+017
1.25 8.22308e+017
1.3 9.49956e+017
1.35 1.08842e+018
1.4 1.23747e+018
1.45 1.39683e+018
1.5 1.56628e+018
1.55 1.74559e+018
1.6 1.93457e+018
1.65 2.13304e+018
1.7 2.3408e+018
1.75 2.55765e+018
1.8 2.78332e+018
1.85 3.01753e+018
1.9 3.25995e+018
1.95 3.5102e+018
2 3.7679e+018
2.05 4.03264e+018
2.1 4.30403e+018
2.15 4.58165e+018
2.2 4.86513e+018
2.25 5.15409e+018
2.3 5.44818e+018
2.35 5.74707e+018
2.4 6.05046e+018
2.45 6.35806e+018
2.5 6.66961e+018
2.55 6.98486e+018
2.6 7.30358e+018
2.65 7.62558e+018
2.7 7.95065e+018
2.75 8.27863e+018
2.8 8.60934e+018
2.85 8.94264e+018
2.9 9.27838e+018
2.95 9.61644e+018
3 9.9567e+018
