Probe channel_electrons vs gate bias
121 2 2
gate bias
Probe channel_electrons
-3 1.39677e-032
-2.95 1.50662e-032
-2.9 1.64453e-032
-2.85 1.82348e-032
-2.8 2.06559e-032
-2.75 2.41135e-032
-2.7 2.94199e-032
-2.65 3.84169e-032
-2.6 5.60626e-032
-2.55 9.94741e-032
-2.5 2.51976e-031
-2.45 1.07057e-030
-2.4 6.53976e-030
-2.35 4.43115e-029
-2.3 3.05601e-028
-2.25 2.11311e-027
-2.2 1.46157e-026
-2.15 1.00574e-025
-2.1 6.69497e-025
-2.05 4.31502e-024
-2 2.83739e-023
-1.95 1.92239e-022
-1.9 1.32098e-021
-1.85 9.12014e-021
-1.8 6.30554e-020
-1.75 4.36135e-019
-1.7 3.01697e-018
-1.65 2.08707e-017
-1.6 1.4438e-016
-1.55 9.98798e-016
-1.5 6.90954e-015
-1.45 4.77993e-014
-1.4 3.30669e-013
-1.35 2.28751e-012
-1.3 1.58242e-011
-1.25 1.09445e-010
-1.2 7.55932e-010
-1.15 5.1734e-009
-1.1 3.34397e-008
-1.05 1.82167e-007
-1 1.06845e-006
-0.95 7.26431e-006
-0.9 5.02213e-005
-0.85 0.000347402
-0.8 0.00240316
-0.75 0.0166239
-0.7 0.114995
-0.65 0.795422
-0.6 5.50168
-0.55 38.0574
-0.5 263.259
-0.45 1821.07
-0.4 12597
-0.35 87138.1
-0.3 602762
-0.25 4.16946e+006
-0.2 2.88409e+007
-0.15 1.99492e+008
-0.1 1.37975e+009
-0.05 9.53997e+009
0 6.58947e+010
0.05 4.53558e+011
0.1 3.08487e+012
0.15 2.01826e+013
0.2 1.18156e+014
0.25 5.45126e+014
0.3 1.80606e+015
0.35 4.40702e+015
0.4 8.60065e+015
0.45 1.44166e+016
0.5 2.17685e+016
0.55 3.05236e+016
0.6 4.05384e+016
0.65 5.1678e+016
0.7 6.38256e+016
0.75 7.68858e+016
0.8 9.07837e+016
0.85 1.05462e+017
0.9 1.20878e+017
0.95 1.36996e+017
1 1.53791e+017
1.05 1.71234e+017
1.1 1.8929e+017
1.15 2.07914e+017
1.2 2.27056e+017
1.25 2.46668e+017
1.3 2.66708e+017
1.35 2.87144e+017
1.4 3.07952e+017
1.45 3.2912e+017
1.5 3.50645e+017
1.55 3.7253e+017
1.6 3.94785e+017
1.65 4.17422e+017
1.7 4.40455e+017
1.75 4.63899e+017
1.8 4.87763e+017
1.85 5.12056e+017
1.9 5.36781e+017
1.95 5.61941e+017
2 5.87532e+017
2.05 6.13549e+017
2.1 6.39987e+017
2.15 6.66838e+017
2.2 6.94091e+017
2.25 7.21738e+017
2.3 7.49768e+017
2.35 7.78173e+017
2.4 8.06941e+017
2.45 8.36064e+017
2.5 8.65533e+017
2.55 8.95337e+017
2.6 9.25468e+017
2.65 9.55919e+017
2.7 9.86681e+017
2.75 1.01775e+018
2.8 1.04911e+018
2.85 1.08076e+018
2.9 1.11269e+018
2.95 1.1449e+018
3 1.17738e+018
