source current vs gate bias
121 2 2
gate bias
source current
-3 0
-2.95 0
-2.9 0
-2.85 0
-2.8 0
-2.75 0
-2.7 0
-2.65 0
-2.6 0
-2.55 0
-2.5 0
-2.45 0
-2.4 0
-2.35 0
-2.3 0
-2.25 0
-2.2 0
-2.15 0
-2.1 0
-2.05 0
-2 0
-1.95 0
-1.9 0
-1.85 0
-1.8 0
-1.75 0
-1.7 0
-1.65 0
-1.6 0
-1.55 0
-1.5 0
-1.45 0
-1.4 0
-1.35 0
-1.3 0
-1.25 0
-1.2 0
-1.15 0
-1.1 0
-1.05 0
-1 0
-0.95 0
-0.9 0
-0.85 0
-0.8 0
-0.75 0
-0.7 0
-0.65 0
-0.6 0
-0.55 0
-0.5 0
-0.45 0
-0.4 0
-0.35 0
-0.3 -2.06464e-021
-0.25 -1.44525e-020
-0.2 -9.80704e-020
-0.15 -6.80299e-019
-0.1 -4.71306e-018
-0.05 -3.25914e-017
0 -2.25178e-016
0.05 -1.55192e-015
0.1 -1.0606e-014
0.15 -7.05144e-014
0.2 -4.32778e-013
0.25 -2.22294e-012
0.3 -8.75423e-012
0.35 -2.63164e-011
0.4 -6.36838e-011
0.45 -1.31457e-010
0.5 -2.41921e-010
0.55 -4.09277e-010
0.6 -6.50061e-010
0.65 -9.83653e-010
0.7 -1.43283e-009
0.75 -2.02431e-009
0.8 -2.78922e-009
0.85 -3.76329e-009
0.9 -4.98666e-009
0.95 -6.50277e-009
1 -8.35673e-009
1.05 -1.05936e-008
1.1 -1.32575e-008
1.15 -1.63903e-008
1.2 -2.0031e-008
1.25 -2.42141e-008
1.3 -2.8969e-008
1.35 -3.43192e-008
1.4 -4.02811e-008
1.45 -4.68642e-008
1.5 -5.40703e-008
1.55 -6.18936e-008
1.6 -7.03208e-008
1.65 -7.93318e-008
1.7 -8.89009e-008
1.75 -9.89977e-008
1.8 -1.09589e-007
1.85 -1.20641e-007
1.9 -1.32119e-007
1.95 -1.43989e-007
2 -1.56219e-007
2.05 -1.68781e-007
2.1 -1.81646e-007
2.15 -1.94791e-007
2.2 -2.08191e-007
2.25 -2.21828e-007
2.3 -2.35683e-007
2.35 -2.49738e-007
2.4 -2.63981e-007
2.45 -2.78396e-007
2.5 -2.92972e-007
2.55 -3.07699e-007
2.6 -3.22566e-007
2.65 -3.37564e-007
2.7 -3.52685e-007
2.75 -3.67923e-007
2.8 -3.83269e-007
2.85 -3.98718e-007
2.9 -4.14264e-007
2.95 -4.29902e-007
3 -4.45626e-007
