drain current vs gate bias
76 2 2
gate bias
drain current
-3 4.80962e-019
-2.8 -1.10201e-018
-2.6 3.0757e-019
-2.4 3.04735e-019
-2.2 7.70106e-020
-2 -1.06823e-018
-1.8 -3.12295e-019
-1.6 1.06917e-018
-1.4 2.2678e-020
-1.2 -1.39375e-018
-1 4.00644e-019
-0.95 2.39064e-019
-0.9 3.92707e-018
-0.85 1.80857e-018
-0.8 1.49958e-018
-0.75 5.49941e-019
-0.7 -3.91195e-019
-0.65 -2.40954e-018
-0.6 2.70435e-018
-0.55 -2.71191e-018
-0.5 9.92162e-019
-0.45 -2.0996e-018
-0.4 1.60825e-018
-0.35 -4.64519e-018
-0.3 -1.46453e-018
-0.25 -1.5415e-018
-0.2 1.14181e-018
-0.15 1.36994e-018
-0.1 1.62791e-018
-0.05 9.62229e-018
-4.24783e-016 8.90336e-017
0.05 5.78399e-016
0.1 3.75433e-015
0.15 2.3386e-014
0.2 1.39537e-013
0.25 7.63846e-013
0.3 3.50846e-012
0.35 1.25963e-011
0.4 3.55152e-011
0.45 8.25386e-011
0.5 1.66205e-010
0.55 3.01269e-010
0.6 5.05024e-010
0.65 7.97874e-010
0.7 1.20406e-009
0.75 1.75252e-009
0.8 2.4777e-009
0.85 3.4203e-009
0.9 4.62761e-009
0.95 6.15319e-009
1 8.05543e-009
1.05 1.03951e-008
1.1 1.32326e-008
1.15 1.66269e-008
1.2 2.06335e-008
1.25 2.53031e-008
1.3 3.06804e-008
1.35 3.68021e-008
1.4 4.36961e-008
1.45 5.13803e-008
1.5 5.98621e-008
1.6 7.91917e-008
1.7 1.01525e-007
1.8 1.26553e-007
1.9 1.5388e-007
2 1.83087e-007
2.1 2.13788e-007
2.2 2.45659e-007
2.3 2.78441e-007
2.4 3.11936e-007
2.5 3.45995e-007
2.6 3.80506e-007
2.7 4.15383e-007
2.8 4.50561e-007
2.9 4.85991e-007
3 5.21635e-007
