source current vs gate bias
76 2 2
gate bias
source current
-3 3.24106e-019
-2.8 2.13551e-019
-2.6 -5.65532e-019
-2.4 -3.77966e-020
-2.2 -6.08526e-019
-2 -1.54021e-019
-1.8 2.49458e-019
-1.6 1.67061e-018
-1.4 6.5615e-018
-1.2 1.62809e-017
-1 -5.85848e-019
-0.95 2.58907e-019
-0.9 -2.45678e-019
-0.85 -4.89466e-019
-0.8 1.3191e-018
-0.75 2.58907e-019
-0.7 -6.7467e-019
-0.65 6.7845e-019
-0.6 1.14902e-018
-0.55 9.84602e-019
-0.5 -4.34662e-020
-0.45 -5.15924e-019
-0.4 -7.84282e-019
-0.35 4.74337e-019
-0.3 -9.44991e-019
-0.25 2.14926e-019
-0.2 3.0807e-018
-0.15 2.55772e-019
-0.1 -2.10178e-018
-0.05 -1.21587e-017
-4.24783e-016 -8.81335e-017
0.05 -5.83738e-016
0.1 -3.75646e-015
0.15 -2.33835e-014
0.2 -1.39542e-013
0.25 -7.63847e-013
0.3 -3.50845e-012
0.35 -1.25963e-011
0.4 -3.55151e-011
0.45 -8.25386e-011
0.5 -1.66205e-010
0.55 -3.01269e-010
0.6 -5.05024e-010
0.65 -7.97874e-010
0.7 -1.20406e-009
0.75 -1.75252e-009
0.8 -2.4777e-009
0.85 -3.4203e-009
0.9 -4.62761e-009
0.95 -6.15319e-009
1 -8.05543e-009
1.05 -1.03951e-008
1.1 -1.32326e-008
1.15 -1.66269e-008
1.2 -2.06335e-008
1.25 -2.53031e-008
1.3 -3.06804e-008
1.35 -3.68021e-008
1.4 -4.36961e-008
1.45 -5.13803e-008
1.5 -5.98621e-008
1.6 -7.91917e-008
1.7 -1.01525e-007
1.8 -1.26553e-007
1.9 -1.5388e-007
2 -1.83087e-007
2.1 -2.13788e-007
2.2 -2.45659e-007
2.3 -2.78441e-007
2.4 -3.11936e-007
2.5 -3.45995e-007
2.6 -3.80506e-007
2.7 -4.15383e-007
2.8 -4.50561e-007
2.9 -4.85991e-007
3 -5.21635e-007
