Valence Band Energy vs Depth
87 2 2
Depth
Valence Band Energy
0 -6.35411
0.0200101 -6.35411
0.0343543 -6.35411
0.0446368 -6.35411
0.0520079 -6.35411
0.0572917 -6.35411
0.0610795 -6.35411
0.0637947 -6.35411
0.0657411 -6.35411
0.0671363 -6.35411
0.0681365 -6.35411
0.0688535 -6.35411
0.0693675 -6.35411
0.0697359 -6.35411
0.07 -3.80411
0.07 -3.80411
0.0702481 -3.80632
0.0704686 -3.81205
0.0706647 -3.82025
0.0708389 -3.83015
0.0709938 -3.84115
0.0711315 -3.85281
0.0712539 -3.86478
0.0713627 -3.87678
0.0714594 -3.88861
0.0715453 -3.90012
0.0716217 -3.91117
0.0716896 -3.9217
0.07175 -3.93164
0.07175 -3.93164
0.0718125 -3.94256
0.071875 -3.95415
0.0719375 -3.96646
0.072 -3.97952
0.072 -3.97952
0.0720595 -6.54068
0.0721253 -6.55304
0.0721982 -6.56673
0.0722789 -6.58188
0.0723683 -6.59865
0.0724672 -6.61723
0.0725767 -6.63779
0.072698 -6.66055
0.0728323 -6.68576
0.0729809 -6.71366
0.0731455 -6.74456
0.0733277 -6.77876
0.0735294 -6.81663
0.0737527 -6.85856
0.074 -2.70498
0.074 -2.70498
0.0742427 -2.72593
0.0744984 -2.748
0.0747678 -2.77126
0.0750516 -2.79576
0.0753506 -2.82158
0.0756656 -2.84878
0.0759976 -2.87744
0.0763473 -2.90763
0.0767157 -2.93944
0.0771039 -2.97295
0.0775128 -3.00826
0.0779437 -3.04546
0.0783977 -3.08465
0.0788759 -3.12594
0.0793798 -3.16944
0.0799107 -3.21528
0.0804701 -3.26357
0.0810594 -3.31445
0.0816802 -3.36805
0.0823344 -3.42452
0.0830235 -3.48402
0.0837496 -3.54671
0.0845146 -3.61276
0.0853206 -3.68234
0.0861697 -3.75565
0.0870644 -3.83289
0.0880069 -3.91426
0.089 -4
0.089 0
0.0900551 0
0.0917786 0
0.0945935 0
0.0991911 0
0.106701 0
0.118966 0
0.139 0
