Probe avg_n vs gate bias
76 2 2
gate bias
Probe avg_n
-3 3.10484e+011
-2.8 3.10545e+011
-2.6 3.10651e+011
-2.4 3.10834e+011
-2.2 3.11154e+011
-2 3.11709e+011
-1.8 3.12678e+011
-1.6 3.14375e+011
-1.4 3.17365e+011
-1.2 3.22694e+011
-1 3.32367e+011
-0.95 3.3587e+011
-0.9 3.39976e+011
-0.85 3.44803e+011
-0.8 3.50497e+011
-0.75 3.57241e+011
-0.7 3.65267e+011
-0.65 3.74872e+011
-0.6 3.86444e+011
-0.55 4.00499e+011
-0.5 4.17746e+011
-0.45 4.39207e+011
-0.4 4.66581e+011
-0.35 5.03921e+011
-0.3 5.67509e+011
-0.25 7.47366e+011
-0.2 1.58486e+012
-0.15 6.30695e+012
-0.1 3.31675e+013
-0.05 1.71326e+014
-4.24783e-016 7.29468e+014
0.05 2.32332e+015
0.1 5.63283e+015
0.15 1.117e+016
0.2 1.93219e+016
0.25 3.04652e+016
0.3 4.50397e+016
0.35 6.3587e+016
0.4 8.67645e+016
0.45 1.15335e+017
0.5 1.50128e+017
0.55 1.91967e+017
0.6 2.41589e+017
0.65 2.99565e+017
0.7 3.66275e+017
0.75 4.41923e+017
0.8 5.26573e+017
0.85 6.20172e+017
0.9 7.22564e+017
0.95 8.33532e+017
1 9.52843e+017
1.05 1.08029e+018
1.1 1.2157e+018
1.15 1.35897e+018
1.2 1.51003e+018
1.25 1.66885e+018
1.3 1.8354e+018
1.35 2.00958e+018
1.4 2.19125e+018
1.45 2.38021e+018
1.5 2.57619e+018
1.6 2.98785e+018
1.7 3.42331e+018
1.8 3.87959e+018
1.9 4.35385e+018
2 4.8436e+018
2.1 5.3467e+018
2.2 5.86133e+018
2.3 6.38594e+018
2.4 6.91924e+018
2.5 7.46014e+018
2.6 8.0077e+018
2.7 8.56114e+018
2.8 9.11979e+018
2.9 9.68305e+018
3 1.02504e+019
