Conduction Band Energy vs Depth
92 2 2
Depth
Conduction Band Energy
0 3.52362
0.0199902 3.52362
0.0344313 3.52362
0.0448638 3.52362
0.0524003 3.52362
0.0578448 3.52362
0.061778 3.52362
0.0646194 3.52362
0.066672 3.52362
0.0681549 3.52362
0.0692261 3.52362
0.07 0.196016
0.07 0.196016
0.0707848 0.195932
0.0714745 0.195721
0.0720807 0.195429
0.0726135 0.195088
0.0730818 0.194724
0.0734934 0.194353
0.0738552 0.193988
0.0741731 0.193637
0.0744526 0.193304
0.0746982 0.192992
0.0749141 0.192704
0.0751038 0.19244
0.0752706 0.192199
0.0754172 0.19198
0.075546 0.191782
0.0756592 0.191605
0.0757587 0.191445
0.0758462 0.191303
0.0759231 0.191175
0.0759906 0.191062
0.07605 0.190961
0.07605 0.190961
0.0761125 0.190838
0.076175 0.190696
0.0762375 0.190537
0.0763 0.190359
0.0763 0.190359
0.0763595 3.51984
0.0764253 3.52193
0.0764982 3.52424
0.0765789 3.5268
0.0766683 3.52963
0.0767672 3.53277
0.0768767 3.53624
0.076998 3.54008
0.0771323 3.54434
0.0772809 3.54905
0.0774455 3.55427
0.0776277 3.56004
0.0778294 3.56643
0.0780527 3.57351
0.0783 4.48135
0.0783 4.48135
0.0785427 4.48489
0.0787984 4.48862
0.0790678 4.49254
0.0793516 4.49668
0.0796506 4.50104
0.0799656 4.50563
0.0802976 4.51047
0.0806473 4.51557
0.0810157 4.52094
0.0814039 4.52659
0.0818128 4.53256
0.0822437 4.53884
0.0826977 4.54545
0.0831759 4.55243
0.0836798 4.55977
0.0842107 4.56751
0.0847701 4.57566
0.0853594 4.58425
0.0859802 4.5933
0.0866344 4.60284
0.0873235 4.61288
0.0880496 4.62347
0.0888146 4.63462
0.0896206 4.64637
0.0904697 4.65874
0.0913644 4.67179
0.0923069 4.68552
0.0933 4.7
0.0933 0
0.0943551 0
0.0960786 0
0.0988935 0
0.103491 0
0.111001 0
0.123266 0
0.1433 0
