Conduction Band Energy vs Depth
92 2 2
Depth
Conduction Band Energy
0 3.04895
0.0199902 3.04895
0.0344313 3.04895
0.0448638 3.04895
0.0524003 3.04895
0.0578448 3.04895
0.061778 3.04895
0.0646194 3.04895
0.066672 3.04895
0.0681549 3.04895
0.0692261 3.04895
0.07 -0.278649
0.07 -0.278649
0.0707848 -0.281355
0.0714745 -0.288413
0.0720807 -0.298675
0.0726135 -0.311371
0.0730818 -0.325943
0.0734934 -0.341956
0.0738552 -0.359054
0.0741731 -0.376934
0.0744526 -0.395331
0.0746982 -0.414
0.0749141 -0.432714
0.0751038 -0.451261
0.0752706 -0.469448
0.0754172 -0.487101
0.075546 -0.504077
0.0756592 -0.520256
0.0757587 -0.535552
0.0758462 -0.549904
0.0759231 -0.563278
0.0759906 -0.575662
0.07605 -0.587064
0.07605 -0.587064
0.0761125 -0.599638
0.076175 -0.612834
0.0762375 -0.626688
0.0763 -0.641243
0.0763 -0.641243
0.0763595 2.67375
0.0764253 2.65979
0.0764982 2.64434
0.0765789 2.62723
0.0766683 2.60829
0.0767672 2.58731
0.0768767 2.56409
0.076998 2.53839
0.0771323 2.50993
0.0772809 2.47841
0.0774455 2.44353
0.0776277 2.4049
0.0778294 2.36214
0.0780527 2.31479
0.0783 3.16238
0.0783 3.16238
0.0785427 3.13872
0.0787984 3.11379
0.0790678 3.08753
0.0793516 3.05986
0.0796506 3.0307
0.0799656 2.99999
0.0802976 2.96763
0.0806473 2.93354
0.0810157 2.89762
0.0814039 2.85977
0.0818128 2.8199
0.0822437 2.7779
0.0826977 2.73364
0.0831759 2.68701
0.0836798 2.63789
0.0842107 2.58613
0.0847701 2.5316
0.0853594 2.47415
0.0859802 2.41362
0.0866344 2.34984
0.0873235 2.28266
0.0880496 2.21187
0.0888146 2.13729
0.0896206 2.05871
0.0904697 1.97593
0.0913644 1.88871
0.0923069 1.79682
0.0933 1.7
0.0933 0
0.0943551 0
0.0960786 0
0.0988935 0
0.103491 0
0.111001 0
0.123266 0
0.1433 0
