Conduction Band Energy vs Depth
92 2 2
Depth
Conduction Band Energy
0 3.30087
0.0199902 3.30087
0.0344313 3.30087
0.0448638 3.30087
0.0524003 3.30087
0.0578448 3.30087
0.061778 3.30087
0.0646194 3.30087
0.066672 3.30087
0.0681549 3.30087
0.0692261 3.30087
0.07 -0.0267295
0.07 -0.0267295
0.0707848 -0.0277533
0.0714745 -0.030381
0.0720807 -0.0341016
0.0726135 -0.0385503
0.0730818 -0.0434584
0.0734934 -0.0486243
0.0738552 -0.0538944
0.0741731 -0.0591512
0.0744526 -0.064305
0.0746982 -0.0692884
0.0749141 -0.0740517
0.0751038 -0.0785603
0.0752706 -0.0827917
0.0754172 -0.0867335
0.075546 -0.0903815
0.0756592 -0.0937379
0.0757587 -0.0968101
0.0758462 -0.0996092
0.0759231 -0.102149
0.0759906 -0.104445
0.07605 -0.106514
0.07605 -0.106514
0.0761125 -0.108764
0.076175 -0.111089
0.0762375 -0.113492
0.0763 -0.115974
0.0763 -0.115974
0.0763595 3.21121
0.0764253 3.21076
0.0764982 3.21025
0.0765789 3.20969
0.0766683 3.20908
0.0767672 3.20839
0.0768767 3.20763
0.076998 3.20679
0.0771323 3.20586
0.0772809 3.20483
0.0774455 3.20369
0.0776277 3.20243
0.0778294 3.20103
0.0780527 3.19949
0.0783 4.09777
0.0783 4.09777
0.0785427 4.097
0.0787984 4.09619
0.0790678 4.09533
0.0793516 4.09443
0.0796506 4.09347
0.0799656 4.09247
0.0802976 4.09141
0.0806473 4.0903
0.0810157 4.08913
0.0814039 4.08789
0.0818128 4.08659
0.0822437 4.08521
0.0826977 4.08377
0.0831759 4.08225
0.0836798 4.08064
0.0842107 4.07895
0.0847701 4.07717
0.0853594 4.07529
0.0859802 4.07331
0.0866344 4.07123
0.0873235 4.06903
0.0880496 4.06672
0.0888146 4.06429
0.0896206 4.06172
0.0904697 4.05901
0.0913644 4.05616
0.0923069 4.05316
0.0933 4.05
0.0933 0
0.0943551 0
0.0960786 0
0.0988935 0
0.103491 0
0.111001 0
0.123266 0
0.1433 0
