Probe chan_n vs gate bias
76 2 2
gate bias
Probe chan_n
-3 1.30862e-033
-2.8 5.00384e-032
-2.6 1.03788e-028
-2.4 2.3767e-025
-2.2 5.44156e-022
-2 1.10626e-018
-1.8 2.40889e-015
-1.6 5.51585e-012
-1.4 1.10063e-008
-1.2 1.7128e-005
-1 0.0392207
-0.95 0.27131
-0.9 1.87679
-0.85 12.9826
-0.8 89.8028
-0.75 621.105
-0.7 4294.19
-0.65 29662.9
-0.6 204546
-0.55 1.40666e+006
-0.5 9.64232e+006
-0.45 6.59095e+007
-0.4 4.49667e+008
-0.35 3.06008e+009
-0.3 2.06633e+010
-0.25 1.36973e+011
-0.2 8.80939e+011
-0.15 5.45548e+012
-0.1 3.21221e+013
-0.05 1.70921e+014
-4.24783e-016 7.36714e+014
0.05 2.35074e+015
0.1 5.63784e+015
0.15 1.09289e+016
0.2 1.82979e+016
0.25 2.7695e+016
0.3 3.90321e+016
0.35 5.22266e+016
0.4 6.72181e+016
0.45 8.39689e+016
0.5 1.02454e+017
0.55 1.22648e+017
0.6 1.44508e+017
0.65 1.67974e+017
0.7 1.92974e+017
0.75 2.19439e+017
0.8 2.4731e+017
0.85 2.76542e+017
0.9 3.07096e+017
0.95 3.38949e+017
1 3.72088e+017
1.05 4.06519e+017
1.1 4.42262e+017
1.15 4.79353e+017
1.2 5.17839e+017
1.25 5.57775e+017
1.3 5.99217e+017
1.35 6.42213e+017
1.4 6.86805e+017
1.45 7.3302e+017
1.5 7.80872e+017
1.6 8.81477e+017
1.7 9.88505e+017
1.8 1.10173e+018
1.9 1.22085e+018
2 1.34555e+018
2.1 1.4755e+018
2.2 1.61036e+018
2.3 1.74982e+018
2.4 1.89356e+018
2.5 2.04128e+018
2.6 2.19269e+018
2.7 2.34752e+018
2.8 2.50551e+018
2.9 2.6664e+018
3 2.82998e+018
