source current vs gate bias
76 2 2
gate bias
source current
-3 2.42604e-022
-2.8 -1.4436e-021
-2.6 -3.65369e-022
-2.4 -3.92674e-022
-2.2 1.11301e-021
-2 -3.50893e-021
-1.8 -2.39245e-021
-1.6 -1.10573e-020
-1.4 -3.75857e-021
-1.2 4.12611e-021
-1 4.20239e-021
-0.95 1.57971e-020
-0.9 7.73905e-021
-0.85 1.32035e-020
-0.8 1.63653e-021
-0.75 7.75262e-021
-0.7 2.60539e-021
-0.65 1.80718e-020
-0.6 1.24041e-020
-0.55 -1.20168e-020
-0.5 2.07172e-020
-0.45 -1.55355e-019
-0.4 -1.34935e-018
-0.35 -9.15909e-018
-0.3 -6.20673e-017
-0.25 -4.1469e-016
-0.2 -2.70399e-015
-0.15 -1.70571e-014
-0.1 -1.03006e-013
-0.05 -5.75342e-013
-4.24783e-016 -2.7473e-012
0.05 -1.03607e-011
0.1 -3.0541e-011
0.15 -7.35104e-011
0.2 -1.52124e-010
0.25 -2.81959e-010
0.3 -4.8186e-010
0.35 -7.74758e-010
0.4 -1.18854e-009
0.45 -1.75681e-009
0.5 -2.51916e-009
0.55 -3.52079e-009
0.6 -4.81128e-009
0.65 -6.44255e-009
0.7 -8.46623e-009
0.75 -1.09307e-008
0.8 -1.38787e-008
0.85 -1.73463e-008
0.9 -2.13633e-008
0.95 -2.59524e-008
1 -3.11296e-008
1.05 -3.69033e-008
1.1 -4.32736e-008
1.15 -5.02325e-008
1.2 -5.77632e-008
1.25 -6.58413e-008
1.3 -7.44359e-008
1.35 -8.35119e-008
1.4 -9.30319e-008
1.45 -1.02958e-007
1.5 -1.13255e-007
1.6 -1.34825e-007
1.7 -1.57506e-007
1.8 -1.81107e-007
1.9 -2.05476e-007
2 -2.30493e-007
2.1 -2.56064e-007
2.2 -2.82112e-007
2.3 -3.08575e-007
2.4 -3.35401e-007
2.5 -3.62548e-007
2.6 -3.89981e-007
2.7 -4.17669e-007
2.8 -4.45587e-007
2.9 -4.73713e-007
3 -5.02027e-007
