Electron Conc vs Depth
92 2 2
Depth
Electron Conc
0 0
0.0199902 0
0.0344313 0
0.0448638 0
0.0524003 0
0.0578448 0
0.061778 0
0.0646194 0
0.066672 0
0.0681549 0
0.0692261 0
0.07 0
0.07 1.29869e+015
0.0707848 1.30289e+015
0.0714745 1.31357e+015
0.0720807 1.32852e+015
0.0726135 1.34614e+015
0.0730818 1.36523e+015
0.0734934 1.38494e+015
0.0738552 1.40463e+015
0.0741731 1.42386e+015
0.0744526 1.44232e+015
0.0746982 1.45978e+015
0.0749141 1.47613e+015
0.0751038 1.49131e+015
0.0752706 1.50528e+015
0.0754172 1.51807e+015
0.075546 1.52972e+015
0.0756592 1.54027e+015
0.0757587 1.54979e+015
0.0758462 1.55836e+015
0.0759231 1.56605e+015
0.0759906 1.57292e+015
0.07605 1.57906e+015
0.07605 1.57906e+015
0.0761125 1.58663e+015
0.076175 1.59534e+015
0.0762375 1.60522e+015
0.0763 1.61629e+015
0.0763 0
0.0763595 0
0.0764253 0
0.0764982 0
0.0765789 0
0.0766683 0
0.0767672 0
0.0768767 0
0.076998 0
0.0771323 0
0.0772809 0
0.0774455 0
0.0776277 0
0.0778294 0
0.0780527 0
0.0783 0
0.0783 0
0.0785427 0
0.0787984 0
0.0790678 0
0.0793516 0
0.0796506 0
0.0799656 0
0.0802976 0
0.0806473 0
0.0810157 0
0.0814039 0
0.0818128 0
0.0822437 0
0.0826977 0
0.0831759 0
0.0836798 0
0.0842107 0
0.0847701 0
0.0853594 0
0.0859802 0
0.0866344 0
0.0873235 0
0.0880496 0
0.0888146 0
0.0896206 0
0.0904697 0
0.0913644 0
0.0923069 0
0.0933 0
0.0933 0
0.0943551 0
0.0960786 0
0.0988935 0
0.103491 0
0.111001 0
0.123266 0
0.1433 0
