Electron Conc vs Depth
92 2 2
Depth
Electron Conc
0 0
0.0199902 0
0.0344313 0
0.0448638 0
0.0524003 0
0.0578448 0
0.061778 0
0.0646194 0
0.066672 0
0.0681549 0
0.0692261 0
0.07 0
0.07 8.6058e+016
0.0707848 8.94918e+016
0.0714745 9.8937e+016
0.0720807 1.14013e+017
0.0726135 1.35029e+017
0.0730818 1.62637e+017
0.0734934 1.9765e+017
0.0738552 2.40898e+017
0.0741731 2.93096e+017
0.0744526 3.54725e+017
0.0746982 4.25929e+017
0.0749141 5.06446e+017
0.0751038 5.95579e+017
0.0752706 6.92221e+017
0.0754172 7.9493e+017
0.075546 9.02032e+017
0.0756592 1.01174e+018
0.0757587 1.12228e+018
0.0758462 1.23197e+018
0.0759231 1.33934e+018
0.0759906 1.44314e+018
0.07605 1.54237e+018
0.07605 1.54237e+018
0.0761125 1.6566e+018
0.076175 1.78187e+018
0.0762375 1.91923e+018
0.0763 2.06988e+018
0.0763 0
0.0763595 0
0.0764253 0
0.0764982 0
0.0765789 0
0.0766683 0
0.0767672 0
0.0768767 0
0.076998 0
0.0771323 0
0.0772809 0
0.0774455 0
0.0776277 0
0.0778294 0
0.0780527 0
0.0783 0
0.0783 0
0.0785427 0
0.0787984 0
0.0790678 0
0.0793516 0
0.0796506 0
0.0799656 0
0.0802976 0
0.0806473 0
0.0810157 0
0.0814039 0
0.0818128 0
0.0822437 0
0.0826977 0
0.0831759 0
0.0836798 0
0.0842107 0
0.0847701 0
0.0853594 0
0.0859802 0
0.0866344 0
0.0873235 0
0.0880496 0
0.0888146 0
0.0896206 0
0.0904697 0
0.0913644 0
0.0923069 0
0.0933 0
0.0933 0
0.0943551 0
0.0960786 0
0.0988935 0
0.103491 0
0.111001 0
0.123266 0
0.1433 0
