Valence Band Energy vs Depth
92 2 2
Depth
Valence Band Energy
0 -5.47638
0.0199902 -5.47638
0.0344313 -5.47638
0.0448638 -5.47638
0.0524003 -5.47638
0.0578448 -5.47638
0.061778 -5.47638
0.0646194 -5.47638
0.066672 -5.47638
0.0681549 -5.47638
0.0692261 -5.47638
0.07 -2.92638
0.07 -2.92638
0.0707848 -2.92647
0.0714745 -2.92668
0.0720807 -2.92697
0.0726135 -2.92731
0.0730818 -2.92768
0.0734934 -2.92805
0.0738552 -2.92841
0.0741731 -2.92876
0.0744526 -2.9291
0.0746982 -2.92941
0.0749141 -2.9297
0.0751038 -2.92996
0.0752706 -2.9302
0.0754172 -2.93042
0.075546 -2.93062
0.0756592 -2.9308
0.0757587 -2.93095
0.0758462 -2.9311
0.0759231 -2.93122
0.0759906 -2.93134
0.07605 -2.93144
0.07605 -2.93144
0.0761125 -2.93156
0.076175 -2.9317
0.0762375 -2.93186
0.0763 -2.93204
0.0763 -2.93204
0.0763595 -5.48016
0.0764253 -5.47807
0.0764982 -5.47576
0.0765789 -5.4732
0.0766683 -5.47037
0.0767672 -5.46723
0.0768767 -5.46376
0.076998 -5.45992
0.0771323 -5.45566
0.0772809 -5.45095
0.0774455 -5.44573
0.0776277 -5.43996
0.0778294 -5.43357
0.0780527 -5.42649
0.0783 -1.21865
0.0783 -1.21865
0.0785427 -1.21511
0.0787984 -1.21138
0.0790678 -1.20746
0.0793516 -1.20332
0.0796506 -1.19896
0.0799656 -1.19437
0.0802976 -1.18953
0.0806473 -1.18443
0.0810157 -1.17906
0.0814039 -1.17341
0.0818128 -1.16744
0.0822437 -1.16116
0.0826977 -1.15455
0.0831759 -1.14757
0.0836798 -1.14023
0.0842107 -1.13249
0.0847701 -1.12434
0.0853594 -1.11575
0.0859802 -1.1067
0.0866344 -1.09716
0.0873235 -1.08712
0.0880496 -1.07653
0.0888146 -1.06538
0.0896206 -1.05363
0.0904697 -1.04126
0.0913644 -1.02821
0.0923069 -1.01448
0.0933 -1
0.0933 0
0.0943551 0
0.0960786 0
0.0988935 0
0.103491 0
0.111001 0
0.123266 0
0.1433 0
