Valence Band Energy vs Depth
92 2 2
Depth
Valence Band Energy
0 -5.95105
0.0199902 -5.95105
0.0344313 -5.95105
0.0448638 -5.95105
0.0524003 -5.95105
0.0578448 -5.95105
0.061778 -5.95105
0.0646194 -5.95105
0.066672 -5.95105
0.0681549 -5.95105
0.0692261 -5.95105
0.07 -3.40105
0.07 -3.40105
0.0707848 -3.40376
0.0714745 -3.41081
0.0720807 -3.42108
0.0726135 -3.43377
0.0730818 -3.44834
0.0734934 -3.46436
0.0738552 -3.48145
0.0741731 -3.49933
0.0744526 -3.51773
0.0746982 -3.5364
0.0749141 -3.55511
0.0751038 -3.57366
0.0752706 -3.59185
0.0754172 -3.6095
0.075546 -3.62648
0.0756592 -3.64266
0.0757587 -3.65795
0.0758462 -3.6723
0.0759231 -3.68568
0.0759906 -3.69806
0.07605 -3.70946
0.07605 -3.70946
0.0761125 -3.72204
0.076175 -3.73523
0.0762375 -3.74909
0.0763 -3.76364
0.0763 -3.76364
0.0763595 -6.32625
0.0764253 -6.34021
0.0764982 -6.35566
0.0765789 -6.37277
0.0766683 -6.39171
0.0767672 -6.41269
0.0768767 -6.43591
0.076998 -6.46161
0.0771323 -6.49007
0.0772809 -6.52159
0.0774455 -6.55647
0.0776277 -6.5951
0.0778294 -6.63786
0.0780527 -6.68521
0.0783 -2.53762
0.0783 -2.53762
0.0785427 -2.56128
0.0787984 -2.58621
0.0790678 -2.61247
0.0793516 -2.64014
0.0796506 -2.6693
0.0799656 -2.70001
0.0802976 -2.73237
0.0806473 -2.76646
0.0810157 -2.80238
0.0814039 -2.84023
0.0818128 -2.8801
0.0822437 -2.9221
0.0826977 -2.96636
0.0831759 -3.01299
0.0836798 -3.06211
0.0842107 -3.11387
0.0847701 -3.1684
0.0853594 -3.22585
0.0859802 -3.28638
0.0866344 -3.35016
0.0873235 -3.41734
0.0880496 -3.48813
0.0888146 -3.56271
0.0896206 -3.64129
0.0904697 -3.72407
0.0913644 -3.81129
0.0923069 -3.90318
0.0933 -4
0.0933 0
0.0943551 0
0.0960786 0
0.0988935 0
0.103491 0
0.111001 0
0.123266 0
0.1433 0
