Valence Band Energy vs Depth
92 2 2
Depth
Valence Band Energy
0 -5.69913
0.0199902 -5.69913
0.0344313 -5.69913
0.0448638 -5.69913
0.0524003 -5.69913
0.0578448 -5.69913
0.061778 -5.69913
0.0646194 -5.69913
0.066672 -5.69913
0.0681549 -5.69913
0.0692261 -5.69913
0.07 -3.14913
0.07 -3.14913
0.0707848 -3.15015
0.0714745 -3.15278
0.0720807 -3.1565
0.0726135 -3.16095
0.0730818 -3.16586
0.0734934 -3.17102
0.0738552 -3.17629
0.0741731 -3.18155
0.0744526 -3.18671
0.0746982 -3.19169
0.0749141 -3.19645
0.0751038 -3.20096
0.0752706 -3.20519
0.0754172 -3.20913
0.075546 -3.21278
0.0756592 -3.21614
0.0757587 -3.21921
0.0758462 -3.22201
0.0759231 -3.22455
0.0759906 -3.22685
0.07605 -3.22891
0.07605 -3.22891
0.0761125 -3.23116
0.076175 -3.23349
0.0762375 -3.23589
0.0763 -3.23837
0.0763 -3.23837
0.0763595 -5.78879
0.0764253 -5.78924
0.0764982 -5.78975
0.0765789 -5.79031
0.0766683 -5.79092
0.0767672 -5.79161
0.0768767 -5.79237
0.076998 -5.79321
0.0771323 -5.79414
0.0772809 -5.79517
0.0774455 -5.79631
0.0776277 -5.79757
0.0778294 -5.79897
0.0780527 -5.80051
0.0783 -1.60223
0.0783 -1.60223
0.0785427 -1.603
0.0787984 -1.60381
0.0790678 -1.60467
0.0793516 -1.60557
0.0796506 -1.60653
0.0799656 -1.60753
0.0802976 -1.60859
0.0806473 -1.6097
0.0810157 -1.61087
0.0814039 -1.61211
0.0818128 -1.61341
0.0822437 -1.61479
0.0826977 -1.61623
0.0831759 -1.61775
0.0836798 -1.61936
0.0842107 -1.62105
0.0847701 -1.62283
0.0853594 -1.62471
0.0859802 -1.62669
0.0866344 -1.62877
0.0873235 -1.63097
0.0880496 -1.63328
0.0888146 -1.63571
0.0896206 -1.63828
0.0904697 -1.64099
0.0913644 -1.64384
0.0923069 -1.64684
0.0933 -1.65
0.0933 0
0.0943551 0
0.0960786 0
0.0988935 0
0.103491 0
0.111001 0
0.123266 0
0.1433 0
