v ATLAS
# This file was created by ATLAS version 5.28.1.R on Fri Sep 25 03:21:41 2026.
#SSF 2.0 generic
##############################################################################
#                    Copyright (c) 1984 - 2019                               #
#                    Silvaco Inc. All rights reserved                        #
#                                                                            #
# This file format and the following Key are copyright Silvaco Inc.          #
# You may not use, this format or key without reproducing this message in    #
# full and obtaining express written permission from Silvaco Inc.            #
#                                                                            #
# To obtain such permission please contact: Silvaco Inc.                     #
#                                           support@silvaco.com              #
#                                                                            #
# KEY=SVC86hn7562asdx                       PROD=345                         #
##############################################################################
p 4 74 76 75 205
d  3.403310e+000 5.597591e-017 1.644484e-253 5.597591e-017
d  3.394424e+000 6.990028e-017 5.907455e-252 6.990028e-017
d  3.385538e+000 8.728842e-017 2.100433e-250 8.728842e-017
d  3.376652e+000 1.090020e-016 7.391884e-249 1.090020e-016
d  3.367766e+000 1.361169e-016 2.574774e-247 1.361169e-016
d  3.358880e+000 1.699769e-016 8.876891e-246 1.699769e-016
d  3.349994e+000 2.122597e-016 3.029148e-244 2.122597e-016
d  3.341109e+000 2.650606e-016 1.023099e-242 2.650606e-016
d  3.332223e+000 3.309962e-016 3.420211e-241 3.309962e-016
d  3.323337e+000 4.133336e-016 1.131686e-239 4.133336e-016
d  3.314451e+000 5.161530e-016 3.706265e-238 5.161530e-016
d  3.305565e+000 6.445493e-016 1.201392e-236 6.445493e-016
d  3.296679e+000 8.048851e-016 3.854527e-235 8.048851e-016
d  3.287793e+000 1.005105e-015 1.224038e-233 1.005105e-015
d  3.278907e+000 1.255132e-015 3.847306e-232 1.255132e-015
d  3.270021e+000 1.567354e-015 1.196896e-230 1.567354e-015
d  3.261135e+000 1.957243e-015 3.685476e-229 1.957243e-015
d  3.252249e+000 2.444120e-015 1.123230e-227 2.444120e-015
d  3.243363e+000 3.052110e-015 3.388297e-226 3.052110e-015
d  3.234477e+000 3.811342e-015 1.011654e-224 3.811342e-015
d  3.225591e+000 4.759438e-015 2.989651e-223 4.759438e-015
d  3.216706e+000 5.943379e-015 8.744736e-222 5.943379e-015
d  3.207820e+000 7.421832e-015 2.531691e-220 7.421832e-015
d  3.198934e+000 9.268060e-015 7.254582e-219 9.268060e-015
d  3.190048e+000 1.157355e-014 2.057557e-217 1.157355e-014
d  3.181162e+000 1.445254e-014 5.776026e-216 1.445254e-014
d  3.172276e+000 1.804771e-014 1.604886e-214 1.804771e-014
d  3.163390e+000 2.253719e-014 4.413641e-213 2.253719e-014
d  3.154504e+000 2.814346e-014 1.201400e-211 2.814346e-014
d  3.145618e+000 3.514433e-014 3.236800e-210 3.514433e-014
d  3.136732e+000 4.388670e-014 8.631416e-209 4.388670e-014
d  3.127846e+000 5.480380e-014 2.278169e-207 5.480380e-014
d  3.118960e+000 6.843659e-014 5.951517e-206 6.843659e-014
d  3.110074e+000 8.546063e-014 1.538888e-204 8.546063e-014
d  3.101188e+000 1.067195e-013 3.938441e-203 1.067195e-013
d  3.092303e+000 1.332667e-013 9.976527e-202 1.332667e-013
d  3.083417e+000 1.664176e-013 2.501337e-200 1.664176e-013
d  3.074531e+000 2.078151e-013 6.207300e-199 2.078151e-013
d  3.065645e+000 2.595104e-013 1.524653e-197 2.595104e-013
d  3.056759e+000 3.240653e-013 3.706612e-196 3.240653e-013
d  3.047873e+000 4.046786e-013 8.919100e-195 4.046786e-013
d  3.038987e+000 5.053449e-013 2.124236e-193 5.053449e-013
d  3.030101e+000 6.310527e-013 5.007513e-192 6.310527e-013
d  3.021215e+000 7.880311e-013 1.168367e-190 7.880311e-013
d  3.012329e+000 9.840589e-013 2.698201e-189 9.840589e-013
d  3.003443e+000 1.228850e-012 6.167470e-188 1.228850e-012
d  2.994557e+000 1.534534e-012 1.395332e-186 1.534534e-012
d  2.985671e+000 1.916259e-012 3.124538e-185 1.916259e-012
d  2.976786e+000 2.392941e-012 6.925193e-184 2.392941e-012
d  2.967900e+000 2.988200e-012 1.519203e-182 2.988200e-012
d  2.959014e+000 3.731534e-012 3.298659e-181 3.731534e-012
d  2.950128e+000 4.659777e-012 7.089193e-180 4.659777e-012
d  2.941242e+000 5.818927e-012 1.507974e-178 5.818927e-012
d  2.932356e+000 7.266422e-012 3.174891e-177 7.266422e-012
d  2.923470e+000 9.073991e-012 6.616093e-176 9.073991e-012
d  2.914584e+000 1.133120e-011 1.364621e-174 1.133120e-011
d  2.905698e+000 1.414991e-011 2.785867e-173 1.414991e-011
d  2.896812e+000 1.766980e-011 5.629196e-172 1.766980e-011
d  2.887926e+000 2.206527e-011 1.125823e-170 2.206527e-011
d  2.879040e+000 2.755415e-011 2.228598e-169 2.755415e-011
d  2.870154e+000 3.440842e-011 4.366477e-168 3.440842e-011
d  2.861268e+000 4.296773e-011 8.467755e-167 4.296773e-011
d  2.852383e+000 5.365623e-011 1.625336e-165 5.365623e-011
d  2.843497e+000 6.700356e-011 3.087848e-164 6.700356e-011
d  2.834611e+000 8.367112e-011 5.806392e-163 8.367112e-011
d  2.825725e+000 1.044849e-010 1.080674e-161 1.044849e-010
d  2.816839e+000 1.304761e-010 1.990768e-160 1.304761e-010
d  2.807953e+000 1.629329e-010 3.629814e-159 1.629329e-010
d  2.799067e+000 2.034635e-010 6.550673e-158 2.034635e-010
d  2.790181e+000 2.540763e-010 1.170106e-156 2.540763e-010
d  2.781295e+000 3.172795e-010 2.068723e-155 3.172795e-010
d  2.772409e+000 3.962048e-010 3.620072e-154 3.962048e-010
d  2.763523e+000 4.947632e-010 6.270034e-153 4.947632e-010
d  2.754637e+000 6.178387e-010 1.074881e-151 6.178387e-010
d  2.745751e+000 7.715301e-010 1.823847e-150 7.715301e-010
d  2.736865e+000 9.634531e-010 3.063053e-149 9.634531e-010
d  2.727980e+000 1.203118e-009 5.091646e-148 1.203118e-009
d  2.719094e+000 1.502402e-009 8.377217e-147 1.502402e-009
d  2.710208e+000 1.876134e-009 1.364203e-145 1.876134e-009
d  2.701322e+000 2.342834e-009 2.198853e-144 2.342834e-009
d  2.692436e+000 2.925629e-009 3.507930e-143 2.925629e-009
d  2.683550e+000 3.653398e-009 5.539156e-142 3.653398e-009
d  2.674664e+000 4.562204e-009 8.657131e-141 4.562204e-009
d  2.665778e+000 5.697081e-009 1.339190e-139 5.697081e-009
d  2.656892e+000 7.114266e-009 2.050445e-138 7.114266e-009
d  2.648006e+000 8.883985e-009 3.107362e-137 8.883985e-009
d  2.639120e+000 1.109393e-008 4.660938e-136 1.109393e-008
d  2.630234e+000 1.385362e-008 6.919785e-135 1.385362e-008
d  2.621348e+000 1.729980e-008 1.016833e-133 1.729980e-008
d  2.612463e+000 2.160323e-008 1.478919e-132 2.160323e-008
d  2.603577e+000 2.697717e-008 2.129007e-131 2.697717e-008
d  2.594691e+000 3.368792e-008 3.033524e-130 3.368792e-008
d  2.585805e+000 4.206800e-008 4.278145e-129 4.206800e-008
d  2.576919e+000 5.253269e-008 5.971747e-128 5.253269e-008
d  2.568033e+000 6.560053e-008 8.250592e-127 6.560053e-008
d  2.559147e+000 8.191908e-008 1.128253e-125 8.191908e-008
d  2.550261e+000 1.022970e-007 1.527094e-124 1.022970e-007
d  2.541375e+000 1.277440e-007 2.045798e-123 1.277440e-007
d  2.532489e+000 1.595211e-007 2.712674e-122 1.595211e-007
d  2.523603e+000 1.992031e-007 3.560165e-121 1.992031e-007
d  2.514717e+000 2.487561e-007 4.624667e-120 2.487561e-007
d  2.505831e+000 3.106358e-007 5.946050e-119 3.106358e-007
d  2.496945e+000 3.879084e-007 7.566838e-118 3.879084e-007
d  2.488060e+000 4.844031e-007 9.530992e-117 4.844031e-007
d  2.479174e+000 6.049014e-007 1.188227e-115 6.049014e-007
d  2.470288e+000 7.553745e-007 1.466219e-114 7.553745e-007
d  2.461402e+000 9.432788e-007 1.790753e-113 9.432788e-007
d  2.452516e+000 1.177925e-006 2.164763e-112 1.177925e-006
d  2.443630e+000 1.470942e-006 2.590138e-111 1.470942e-006
d  2.434744e+000 1.836848e-006 3.067420e-110 1.836848e-006
d  2.425858e+000 2.293776e-006 3.595517e-109 2.293776e-006
d  2.416972e+000 2.864367e-006 4.171451e-108 2.864367e-006
d  2.408086e+000 3.576897e-006 4.790169e-107 3.576897e-006
d  2.399200e+000 4.466673e-006 5.444427e-106 4.466673e-006
d  2.390314e+000 5.577786e-006 6.124792e-105 5.577786e-006
d  2.381428e+000 6.965296e-006 6.819748e-104 6.965296e-006
d  2.372542e+000 8.697958e-006 7.515935e-103 8.697958e-006
d  2.363657e+000 1.086163e-005 8.198521e-102 1.086163e-005
d  2.354771e+000 1.356353e-005 8.851681e-101 1.356353e-005
d  2.345885e+000 1.693755e-005 9.459187e-100 1.693755e-005
d  2.336999e+000 2.115087e-005 1.000506e-098 2.115087e-005
d  2.328113e+000 2.641228e-005 1.047426e-097 2.641228e-005
d  2.319227e+000 3.298251e-005 1.085337e-096 3.298251e-005
d  2.310341e+000 4.118712e-005 1.113124e-095 4.118712e-005
d  2.301455e+000 5.143268e-005 1.129954e-094 5.143268e-005
d  2.292569e+000 6.422688e-005 1.135312e-093 6.422688e-005
d  2.283683e+000 8.020373e-005 1.129036e-092 8.020373e-005
d  2.274797e+000 1.001549e-004 1.111317e-091 1.001549e-004
d  2.265911e+000 1.250691e-004 1.082695e-090 1.250691e-004
d  2.257025e+000 1.561808e-004 1.044027e-089 1.561808e-004
d  2.248140e+000 1.950318e-004 9.964496e-089 1.950318e-004
d  2.239254e+000 2.435472e-004 9.413187e-088 2.435472e-004
d  2.230368e+000 3.041312e-004 8.801481e-087 3.041312e-004
d  2.221482e+000 3.797857e-004 8.145404e-086 3.797857e-004
d  2.212596e+000 4.742599e-004 7.461176e-085 4.742599e-004
d  2.203710e+000 5.922350e-004 6.764563e-084 5.922350e-004
d  2.194824e+000 7.395573e-004 6.070297e-083 7.395573e-004
d  2.185938e+000 9.235269e-004 5.391603e-082 9.235269e-004
d  2.177052e+000 1.153260e-003 4.739840e-081 1.153260e-003
d  2.168166e+000 1.440141e-003 4.124271e-080 1.440141e-003
d  2.159280e+000 1.798385e-003 3.551963e-079 1.798385e-003
d  2.150394e+000 2.245745e-003 3.027802e-078 2.245745e-003
d  2.141508e+000 2.804389e-003 2.554609e-077 2.804389e-003
d  2.132622e+000 3.501998e-003 2.133335e-076 3.501998e-003
d  2.123737e+000 4.373143e-003 1.763321e-075 4.373143e-003
d  2.114851e+000 5.460990e-003 1.442585e-074 5.460990e-003
d  2.105965e+000 6.819446e-003 1.168125e-073 6.819446e-003
d  2.097079e+000 8.515827e-003 9.362142e-073 8.515827e-003
d  2.088193e+000 1.063419e-002 7.426748e-072 1.063419e-002
d  2.079307e+000 1.327952e-002 5.831227e-071 1.327952e-002
d  2.070421e+000 1.658288e-002 4.531678e-070 1.658288e-002
d  2.061535e+000 2.070798e-002 3.485747e-069 2.070798e-002
d  2.052649e+000 2.585922e-002 2.653814e-068 2.585922e-002
d  2.043763e+000 3.229187e-002 1.999783e-067 3.229187e-002
d  2.034877e+000 4.032468e-002 1.491533e-066 4.032468e-002
d  2.025991e+000 5.035570e-002 1.101085e-065 5.035570e-002
d  2.017105e+000 6.288200e-002 8.045379e-065 6.288200e-002
d  2.008219e+000 7.852430e-002 5.818485e-064 7.852430e-002
d  1.999334e+000 9.805772e-002 4.164963e-063 9.805772e-002
d  1.990448e+000 1.224502e-001 2.950871e-062 1.224502e-001
d  1.981562e+000 1.529105e-001 2.069317e-061 1.529105e-001
d  1.972676e+000 1.909479e-001 1.436288e-060 1.909479e-001
d  1.963790e+000 2.384475e-001 9.867198e-060 2.384475e-001
d  1.954904e+000 2.977628e-001 6.709404e-059 2.977628e-001
d  1.946018e+000 3.718332e-001 4.515562e-058 3.718332e-001
d  1.937132e+000 4.643291e-001 3.007998e-057 4.643291e-001
d  1.928246e+000 5.798339e-001 1.983266e-056 5.798339e-001
d  1.919360e+000 7.240713e-001 1.294262e-055 7.240713e-001
d  1.910474e+000 9.041886e-001 8.359900e-055 9.041886e-001
d  1.901588e+000 1.129111e+000 5.344632e-054 1.129111e+000
d  1.892702e+000 1.409985e+000 3.381990e-053 1.409985e+000
d  1.883817e+000 1.760728e+000 2.118189e-052 1.760728e+000
d  1.874931e+000 2.198720e+000 1.313091e-051 2.198720e+000
d  1.866045e+000 2.745666e+000 8.056800e-051 2.745666e+000
d  1.857159e+000 3.428668e+000 4.892921e-050 3.428668e+000
d  1.848273e+000 4.281571e+000 2.941112e-049 4.281571e+000
d  1.839387e+000 5.346639e+000 1.749817e-048 5.346639e+000
d  1.830501e+000 6.676649e+000 1.030414e-047 6.676649e+000
d  1.821615e+000 8.337509e+000 6.005766e-047 8.337509e+000
d  1.812729e+000 1.041152e+001 3.464678e-046 1.041152e+001
d  1.803843e+000 1.300145e+001 1.978314e-045 1.300145e+001
d  1.794957e+000 1.623564e+001 1.118060e-044 1.623564e+001
d  1.786071e+000 2.027436e+001 6.254218e-044 2.027436e+001
d  1.777185e+000 2.531774e+001 3.462730e-043 2.531774e+001
d  1.768299e+000 3.161569e+001 1.897588e-042 3.161569e+001
d  1.759414e+000 3.948029e+001 1.029255e-041 3.948029e+001
d  1.750528e+000 4.930127e+001 5.525632e-041 4.930127e+001
d  1.741642e+000 6.156528e+001 2.936153e-040 6.156528e+001
d  1.732756e+000 7.688003e+001 1.544234e-039 7.688003e+001
d  1.723870e+000 9.600443e+001 8.038691e-039 9.600443e+001
d  1.714984e+000 1.198861e+002 4.141860e-038 1.198861e+002
d  1.706098e+000 1.497086e+002 2.112239e-037 1.497086e+002
d  1.697212e+000 1.869496e+002 1.066176e-036 1.869496e+002
d  1.688326e+000 2.334545e+002 5.326624e-036 2.334545e+002
d  1.679440e+000 2.915278e+002 2.633984e-035 2.915278e+002
d  1.670554e+000 3.640471e+002 1.289175e-034 3.640471e+002
d  1.661668e+000 4.546062e+002 6.245233e-034 4.546062e+002
d  1.652782e+000 5.676924e+002 2.994491e-033 5.676924e+002
d  1.643896e+000 7.089095e+002 1.421135e-032 7.089095e+002
d  1.635011e+000 8.852553e+002 6.675522e-032 8.852553e+002
d  1.626125e+000 1.105468e+003 3.103652e-031 1.105468e+003
d  1.617239e+000 1.380460e+003 1.428231e-030 1.380460e+003
d  1.608353e+000 1.723859e+003 6.505217e-030 1.723859e+003
d  1.599467e+000 2.152680e+003 2.932668e-029 2.152680e+003
d  1.590581e+000 2.688173e+003 1.308584e-028 2.688173e+003
d  1.581695e+000 3.356873e+003 5.779341e-028 3.356873e+003
d  1.572809e+000 4.191916e+003 2.526345e-027 4.191916e+003
d  1.563923e+000 5.234682e+003 1.093062e-026 5.234682e+003
d  1.555037e+000 6.536843e+003 4.680959e-026 6.536843e+003
d  1.546151e+000 8.162925e+003 1.984095e-025 8.162925e+003
d  1.537265e+000 1.019350e+004 8.323923e-025 1.019350e+004
d  1.528379e+000 1.272920e+004 3.456458e-024 1.272920e+004
d  1.519493e+000 1.589567e+004 1.420602e-023 1.589567e+004
d  1.510608e+000 1.984983e+004 5.778980e-023 1.984983e+004
d  1.501722e+000 2.478760e+004 2.326847e-022 2.478760e+004
d  1.492836e+000 3.095367e+004 9.273040e-022 3.095367e+004
d  1.483950e+000 3.865359e+004 3.657752e-021 3.865359e+004
d  1.475064e+000 4.826892e+004 1.428052e-020 4.826892e+004
d  1.466178e+000 6.027612e+004 5.518383e-020 6.027612e+004
d  1.457292e+000 7.527019e+004 2.110655e-019 7.527019e+004
d  1.448406e+000 9.399414e+004 7.990253e-019 9.399414e+004
d  1.439520e+000 1.173758e+005 2.993929e-018 1.173758e+005
d  1.430634e+000 1.465738e+005 1.110351e-017 1.465738e+005
d  1.421748e+000 1.830349e+005 4.075838e-017 1.830349e+005
d  1.412862e+000 2.285660e+005 1.480850e-016 2.285660e+005
d  1.403976e+000 2.854233e+005 5.325290e-016 2.854233e+005
d  1.395091e+000 3.564241e+005 1.895454e-015 3.564241e+005
d  1.386205e+000 4.450869e+005 6.677606e-015 4.450869e+005
d  1.377319e+000 5.558051e+005 2.328446e-014 5.558051e+005
d  1.368433e+000 6.940652e+005 8.036176e-014 6.940652e+005
d  1.359547e+000 8.667184e+005 2.745177e-013 8.667184e+005
d  1.350661e+000 1.082320e+006 9.281735e-013 1.082320e+006
d  1.341775e+000 1.351554e+006 3.106173e-012 1.351554e+006
d  1.332889e+000 1.687762e+006 1.028869e-011 1.687762e+006
d  1.324003e+000 2.107604e+006 3.373122e-011 2.107604e+006
d  1.315117e+000 2.631883e+006 1.094566e-010 2.631883e+006
d  1.306231e+000 3.286581e+006 3.515519e-010 3.286581e+006
d  1.297345e+000 4.104139e+006 1.117570e-009 4.104139e+006
d  1.288459e+000 5.125070e+006 3.516398e-009 5.125070e+006
d  1.279573e+000 6.399964e+006 1.095113e-008 6.399964e+006
d  1.270688e+000 7.991996e+006 3.375652e-008 7.991996e+006
d  1.261802e+000 9.980056e+006 1.029898e-007 9.980056e+006
d  1.252916e+000 1.246266e+007 3.110058e-007 1.246266e+007
d  1.244030e+000 1.556283e+007 9.295666e-007 1.556283e+007
d  1.235144e+000 1.943418e+007 2.749985e-006 1.943418e+007
d  1.226258e+000 2.426855e+007 8.052262e-006 2.426855e+007
d  1.217372e+000 3.030551e+007 2.333691e-005 3.030551e+007
d  1.208486e+000 3.784420e+007 6.694319e-005 3.784420e+007
d  1.199600e+000 4.725819e+007 1.900673e-004 4.725819e+007
d  1.190714e+000 5.901397e+007 5.341288e-004 5.901397e+007
d  1.181828e+000 7.369407e+007 1.485670e-003 7.369407e+007
d  1.172942e+000 9.202594e+007 4.090126e-003 9.202594e+007
d  1.164056e+000 1.149180e+008 1.114522e-002 1.149180e+008
d  1.155170e+000 1.435046e+008 3.005927e-002 1.435046e+008
d  1.146285e+000 1.792022e+008 8.024279e-002 1.792022e+008
d  1.137399e+000 2.237799e+008 2.120173e-001 2.237799e+008
d  1.128513e+000 2.794466e+008 5.544654e-001 2.794466e+008
d  1.119627e+000 3.489608e+008 1.435210e+000 3.489608e+008
d  1.110741e+000 4.357670e+008 3.677003e+000 4.357670e+008
d  1.101855e+000 5.441668e+008 9.324175e+000 5.441668e+008
d  1.092969e+000 6.795318e+008 2.340263e+001 6.795318e+008
d  1.084083e+000 8.485697e+008 5.813753e+001 8.485697e+008
d  1.075197e+000 1.059657e+009 1.429507e+002 1.059657e+009
d  1.066311e+000 1.323253e+009 3.478995e+002 1.323254e+009
d  1.057425e+000 1.652421e+009 8.380292e+002 1.652422e+009
d  1.048539e+000 2.063471e+009 1.998031e+003 2.063473e+009
d  1.039653e+000 2.576773e+009 4.715015e+003 2.576778e+009
d  1.030768e+000 3.217762e+009 1.101290e+004 3.217773e+009
d  1.021882e+000 4.018200e+009 2.545998e+004 4.018226e+009
d  1.012996e+000 5.017753e+009 5.825755e+004 5.017812e+009
d  1.004110e+000 6.265952e+009 1.319423e+005 6.266084e+009
d  9.952238e-001 7.824647e+009 2.957698e+005 7.824943e+009
d  9.863379e-001 9.771078e+009 6.562380e+005 9.771734e+009
d  9.774520e-001 1.220170e+010 1.441141e+006 1.220314e+010
d  9.685660e-001 1.523695e+010 3.132490e+006 1.524008e+010
d  9.596801e-001 1.902723e+010 6.739233e+006 1.903397e+010
d  9.507942e-001 2.376038e+010 1.435057e+007 2.377473e+010
d  9.419083e-001 2.967093e+010 3.024582e+007 2.970117e+010
d  9.330223e-001 3.705176e+010 6.309567e+007 3.711486e+010
d  9.241364e-001 4.626862e+010 1.302781e+008 4.639890e+010
d  9.152505e-001 5.777824e+010 2.662448e+008 5.804448e+010
d  9.063645e-001 7.215094e+010 5.385532e+008 7.268950e+010
d  8.974786e-001 9.009895e+010 1.078236e+009 9.117719e+010
d  8.885927e-001 1.125116e+011 2.136667e+009 1.146483e+011
d  8.797068e-001 1.404996e+011 4.190806e+009 1.446904e+011
d  8.708208e-001 1.754498e+011 8.135723e+009 1.835855e+011
d  8.619349e-001 2.190941e+011 1.563265e+010 2.347267e+011
d  8.530490e-001 2.735951e+011 2.973080e+010 3.033259e+011
d  8.441631e-001 3.416537e+011 5.596525e+010 3.976189e+011
d  8.352771e-001 4.266422e+011 1.042721e+011 5.309143e+011
d  8.263912e-001 5.327722e+011 1.922895e+011 7.250617e+011
d  8.175053e-001 6.653027e+011 3.509787e+011 1.016281e+012
d  8.086193e-001 8.308010e+011 6.340795e+011 1.464880e+012
d  7.997334e-001 1.037468e+012 1.133821e+012 2.171289e+012
d  7.908475e-001 1.295545e+012 2.006702e+012 3.302247e+012
d  7.819616e-001 1.617820e+012 3.515275e+012 5.133095e+012
d  7.730756e-001 2.020263e+012 6.094995e+012 8.115258e+012
d  7.641897e-001 2.522816e+012 1.045984e+013 1.298266e+013
d  7.553038e-001 3.150383e+012 1.776703e+013 2.091741e+013
d  7.464179e-001 3.934061e+012 2.987048e+013 3.380454e+013
d  7.375319e-001 4.912684e+012 4.970583e+013 5.461852e+013
d  7.286460e-001 6.134745e+012 8.186727e+013 8.800201e+013
d  7.197601e-001 7.660802e+012 1.334600e+014 1.411208e+014
d  7.108742e-001 9.566476e+012 2.153424e+014 2.249088e+014
d  7.019882e-001 1.194620e+013 3.439108e+014 3.558569e+014
d  6.931023e-001 1.491789e+013 5.436255e+014 5.585434e+014
d  6.842164e-001 1.862881e+013 8.505338e+014 8.691627e+014
d  6.753304e-001 2.326285e+013 1.317107e+015 1.340370e+015
d  6.664445e-001 2.904963e+013 2.018778e+015 2.047828e+015
d  6.575586e-001 3.627591e+013 3.062624e+015 3.098900e+015
d  6.486727e-001 4.529978e+013 4.598716e+015 4.644016e+015
d  6.397867e-001 5.656838e+013 6.834666e+015 6.891234e+015
d  6.309008e-001 7.064013e+013 1.005393e+016 1.012457e+016
d  6.220149e-001 8.821232e+013 1.463834e+016 1.472656e+016
d  6.131290e-001 1.101557e+014 2.109531e+016 2.120547e+016
d  6.042430e-001 1.375576e+014 3.008969e+016 3.022725e+016
d  5.953571e-001 1.717760e+014 4.248027e+016 4.265205e+016
d  5.864712e-001 2.145063e+014 5.936010e+016 5.957460e+016
d  5.775852e-001 2.678662e+014 8.209935e+016 8.236721e+016
d  5.686993e-001 3.344996e+014 1.123887e+017 1.127232e+017
d  5.598134e-001 4.177085e+014 1.522801e+017 1.526978e+017
d  5.509275e-001 5.216161e+014 2.042216e+017 2.047432e+017
d  5.420415e-001 6.513715e+014 2.710802e+017 2.717316e+017
d  5.331556e-001 8.134043e+014 3.561491e+017 3.569625e+017
d  5.242697e-001 1.015744e+015 4.631307e+017 4.641464e+017
d  5.153838e-001 1.268417e+015 5.960917e+017 5.973601e+017
d  5.064978e-001 1.583943e+015 7.593822e+017 7.609661e+017
d  4.976119e-001 1.977959e+015 9.575147e+017 9.594927e+017
d  4.887260e-001 2.469989e+015 1.195001e+018 1.197471e+018
d  4.798401e-001 3.084415e+015 1.476145e+018 1.479229e+018
d  4.709541e-001 3.851683e+015 1.804793e+018 1.808644e+018
d  4.620682e-001 4.809814e+015 2.184054e+018 2.188864e+018
d  4.531823e-001 6.006286e+015 2.615998e+018 2.622004e+018
d  4.442963e-001 7.500388e+015 3.101338e+018 3.108839e+018
d  4.354104e-001 9.366158e+015 3.639139e+018 3.648505e+018
d  4.265245e-001 1.169605e+016 4.226549e+018 4.238245e+018
d  4.176386e-001 1.460552e+016 4.858597e+018 4.873203e+018
d  4.087526e-001 1.823873e+016 5.528072e+018 5.546311e+018
d  3.998667e-001 2.277573e+016 6.225501e+018 6.248277e+018
d  3.909808e-001 2.844134e+016 6.939252e+018 6.967693e+018
d  3.820949e-001 3.551631e+016 7.655769e+018 7.691285e+018
d  3.732089e-001 4.435122e+016 8.359931e+018 8.404282e+018
d  3.643230e-001 5.538387e+016 9.035546e+018 9.090929e+018
d  3.554371e-001 6.916096e+016 9.665934e+018 9.735095e+018
d  3.465511e-001 8.636519e+016 1.023460e+019 1.032097e+019
d  3.376652e-001 1.078491e+017 1.072596e+019 1.083381e+019
d  3.287793e-001 1.346772e+017 1.112599e+019 1.126067e+019
d  3.198934e-001 1.681790e+017 1.142298e+019 1.159116e+019
d  3.110074e-001 2.100147e+017 1.160801e+019 1.181802e+019
d  3.021215e-001 2.622572e+017 1.167546e+019 1.193771e+019
d  2.932356e-001 3.274953e+017 1.162325e+019 1.195075e+019
d  2.843497e-001 4.089618e+017 1.145300e+019 1.186196e+019
d  2.754637e-001 5.106937e+017 1.116989e+019 1.168058e+019
d  2.665778e-001 6.377320e+017 1.078241e+019 1.142015e+019
d  2.576919e-001 7.963720e+017 1.030199e+019 1.109836e+019
d  2.488060e-001 9.944746e+017 9.742349e+018 1.073682e+019
d  2.399200e-001 1.241857e+018 9.118937e+018 1.036079e+019
d  2.310341e-001 1.550776e+018 8.448167e+018 9.998943e+018
d  2.221482e-001 1.936542e+018 7.746733e+018 9.683274e+018
d  2.132622e-001 2.418269e+018 7.030924e+018 9.449193e+018
d  2.043763e-001 3.019829e+018 6.316028e+018 9.335856e+018
d  1.954904e-001 3.771031e+018 5.615823e+018 9.386854e+018
d  1.866045e-001 4.709098e+018 4.942203e+018 9.651301e+018
d  1.777185e-001 5.880517e+018 4.304924e+018 1.018544e+019
d  1.688326e-001 7.343333e+018 3.711489e+018 1.105482e+019
d  1.599467e-001 9.170034e+018 3.167151e+018 1.233718e+019
d  1.510608e-001 1.145114e+019 2.675020e+018 1.412616e+019
d  1.421748e-001 1.429968e+019 2.236264e+018 1.653595e+019
d  1.332889e-001 1.785682e+019 1.850363e+018 1.970718e+019
d  1.244030e-001 2.229882e+019 1.515404e+018 2.381422e+019
d  1.155170e-001 2.784579e+019 1.228394e+018 2.907419e+019
d  1.066311e-001 3.477261e+019 9.855642e+017 3.575817e+019
d  9.774520e-002 4.342252e+019 7.826540e+017 4.420517e+019
d  8.885927e-002 5.422415e+019 6.151662e+017 5.483932e+019
d  7.997334e-002 6.771275e+019 4.785782e+017 6.819133e+019
d  7.108742e-002 8.455673e+019 3.685116e+017 8.492525e+019
d  6.220149e-002 1.055908e+020 2.808582e+017 1.058716e+020
d  5.331556e-002 1.318571e+020 2.118658e+017 1.320690e+020
d  4.442963e-002 1.646574e+020 1.581876e+017 1.648156e+020
d  3.554371e-002 2.056170e+020 1.169020e+017 2.057339e+020
d  2.665778e-002 2.567656e+020 8.550843e+016 2.568511e+020
d  1.777185e-002 3.206377e+020 6.190615e+016 3.206996e+020
d  8.885927e-003 4.003983e+020 4.436050e+016 4.004427e+020
d  0.000000e+000 5.000000e+020 3.146276e+016 5.000315e+020
