v ATLAS
# This file was created by ATLAS version 5.28.1.R on Fri Sep 25 03:21:40 2026.
#SSF 2.0 generic
##############################################################################
#                    Copyright (c) 1984 - 2019                               #
#                    Silvaco Inc. All rights reserved                        #
#                                                                            #
# This file format and the following Key are copyright Silvaco Inc.          #
# You may not use, this format or key without reproducing this message in    #
# full and obtaining express written permission from Silvaco Inc.            #
#                                                                            #
# To obtain such permission please contact: Silvaco Inc.                     #
#                                           support@silvaco.com              #
#                                                                            #
# KEY=SVC86hn7562asdx                       PROD=345                         #
##############################################################################
p 4 74 76 75 205
d  3.403310e+000 5.597591e-017 1.031520e-135 5.597591e-017
d  3.394424e+000 6.990028e-017 9.409755e-135 6.990028e-017
d  3.385538e+000 8.728842e-017 8.523753e-134 8.728842e-017
d  3.376652e+000 1.090020e-016 7.667173e-133 1.090020e-016
d  3.367766e+000 1.361169e-016 6.848438e-132 1.361169e-016
d  3.358880e+000 1.699769e-016 6.074347e-131 1.699769e-016
d  3.349994e+000 2.122597e-016 5.350071e-130 2.122597e-016
d  3.341109e+000 2.650606e-016 4.679197e-129 2.650606e-016
d  3.332223e+000 3.309962e-016 4.063824e-128 3.309962e-016
d  3.323337e+000 4.133336e-016 3.504696e-127 4.133336e-016
d  3.314451e+000 5.161530e-016 3.001357e-126 5.161530e-016
d  3.305565e+000 6.445493e-016 2.552330e-125 6.445493e-016
d  3.296679e+000 8.048851e-016 2.155301e-124 8.048851e-016
d  3.287793e+000 1.005105e-015 1.807302e-123 1.005105e-015
d  3.278907e+000 1.255132e-015 1.504892e-122 1.255132e-015
d  3.270021e+000 1.567354e-015 1.244319e-121 1.567354e-015
d  3.261135e+000 1.957243e-015 1.021669e-120 1.957243e-015
d  3.252249e+000 2.444120e-015 8.329913e-120 2.444120e-015
d  3.243363e+000 3.052110e-015 6.744077e-119 3.052110e-015
d  3.234477e+000 3.811342e-015 5.421961e-118 3.811342e-015
d  3.225591e+000 4.759438e-015 4.328547e-117 4.759438e-015
d  3.216706e+000 5.943379e-015 3.431466e-116 5.943379e-015
d  3.207820e+000 7.421832e-015 2.701277e-115 7.421832e-015
d  3.198934e+000 9.268060e-015 2.111594e-114 9.268060e-015
d  3.190048e+000 1.157355e-014 1.639093e-113 1.157355e-014
d  3.181162e+000 1.445254e-014 1.263422e-112 1.445254e-014
d  3.172276e+000 1.804771e-014 9.670419e-112 1.804771e-014
d  3.163390e+000 2.253719e-014 7.350111e-111 2.253719e-014
d  3.154504e+000 2.814346e-014 5.547463e-110 2.814346e-014
d  3.145618e+000 3.514433e-014 4.157639e-109 3.514433e-014
d  3.136732e+000 4.388670e-014 3.094218e-108 4.388670e-014
d  3.127846e+000 5.480380e-014 2.286688e-107 5.480380e-014
d  3.118960e+000 6.843659e-014 1.678088e-106 6.843659e-014
d  3.110074e+000 8.546063e-014 1.222854e-105 8.546063e-014
d  3.101188e+000 1.067195e-013 8.848834e-105 1.067195e-013
d  3.092303e+000 1.332667e-013 6.358423e-104 1.332667e-013
d  3.083417e+000 1.664176e-013 4.536957e-103 1.664176e-013
d  3.074531e+000 2.078151e-013 3.214636e-102 2.078151e-013
d  3.065645e+000 2.595104e-013 2.261782e-101 2.595104e-013
d  3.056759e+000 3.240653e-013 1.580234e-100 3.240653e-013
d  3.047873e+000 4.046786e-013 1.096337e-099 4.046786e-013
d  3.038987e+000 5.053449e-013 7.552983e-099 5.053449e-013
d  3.030101e+000 6.310527e-013 5.167075e-098 6.310527e-013
d  3.021215e+000 7.880311e-013 3.510128e-097 7.880311e-013
d  3.012329e+000 9.840589e-013 2.367843e-096 9.840589e-013
d  3.003443e+000 1.228850e-012 1.586115e-095 1.228850e-012
d  2.994557e+000 1.534534e-012 1.055039e-094 1.534534e-012
d  2.985671e+000 1.916259e-012 6.968735e-094 1.916259e-012
d  2.976786e+000 2.392941e-012 4.570790e-093 2.392941e-012
d  2.967900e+000 2.988200e-012 2.977011e-092 2.988200e-012
d  2.959014e+000 3.731534e-012 1.925402e-091 3.731534e-012
d  2.950128e+000 4.659777e-012 1.236558e-090 4.659777e-012
d  2.941242e+000 5.818927e-012 7.886043e-090 5.818927e-012
d  2.932356e+000 7.266422e-012 4.994083e-089 7.266422e-012
d  2.923470e+000 9.073991e-012 3.140539e-088 9.073991e-012
d  2.914584e+000 1.133120e-011 1.961121e-087 1.133120e-011
d  2.905698e+000 1.414991e-011 1.216064e-086 1.414991e-011
d  2.896812e+000 1.766980e-011 7.487907e-086 1.766980e-011
d  2.887926e+000 2.206527e-011 4.578427e-085 2.206527e-011
d  2.879040e+000 2.755415e-011 2.779866e-084 2.755415e-011
d  2.870154e+000 3.440842e-011 1.676036e-083 3.440842e-011
d  2.861268e+000 4.296773e-011 1.003448e-082 4.296773e-011
d  2.852383e+000 5.365623e-011 5.965651e-082 5.365623e-011
d  2.843497e+000 6.700356e-011 3.521866e-081 6.700356e-011
d  2.834611e+000 8.367112e-011 2.064618e-080 8.367112e-011
d  2.825725e+000 1.044849e-010 1.201873e-079 1.044849e-010
d  2.816839e+000 1.304761e-010 6.947506e-079 1.304761e-010
d  2.807953e+000 1.629329e-010 3.987965e-078 1.629329e-010
d  2.799067e+000 2.034635e-010 2.273137e-077 2.034635e-010
d  2.790181e+000 2.540763e-010 1.286624e-076 2.540763e-010
d  2.781295e+000 3.172795e-010 7.231519e-076 3.172795e-010
d  2.772409e+000 3.962048e-010 4.036076e-075 3.962048e-010
d  2.763523e+000 4.947632e-010 2.236871e-074 4.947632e-010
d  2.754637e+000 6.178387e-010 1.231046e-073 6.178387e-010
d  2.745751e+000 7.715301e-010 6.727592e-073 7.715301e-010
d  2.736865e+000 9.634531e-010 3.650873e-072 9.634531e-010
d  2.727980e+000 1.203118e-009 1.967369e-071 1.203118e-009
d  2.719094e+000 1.502402e-009 1.052753e-070 1.502402e-009
d  2.710208e+000 1.876134e-009 5.593958e-070 1.876134e-009
d  2.701322e+000 2.342834e-009 2.951642e-069 2.342834e-009
d  2.692436e+000 2.925629e-009 1.546536e-068 2.925629e-009
d  2.683550e+000 3.653398e-009 8.046523e-068 3.653398e-009
d  2.674664e+000 4.562204e-009 4.157271e-067 4.562204e-009
d  2.665778e+000 5.697081e-009 2.132849e-066 5.697081e-009
d  2.656892e+000 7.114266e-009 1.086586e-065 7.114266e-009
d  2.648006e+000 8.883985e-009 5.496921e-065 8.883985e-009
d  2.639120e+000 1.109393e-008 2.761385e-064 1.109393e-008
d  2.630234e+000 1.385362e-008 1.377483e-063 1.385362e-008
d  2.621348e+000 1.729980e-008 6.823344e-063 1.729980e-008
d  2.612463e+000 2.160323e-008 3.356295e-062 2.160323e-008
d  2.603577e+000 2.697717e-008 1.639362e-061 2.697717e-008
d  2.594691e+000 3.368792e-008 7.951363e-061 3.368792e-008
d  2.585805e+000 4.206800e-008 3.829659e-060 4.206800e-008
d  2.576919e+000 5.253269e-008 1.831599e-059 5.253269e-008
d  2.568033e+000 6.560053e-008 8.698664e-059 6.560053e-008
d  2.559147e+000 8.191908e-008 4.102292e-058 8.191908e-008
d  2.550261e+000 1.022970e-007 1.921111e-057 1.022970e-007
d  2.541375e+000 1.277440e-007 8.933674e-057 1.277440e-007
d  2.532489e+000 1.595211e-007 4.125339e-056 1.595211e-007
d  2.523603e+000 1.992031e-007 1.891651e-055 1.992031e-007
d  2.514717e+000 2.487561e-007 8.613392e-055 2.487561e-007
d  2.505831e+000 3.106358e-007 3.894568e-054 3.106358e-007
d  2.496945e+000 3.879084e-007 1.748623e-053 3.879084e-007
d  2.488060e+000 4.844031e-007 7.796235e-053 4.844031e-007
d  2.479174e+000 6.049014e-007 3.451640e-052 6.049014e-007
d  2.470288e+000 7.553745e-007 1.517462e-051 7.553745e-007
d  2.461402e+000 9.432788e-007 6.624639e-051 9.432788e-007
d  2.452516e+000 1.177925e-006 2.871828e-050 1.177925e-006
d  2.443630e+000 1.470942e-006 1.236250e-049 1.470942e-006
d  2.434744e+000 1.836848e-006 5.284527e-049 1.836848e-006
d  2.425858e+000 2.293776e-006 2.243147e-048 2.293776e-006
d  2.416972e+000 2.864367e-006 9.454995e-048 2.864367e-006
d  2.408086e+000 3.576897e-006 3.957461e-047 3.576897e-006
d  2.399200e+000 4.466673e-006 1.644841e-046 4.466673e-006
d  2.390314e+000 5.577786e-006 6.788641e-046 5.577786e-006
d  2.381428e+000 6.965296e-006 2.782234e-045 6.965296e-006
d  2.372542e+000 8.697958e-006 1.132287e-044 8.697958e-006
d  2.363657e+000 1.086163e-005 4.575842e-044 1.086163e-005
d  2.354771e+000 1.356353e-005 1.836274e-043 1.356353e-005
d  2.345885e+000 1.693755e-005 7.317381e-043 1.693755e-005
d  2.336999e+000 2.115087e-005 2.895514e-042 2.115087e-005
d  2.328113e+000 2.641228e-005 1.137752e-041 2.641228e-005
d  2.319227e+000 3.298251e-005 4.439371e-041 3.298251e-005
d  2.310341e+000 4.118712e-005 1.720074e-040 4.118712e-005
d  2.301455e+000 5.143268e-005 6.617966e-040 5.143268e-005
d  2.292569e+000 6.422688e-005 2.528447e-039 6.422688e-005
d  2.283683e+000 8.020373e-005 9.592570e-039 8.020373e-005
d  2.274797e+000 1.001549e-004 3.613832e-038 1.001549e-004
d  2.265911e+000 1.250691e-004 1.351926e-037 1.250691e-004
d  2.257025e+000 1.561808e-004 5.022148e-037 1.561808e-004
d  2.248140e+000 1.950318e-004 1.852584e-036 1.950318e-004
d  2.239254e+000 2.435472e-004 6.786071e-036 2.435472e-004
d  2.230368e+000 3.041312e-004 2.468372e-035 3.041312e-004
d  2.221482e+000 3.797857e-004 8.915684e-035 3.797857e-004
d  2.212596e+000 4.742599e-004 3.197794e-034 4.742599e-004
d  2.203710e+000 5.922350e-004 1.138933e-033 5.922350e-004
d  2.194824e+000 7.395573e-004 4.028078e-033 7.395573e-004
d  2.185938e+000 9.235269e-004 1.414651e-032 9.235269e-004
d  2.177052e+000 1.153260e-003 4.933471e-032 1.153260e-003
d  2.168166e+000 1.440141e-003 1.708471e-031 1.440141e-003
d  2.159280e+000 1.798385e-003 5.875092e-031 1.798385e-003
d  2.150394e+000 2.245745e-003 2.006196e-030 2.245745e-003
d  2.141508e+000 2.804389e-003 6.802744e-030 2.804389e-003
d  2.132622e+000 3.501998e-003 2.290586e-029 3.501998e-003
d  2.123737e+000 4.373143e-003 7.658803e-029 4.373143e-003
d  2.114851e+000 5.460990e-003 2.542887e-028 5.460990e-003
d  2.105965e+000 6.819446e-003 8.383881e-028 6.819446e-003
d  2.097079e+000 8.515827e-003 2.744827e-027 8.515827e-003
d  2.088193e+000 1.063419e-002 8.923530e-027 1.063419e-002
d  2.079307e+000 1.327952e-002 2.880781e-026 1.327952e-002
d  2.070421e+000 1.658288e-002 9.234973e-026 1.658288e-002
d  2.061535e+000 2.070798e-002 2.939767e-025 2.070798e-002
d  2.052649e+000 2.585922e-002 9.292701e-025 2.585922e-002
d  2.043763e+000 3.229187e-002 2.916909e-024 3.229187e-002
d  2.034877e+000 4.032468e-002 9.091921e-024 4.032468e-002
d  2.025991e+000 5.035570e-002 2.814105e-023 5.035570e-002
d  2.017105e+000 6.288200e-002 8.649216e-023 6.288200e-002
d  2.008219e+000 7.852430e-002 2.639763e-022 7.852430e-002
d  1.999334e+000 9.805772e-002 8.000280e-022 9.805772e-002
d  1.990448e+000 1.224502e-001 2.407671e-021 1.224502e-001
d  1.981562e+000 1.529105e-001 7.195169e-021 1.529105e-001
d  1.972676e+000 1.909479e-001 2.135191e-020 1.909479e-001
d  1.963790e+000 2.384475e-001 6.291934e-020 2.384475e-001
d  1.954904e+000 2.977628e-001 1.841126e-019 2.977628e-001
d  1.946018e+000 3.718332e-001 5.349765e-019 3.718332e-001
d  1.937132e+000 4.643291e-001 1.543611e-018 4.643291e-001
d  1.928246e+000 5.798339e-001 4.422753e-018 5.798339e-001
d  1.919360e+000 7.240713e-001 1.258344e-017 7.240713e-001
d  1.910474e+000 9.041886e-001 3.555150e-017 9.041886e-001
d  1.901588e+000 1.129111e+000 9.973978e-017 1.129111e+000
d  1.892702e+000 1.409985e+000 2.778630e-016 1.409985e+000
d  1.883817e+000 1.760728e+000 7.686786e-016 1.760728e+000
d  1.874931e+000 2.198720e+000 2.111595e-015 2.198720e+000
d  1.866045e+000 2.745666e+000 5.760080e-015 2.745666e+000
d  1.857159e+000 3.428668e+000 1.560264e-014 3.428668e+000
d  1.848273e+000 4.281571e+000 4.196813e-014 4.281571e+000
d  1.839387e+000 5.346639e+000 1.120967e-013 5.346639e+000
d  1.830501e+000 6.676649e+000 2.973159e-013 6.676649e+000
d  1.821615e+000 8.337509e+000 7.830602e-013 8.337509e+000
d  1.812729e+000 1.041152e+001 2.047972e-012 1.041152e+001
d  1.803843e+000 1.300145e+001 5.318690e-012 1.300145e+001
d  1.794957e+000 1.623564e+001 1.371631e-011 1.623564e+001
d  1.786071e+000 2.027436e+001 3.512543e-011 2.027436e+001
d  1.777185e+000 2.531774e+001 8.932188e-011 2.531774e+001
d  1.768299e+000 3.161569e+001 2.255516e-010 3.161569e+001
d  1.759414e+000 3.948029e+001 5.655693e-010 3.948029e+001
d  1.750528e+000 4.930127e+001 1.408243e-009 4.930127e+001
d  1.741642e+000 6.156528e+001 3.481939e-009 6.156528e+001
d  1.732756e+000 7.688003e+001 8.549027e-009 7.688003e+001
d  1.723870e+000 9.600443e+001 2.084318e-008 9.600443e+001
d  1.714984e+000 1.198861e+002 5.046184e-008 1.198861e+002
d  1.706098e+000 1.497086e+002 1.213149e-007 1.497086e+002
d  1.697212e+000 1.869496e+002 2.896122e-007 1.869496e+002
d  1.688326e+000 2.334545e+002 6.865490e-007 2.334545e+002
d  1.679440e+000 2.915278e+002 1.616137e-006 2.915278e+002
d  1.670554e+000 3.640471e+002 3.777778e-006 3.640471e+002
d  1.661668e+000 4.546062e+002 8.768930e-006 4.546062e+002
d  1.652782e+000 5.676924e+002 2.021197e-005 5.676924e+002
d  1.643896e+000 7.089095e+002 4.626180e-005 7.089096e+002
d  1.635011e+000 8.852553e+002 1.051449e-004 8.852554e+002
d  1.626125e+000 1.105468e+003 2.373044e-004 1.105468e+003
d  1.617239e+000 1.380460e+003 5.318330e-004 1.380461e+003
d  1.608353e+000 1.723859e+003 1.183577e-003 1.723860e+003
d  1.599467e+000 2.152680e+003 2.615590e-003 2.152682e+003
d  1.590581e+000 2.688173e+003 5.739771e-003 2.688178e+003
d  1.581695e+000 3.356873e+003 1.250752e-002 3.356885e+003
d  1.572809e+000 4.191916e+003 2.706450e-002 4.191943e+003
d  1.563923e+000 5.234682e+003 5.815411e-002 5.234741e+003
d  1.555037e+000 6.536843e+003 1.240831e-001 6.536967e+003
d  1.546151e+000 8.162925e+003 2.629038e-001 8.163187e+003
d  1.537265e+000 1.019350e+004 5.531373e-001 1.019406e+004
d  1.528379e+000 1.272920e+004 1.155635e+000 1.273036e+004
d  1.519493e+000 1.589567e+004 2.397510e+000 1.589807e+004
d  1.510608e+000 1.984983e+004 4.939147e+000 1.985476e+004
d  1.501722e+000 2.478760e+004 1.010405e+001 2.479770e+004
d  1.492836e+000 3.095367e+004 2.052535e+001 3.097419e+004
d  1.483950e+000 3.865359e+004 4.140356e+001 3.869500e+004
d  1.475064e+000 4.826892e+004 8.293476e+001 4.835186e+004
d  1.466178e+000 6.027612e+004 1.649633e+002 6.044109e+004
d  1.457292e+000 7.527019e+004 3.258291e+002 7.559602e+004
d  1.448406e+000 9.399414e+004 6.390640e+002 9.463320e+004
d  1.439520e+000 1.173758e+005 1.244660e+003 1.186204e+005
d  1.430634e+000 1.465738e+005 2.407181e+003 1.489809e+005
d  1.421748e+000 1.830349e+005 4.622945e+003 1.876579e+005
d  1.412862e+000 2.285660e+005 8.816182e+003 2.373822e+005
d  1.403976e+000 2.854233e+005 1.669530e+004 3.021186e+005
d  1.395091e+000 3.564241e+005 3.139494e+004 3.878191e+005
d  1.386205e+000 4.450869e+005 5.862422e+004 5.037111e+005
d  1.377319e+000 5.558051e+005 1.087042e+005 6.645093e+005
d  1.368433e+000 6.940652e+005 2.001554e+005 8.942206e+005
d  1.359547e+000 8.667184e+005 3.659655e+005 1.232684e+006
d  1.350661e+000 1.082320e+006 6.644539e+005 1.746774e+006
d  1.341775e+000 1.351554e+006 1.197958e+006 2.549512e+006
d  1.332889e+000 1.687762e+006 2.144716e+006 3.832478e+006
d  1.324003e+000 2.107604e+006 3.812853e+006 5.920457e+006
d  1.315117e+000 2.631883e+006 6.731040e+006 9.362923e+006
d  1.306231e+000 3.286581e+006 1.179957e+007 1.508615e+007
d  1.297345e+000 4.104139e+006 2.054007e+007 2.464421e+007
d  1.288459e+000 5.125070e+006 3.550500e+007 4.063007e+007
d  1.279573e+000 6.399964e+006 6.094372e+007 6.734369e+007
d  1.270688e+000 7.991996e+006 1.038772e+008 1.118692e+008
d  1.261802e+000 9.980056e+006 1.758180e+008 1.857981e+008
d  1.252916e+000 1.246266e+007 2.955006e+008 3.079633e+008
d  1.244030e+000 1.556283e+007 4.931798e+008 5.087426e+008
d  1.235144e+000 1.943418e+007 8.173423e+008 8.367765e+008
d  1.226258e+000 2.426855e+007 1.345100e+009 1.369368e+009
d  1.217372e+000 3.030551e+007 2.198148e+009 2.228453e+009
d  1.208486e+000 3.784420e+007 3.567065e+009 3.604910e+009
d  1.199600e+000 4.725819e+007 5.748005e+009 5.795263e+009
d  1.190714e+000 5.901397e+007 9.197611e+009 9.256625e+009
d  1.181828e+000 7.369407e+007 1.461453e+010 1.468822e+010
d  1.172942e+000 9.202594e+007 2.305931e+010 2.315134e+010
d  1.164056e+000 1.149180e+008 3.612932e+010 3.624424e+010
d  1.155170e+000 1.435046e+008 5.621149e+010 5.635499e+010
d  1.146285e+000 1.792022e+008 8.684447e+010 8.702368e+010
d  1.137399e+000 2.237799e+008 1.332328e+011 1.334566e+011
d  1.128513e+000 2.794466e+008 2.029701e+011 2.032495e+011
d  1.119627e+000 3.489608e+008 3.070468e+011 3.073958e+011
d  1.110741e+000 4.357670e+008 4.612423e+011 4.616780e+011
d  1.101855e+000 5.441668e+008 6.880269e+011 6.885711e+011
d  1.092969e+000 6.795318e+008 1.019139e+012 1.019819e+012
d  1.084083e+000 8.485697e+008 1.499041e+012 1.499890e+012
d  1.075197e+000 1.059657e+009 2.189503e+012 2.190562e+012
d  1.066311e+000 1.323253e+009 3.175625e+012 3.176948e+012
d  1.057425e+000 1.652421e+009 4.573669e+012 4.575322e+012
d  1.048539e+000 2.063471e+009 6.541121e+012 6.543184e+012
d  1.039653e+000 2.576773e+009 9.289480e+012 9.292057e+012
d  1.030768e+000 3.217762e+009 1.310034e+013 1.310356e+013
d  1.021882e+000 4.018200e+009 1.834533e+013 1.834934e+013
d  1.012996e+000 5.017753e+009 2.551057e+013 2.551559e+013
d  1.004110e+000 6.265952e+009 3.522628e+013 3.523255e+013
d  9.952238e-001 7.824647e+009 4.830202e+013 4.830984e+013
d  9.863379e-001 9.771078e+009 6.576814e+013 6.577791e+013
d  9.774520e-001 1.220170e+010 8.892374e+013 8.893594e+013
d  9.685660e-001 1.523695e+010 1.193910e+014 1.194063e+014
d  9.596801e-001 1.902723e+010 1.591760e+014 1.591950e+014
d  9.507942e-001 2.376038e+010 2.107343e+014 2.107581e+014
d  9.419083e-001 2.967093e+010 2.770414e+014 2.770711e+014
d  9.330223e-001 3.705176e+010 3.616647e+014 3.617017e+014
d  9.241364e-001 4.626862e+010 4.688342e+014 4.688805e+014
d  9.152505e-001 5.777824e+010 6.035098e+014 6.035676e+014
d  9.063645e-001 7.215094e+010 7.714384e+014 7.715105e+014
d  8.974786e-001 9.009895e+010 9.791968e+014 9.792869e+014
d  8.885927e-001 1.125116e+011 1.234214e+015 1.234327e+015
d  8.797068e-001 1.404996e+011 1.544767e+015 1.544908e+015
d  8.708208e-001 1.754498e+011 1.919938e+015 1.920114e+015
d  8.619349e-001 2.190941e+011 2.369536e+015 2.369755e+015
d  8.530490e-001 2.735951e+011 2.903965e+015 2.904238e+015
d  8.441631e-001 3.416537e+011 3.534037e+015 3.534379e+015
d  8.352771e-001 4.266422e+011 4.270736e+015 4.271163e+015
d  8.263912e-001 5.327722e+011 5.124910e+015 5.125443e+015
d  8.175053e-001 6.653027e+011 6.106911e+015 6.107576e+015
d  8.086193e-001 8.308010e+011 7.226179e+015 7.227010e+015
d  7.997334e-001 1.037468e+012 8.490783e+015 8.491821e+015
d  7.908475e-001 1.295545e+012 9.906919e+015 9.908215e+015
d  7.819616e-001 1.617820e+012 1.147840e+016 1.148002e+016
d  7.730756e-001 2.020263e+012 1.320614e+016 1.320816e+016
d  7.641897e-001 2.522816e+012 1.508767e+016 1.509020e+016
d  7.553038e-001 3.150383e+012 1.711672e+016 1.711987e+016
d  7.464179e-001 3.934061e+012 1.928282e+016 1.928675e+016
d  7.375319e-001 4.912684e+012 2.157111e+016 2.157602e+016
d  7.286460e-001 6.134745e+012 2.396218e+016 2.396831e+016
d  7.197601e-001 7.660802e+012 2.643211e+016 2.643977e+016
d  7.108742e-001 9.566476e+012 2.895272e+016 2.896228e+016
d  7.019882e-001 1.194620e+013 3.149188e+016 3.150383e+016
d  6.931023e-001 1.491789e+013 3.401416e+016 3.402908e+016
d  6.842164e-001 1.862881e+013 3.648150e+016 3.650013e+016
d  6.753304e-001 2.326285e+013 3.885416e+016 3.887742e+016
d  6.664445e-001 2.904963e+013 4.109171e+016 4.112076e+016
d  6.575586e-001 3.627591e+013 4.315417e+016 4.319044e+016
d  6.486727e-001 4.529978e+013 4.500317e+016 4.504847e+016
d  6.397867e-001 5.656838e+013 4.660315e+016 4.665972e+016
d  6.309008e-001 7.064013e+013 4.792248e+016 4.799312e+016
d  6.220149e-001 8.821232e+013 4.893451e+016 4.902272e+016
d  6.131290e-001 1.101557e+014 4.961842e+016 4.972858e+016
d  6.042430e-001 1.375576e+014 4.996001e+016 5.009757e+016
d  5.953571e-001 1.717760e+014 4.995212e+016 5.012390e+016
d  5.864712e-001 2.145063e+014 4.959492e+016 4.980942e+016
d  5.775852e-001 2.678662e+014 4.889588e+016 4.916375e+016
d  5.686993e-001 3.344996e+014 4.786954e+016 4.820404e+016
d  5.598134e-001 4.177085e+014 4.653696e+016 4.695467e+016
d  5.509275e-001 5.216161e+014 4.492506e+016 4.544667e+016
d  5.420415e-001 6.513715e+014 4.306566e+016 4.371703e+016
d  5.331556e-001 8.134043e+014 4.099449e+016 4.180789e+016
d  5.242697e-001 1.015744e+015 3.874999e+016 3.976574e+016
d  5.153838e-001 1.268417e+015 3.637220e+016 3.764062e+016
d  5.064978e-001 1.583943e+015 3.390154e+016 3.548549e+016
d  4.976119e-001 1.977959e+015 3.137770e+016 3.335566e+016
d  4.887260e-001 2.469989e+015 2.883864e+016 3.130862e+016
d  4.798401e-001 3.084415e+015 2.631965e+016 2.940406e+016
d  4.709541e-001 3.851683e+015 2.385269e+016 2.770437e+016
d  4.620682e-001 4.809814e+015 2.146577e+016 2.627558e+016
d  4.531823e-001 6.006286e+015 1.918259e+016 2.518888e+016
d  4.442963e-001 7.500388e+015 1.702237e+016 2.452276e+016
d  4.354104e-001 9.366158e+015 1.499977e+016 2.436593e+016
d  4.265245e-001 1.169605e+016 1.312505e+016 2.482110e+016
d  4.176386e-001 1.460552e+016 1.140432e+016 2.600984e+016
d  4.087526e-001 1.823873e+016 9.839873e+015 2.807861e+016
d  3.998667e-001 2.277573e+016 8.430658e+015 3.120639e+016
d  3.909808e-001 2.844134e+016 7.172743e+015 3.561409e+016
d  3.820949e-001 3.551631e+016 6.059837e+015 4.157615e+016
d  3.732089e-001 4.435122e+016 5.083800e+015 4.943502e+016
d  3.643230e-001 5.538387e+016 4.235140e+015 5.961901e+016
d  3.554371e-001 6.916096e+016 3.503475e+015 7.266443e+016
d  3.465511e-001 8.636519e+016 2.877942e+015 8.924313e+016
d  3.376652e-001 1.078491e+017 2.347561e+015 1.101966e+017
d  3.287793e-001 1.346772e+017 1.901532e+015 1.365788e+017
d  3.198934e-001 1.681790e+017 1.529474e+015 1.697085e+017
d  3.110074e-001 2.100147e+017 1.221610e+015 2.112363e+017
d  3.021215e-001 2.622572e+017 9.688909e+014 2.632260e+017
d  2.932356e-001 3.274953e+017 7.630780e+014 3.282584e+017
d  2.843497e-001 4.089618e+017 5.967809e+014 4.095586e+017
d  2.754637e-001 5.106937e+017 4.634604e+014 5.111572e+017
d  2.665778e-001 6.377320e+017 3.574064e+014 6.380895e+017
d  2.576919e-001 7.963720e+017 2.736930e+014 7.966457e+017
d  2.488060e-001 9.944746e+017 2.081216e+014 9.946827e+017
d  2.399200e-001 1.241857e+018 1.571528e+014 1.242014e+018
d  2.310341e-001 1.550776e+018 1.178363e+014 1.550894e+018
d  2.221482e-001 1.936542e+018 8.773807e+013 1.936630e+018
d  2.132622e-001 2.418269e+018 6.487073e+013 2.418334e+018
d  2.043763e-001 3.019829e+018 4.762788e+013 3.019876e+018
d  1.954904e-001 3.771031e+018 3.472367e+013 3.771065e+018
d  1.866045e-001 4.709098e+018 2.513865e+013 4.709124e+018
d  1.777185e-001 5.880517e+018 1.807216e+013 5.880535e+018
d  1.688326e-001 7.343333e+018 1.290119e+013 7.343346e+018
d  1.599467e-001 9.170034e+018 9.145377e+012 9.170043e+018
d  1.510608e-001 1.145114e+019 6.437618e+012 1.145115e+019
d  1.421748e-001 1.429968e+019 4.499877e+012 1.429969e+019
d  1.332889e-001 1.785682e+019 3.123402e+012 1.785682e+019
d  1.244030e-001 2.229882e+019 2.152817e+012 2.229882e+019
d  1.155170e-001 2.784579e+019 1.473459e+012 2.784579e+019
d  1.066311e-001 3.477261e+019 1.001430e+012 3.477261e+019
d  9.774520e-002 4.342252e+019 6.758580e+011 4.342252e+019
d  8.885927e-002 5.422415e+019 4.529413e+011 5.422415e+019
d  7.997334e-002 6.771275e+019 3.014257e+011 6.771275e+019
d  7.108742e-002 8.455673e+019 1.991913e+011 8.455673e+019
d  6.220149e-002 1.055908e+020 1.307111e+011 1.055908e+020
d  5.331556e-002 1.318571e+020 8.517387e+010 1.318571e+020
d  4.442963e-002 1.646574e+020 5.511275e+010 1.646574e+020
d  3.554371e-002 2.056170e+020 3.541193e+010 2.056170e+020
d  2.665778e-002 2.567656e+020 2.259431e+010 2.567656e+020
d  1.777185e-002 3.206377e+020 1.431529e+010 3.206377e+020
d  8.885927e-003 4.003983e+020 9.006444e+009 4.003983e+020
d  0.000000e+000 5.000000e+020 5.626759e+009 5.000000e+020
