Probe avg_n vs gate bias
76 2 2
gate bias
Probe avg_n
-3 8.65118e+012
-2.8 8.71769e+012
-2.6 8.80254e+012
-2.4 8.91086e+012
-2.2 9.04964e+012
-2 9.22824e+012
-1.8 9.45938e+012
-1.6 9.76065e+012
-1.4 1.01569e+013
-1.2 1.06845e+013
-1 1.13983e+013
-0.95 1.16151e+013
-0.9 1.18505e+013
-0.85 1.21067e+013
-0.8 1.2386e+013
-0.75 1.26912e+013
-0.7 1.30254e+013
-0.65 1.33924e+013
-0.6 1.37965e+013
-0.55 1.42428e+013
-0.5 1.47372e+013
-0.45 1.52869e+013
-0.4 1.59004e+013
-0.35 1.65878e+013
-0.3 1.7361e+013
-0.25 1.82347e+013
-0.2 1.92262e+013
-0.15 2.03562e+013
-0.1 2.16506e+013
-0.05 2.31465e+013
-4.24783e-016 2.49295e+013
0.05 2.73605e+013
0.1 3.24523e+013
0.15 5.19474e+013
0.2 1.51295e+014
0.25 6.36567e+014
0.3 2.47084e+015
0.35 7.34822e+015
0.4 1.69518e+016
0.45 3.24841e+016
0.5 5.48315e+016
0.55 8.48257e+016
0.6 1.2341e+017
0.65 1.71742e+017
0.7 2.31264e+017
0.75 3.03759e+017
0.8 3.91383e+017
0.85 4.96657e+017
0.9 6.22421e+017
0.95 7.71731e+017
1 9.47741e+017
1.05 1.15357e+018
1.1 1.39207e+018
1.15 1.66559e+018
1.2 1.97572e+018
1.25 2.32328e+018
1.3 2.7084e+018
1.35 3.13065e+018
1.4 3.5892e+018
1.45 4.08302e+018
1.5 4.61098e+018
1.6 5.76511e+018
1.7 7.04386e+018
1.8 8.4401e+018
1.9 9.9455e+018
2 1.15494e+019
2.1 1.32393e+019
2.2 1.50019e+019
2.3 1.68248e+019
2.4 1.8697e+019
2.5 2.0609e+019
2.6 2.25534e+019
2.7 2.45239e+019
2.8 2.65157e+019
2.9 2.85248e+019
3 3.05482e+019
