Conduction Band Energy vs Depth
87 2 2
Depth
Conduction Band Energy
0 2.64589
0.0200101 2.64589
0.0343543 2.64589
0.0446368 2.64589
0.0520079 2.64589
0.0572917 2.64589
0.0610795 2.64589
0.0637947 2.64589
0.0657411 2.64589
0.0671363 2.64589
0.0681365 2.64589
0.0688535 2.64589
0.0693675 2.64589
0.0697359 2.64589
0.07 -0.400803
0.07 -0.400803
0.0702481 -0.403011
0.0704686 -0.408743
0.0706647 -0.416944
0.0708389 -0.426839
0.0709938 -0.437841
0.0711315 -0.449499
0.0712539 -0.461466
0.0713627 -0.47347
0.0714594 -0.485303
0.0715453 -0.496806
0.0716217 -0.507863
0.0716896 -0.518389
0.07175 -0.528329
0.07175 -0.528329
0.0718125 -0.539248
0.071875 -0.550841
0.0719375 -0.563147
0.072 -0.576206
0.072 -0.576206
0.0720595 2.45932
0.0721253 2.44696
0.0721982 2.43327
0.0722789 2.41812
0.0723683 2.40135
0.0724672 2.38277
0.0725767 2.36221
0.072698 2.33945
0.0728323 2.31424
0.0729809 2.28634
0.0731455 2.25544
0.0733277 2.22124
0.0735294 2.18337
0.0737527 2.14144
0.074 2.99502
0.074 2.99502
0.0742427 2.97407
0.0744984 2.952
0.0747678 2.92874
0.0750516 2.90424
0.0753506 2.87842
0.0756656 2.85122
0.0759976 2.82256
0.0763473 2.79237
0.0767157 2.76056
0.0771039 2.72705
0.0775128 2.69174
0.0779437 2.65454
0.0783977 2.61535
0.0788759 2.57406
0.0793798 2.53056
0.0799107 2.48472
0.0804701 2.43643
0.0810594 2.38555
0.0816802 2.33195
0.0823344 2.27548
0.0830235 2.21598
0.0837496 2.15329
0.0845146 2.08724
0.0853206 2.01766
0.0861697 1.94435
0.0870644 1.86711
0.0880069 1.78574
0.089 1.7
0.089 0
0.0900551 0
0.0917786 0
0.0945935 0
0.0991911 0
0.106701 0
0.118966 0
0.139 0
