Conduction Band Energy vs Depth
87 2 2
Depth
Conduction Band Energy
0 3.03739
0.0200101 3.03739
0.0343543 3.03739
0.0446368 3.03739
0.0520079 3.03739
0.0572917 3.03739
0.0610795 3.03739
0.0637947 3.03739
0.0657411 3.03739
0.0671363 3.03739
0.0681365 3.03739
0.0688535 3.03739
0.0693675 3.03739
0.0697359 3.03739
0.07 -0.00930047
0.07 -0.00930047
0.0702481 -0.00960736
0.0704686 -0.0103987
0.0706647 -0.0115187
0.0708389 -0.0128509
0.0709938 -0.0143086
0.0711315 -0.0158268
0.0712539 -0.0173577
0.0713627 -0.0188661
0.0714594 -0.0203271
0.0715453 -0.0217235
0.0716217 -0.023044
0.0716896 -0.0242822
0.07175 -0.0254348
0.07175 -0.0254348
0.0718125 -0.0266997
0.071875 -0.0280389
0.0719375 -0.0294536
0.072 -0.0309454
0.072 -0.0309454
0.0720595 3.01631
0.0721253 3.01693
0.0721982 3.01762
0.0722789 3.01839
0.0723683 3.01923
0.0724672 3.02017
0.0725767 3.02121
0.072698 3.02235
0.0728323 3.02363
0.0729809 3.02503
0.0731455 3.02659
0.0733277 3.02832
0.0735294 3.03023
0.0737527 3.03234
0.074 3.93468
0.074 3.93468
0.0742427 3.93574
0.0744984 3.93685
0.0747678 3.93803
0.0750516 3.93926
0.0753506 3.94056
0.0756656 3.94194
0.0759976 3.94338
0.0763473 3.9449
0.0767157 3.94651
0.0771039 3.9482
0.0775128 3.94998
0.0779437 3.95186
0.0783977 3.95383
0.0788759 3.95591
0.0793798 3.95811
0.0799107 3.96042
0.0804701 3.96286
0.0810594 3.96542
0.0816802 3.96813
0.0823344 3.97097
0.0830235 3.97398
0.0837496 3.97714
0.0845146 3.98047
0.0853206 3.98398
0.0861697 3.98768
0.0870644 3.99157
0.0880069 3.99568
0.089 4
0.089 0
0.0900551 0
0.0917786 0
0.0945935 0
0.0991911 0
0.106701 0
0.118966 0
0.139 0
