Probe chan_mob vs gate bias
76 2 2
gate bias
Probe chan_mob
-3 12.9772
-2.8 12.9772
-2.6 12.9772
-2.4 12.9772
-2.2 12.9772
-2 12.9772
-1.8 12.9772
-1.6 12.9772
-1.4 12.9772
-1.2 12.9772
-1 12.9772
-0.95 12.9772
-0.9 12.9772
-0.85 12.9772
-0.8 12.9772
-0.75 12.9772
-0.7 12.9772
-0.65 12.9772
-0.6 12.9772
-0.55 12.9772
-0.5 12.9772
-0.45 12.9772
-0.4 12.9772
-0.35 12.9772
-0.3 12.9772
-0.25 12.9772
-0.2 12.9772
-0.15 12.9772
-0.1 12.9772
-0.05 12.9772
-4.24783e-016 12.9772
0.05 12.9772
0.1 12.9772
0.15 12.9772
0.2 12.9772
0.25 12.9772
0.3 12.9772
0.35 12.9772
0.4 12.9772
0.45 12.9772
0.5 12.9772
0.55 12.9772
0.6 12.9772
0.65 12.9772
0.7 12.9772
0.75 12.9772
0.8 12.9772
0.85 12.9772
0.9 12.9772
0.95 12.9772
1 12.9772
1.05 12.9772
1.1 12.9772
1.15 12.9772
1.2 12.9772
1.25 12.9772
1.3 12.9772
1.35 12.9772
1.4 12.9772
1.45 12.9772
1.5 12.9772
1.6 12.9772
1.7 12.9772
1.8 12.9772
1.9 12.9772
2 12.9772
2.1 12.9772
2.2 12.9772
2.3 12.9772
2.4 12.9772
2.5 12.9772
2.6 12.9772
2.7 12.9772
2.8 12.9772
2.9 12.9772
3 12.9772
