Probe chan_n vs gate bias
76 2 2
gate bias
Probe chan_n
-3 1.19895e-038
-2.8 1.5623e-036
-2.6 3.50122e-033
-2.4 8.01791e-030
-2.2 1.83413e-026
-2 3.59643e-023
-1.8 7.94279e-020
-1.6 1.81895e-016
-1.4 4.16106e-013
-1.2 5.97971e-010
-1 1.32336e-006
-0.95 9.15449e-006
-0.9 6.33271e-005
-0.85 0.000438071
-0.8 0.00303039
-0.75 0.0209629
-0.7 0.145013
-0.65 1.00313
-0.6 6.93921
-0.55 48.002
-0.5 332.047
-0.45 2296.76
-0.4 15884.2
-0.35 109818
-0.3 758809
-0.25 5.239e+006
-0.2 3.61392e+007
-0.15 2.49031e+008
-0.1 1.71214e+009
-0.05 1.16944e+010
-4.24783e-016 7.86492e+010
0.05 5.15034e+011
0.1 3.26175e+012
0.15 1.99516e+013
0.2 1.16214e+014
0.25 6.03805e+014
0.3 2.48511e+015
0.35 7.55353e+015
0.4 1.75829e+016
0.45 3.37887e+016
0.5 5.69983e+016
0.55 8.79301e+016
0.6 1.27364e+017
0.65 1.7624e+017
0.7 2.35732e+017
0.75 3.07298e+017
0.8 3.92728e+017
0.85 4.94159e+017
0.9 6.14072e+017
0.95 7.5524e+017
1 9.20666e+017
1.05 1.11349e+018
1.1 1.33678e+018
1.15 1.59331e+018
1.2 1.88529e+018
1.25 2.21421e+018
1.3 2.58084e+018
1.35 2.98524e+018
1.4 3.42687e+018
1.45 3.90473e+018
1.5 4.41749e+018
1.6 5.54169e+018
1.7 6.78715e+018
1.8 8.14201e+018
1.9 9.59482e+018
2 1.1134e+019
2.1 1.27479e+019
2.2 1.44251e+019
2.3 1.6155e+019
2.4 1.79283e+019
2.5 1.9737e+019
2.6 2.15744e+019
2.7 2.34351e+019
2.8 2.53145e+019
2.9 2.72092e+019
3 2.9116e+019
