drain current vs gate bias
76 2 2
gate bias
drain current
-3 3.07098e-019
-2.8 2.60797e-019
-2.6 1.29595e-018
-2.4 7.78611e-019
-2.2 6.30731e-019
-2 8.25856e-019
-1.8 -1.76227e-019
-1.6 5.15924e-019
-1.4 -2.01267e-019
-1.2 3.50564e-019
-1 -2.36512e-018
-0.95 -2.32449e-019
-0.9 -1.37107e-018
-0.85 8.3625e-019
-0.8 7.8428e-019
-0.75 -3.49619e-019
-0.7 1.62148e-018
-0.65 -1.5421e-018
-0.6 -1.1717e-018
-0.55 8.06958e-019
-0.5 2.55127e-019
-0.45 -1.03752e-018
-0.4 1.38336e-018
-0.35 -1.74619e-018
-0.3 5.06561e-019
-0.25 2.99597e-018
-0.2 1.19273e-018
-0.15 -4.73326e-019
-0.1 4.28414e-018
-0.05 7.32867e-018
-4.24783e-016 8.51358e-017
0.05 5.70776e-016
0.1 3.66294e-015
0.15 2.28126e-014
0.2 1.36158e-013
0.25 7.45309e-013
0.3 3.4233e-012
0.35 1.22905e-011
0.4 3.46532e-011
0.45 8.05353e-011
0.5 1.62171e-010
0.55 2.93957e-010
0.6 4.92767e-010
0.65 7.78509e-010
0.7 1.17484e-009
0.75 1.70998e-009
0.8 2.41756e-009
0.85 3.33728e-009
0.9 4.5153e-009
0.95 6.00385e-009
1 7.85992e-009
1.05 1.01428e-008
1.1 1.29115e-008
1.15 1.62234e-008
1.2 2.01327e-008
1.25 2.4689e-008
1.3 2.99357e-008
1.35 3.59089e-008
1.4 4.26356e-008
1.45 5.01333e-008
1.5 5.84092e-008
1.6 7.72697e-008
1.7 9.90606e-008
1.8 1.23482e-007
1.9 1.50145e-007
2 1.78643e-007
2.1 2.08599e-007
2.2 2.39696e-007
2.3 2.71683e-007
2.4 3.04365e-007
2.5 3.37598e-007
2.6 3.71271e-007
2.7 4.05301e-007
2.8 4.39626e-007
2.9 4.74196e-007
3 5.08975e-007
