source current vs gate bias
76 2 2
gate bias
source current
-3 -7.89005e-020
-2.8 -8.31526e-020
-2.6 -1.441e-019
-2.4 1.74337e-019
-2.2 4.71985e-019
-2 1.18398e-018
-1.8 7.342e-019
-1.6 2.11945e-018
-1.4 6.78355e-018
-1.2 1.62015e-017
-1 1.88983e-021
-0.95 4.42221e-019
-0.9 -6.33094e-019
-0.85 -3.47729e-019
-0.8 -2.2678e-020
-0.75 -7.10577e-019
-0.7 -7.74831e-020
-0.65 3.28831e-019
-0.6 -5.93407e-019
-0.55 4.00644e-019
-0.5 -2.04102e-019
-0.45 1.4117e-018
-0.4 -1.30399e-018
-0.35 -5.93418e-019
-0.3 3.17418e-019
-0.25 1.24301e-018
-0.2 1.43663e-018
-0.15 -1.00227e-018
-0.1 -1.67828e-018
-0.05 -1.43506e-017
-4.24783e-016 -8.51798e-017
0.05 -5.70121e-016
0.1 -3.6619e-015
0.15 -2.28154e-014
0.2 -1.36154e-013
0.25 -7.45307e-013
0.3 -3.4233e-012
0.35 -1.22906e-011
0.4 -3.46532e-011
0.45 -8.05353e-011
0.5 -1.62171e-010
0.55 -2.93957e-010
0.6 -4.92767e-010
0.65 -7.78509e-010
0.7 -1.17484e-009
0.75 -1.70998e-009
0.8 -2.41756e-009
0.85 -3.33728e-009
0.9 -4.5153e-009
0.95 -6.00385e-009
1 -7.85992e-009
1.05 -1.01428e-008
1.1 -1.29115e-008
1.15 -1.62234e-008
1.2 -2.01327e-008
1.25 -2.4689e-008
1.3 -2.99357e-008
1.35 -3.59089e-008
1.4 -4.26356e-008
1.45 -5.01333e-008
1.5 -5.84092e-008
1.6 -7.72697e-008
1.7 -9.90606e-008
1.8 -1.23482e-007
1.9 -1.50145e-007
2 -1.78643e-007
2.1 -2.08599e-007
2.2 -2.39696e-007
2.3 -2.71683e-007
2.4 -3.04365e-007
2.5 -3.37598e-007
2.6 -3.71271e-007
2.7 -4.05301e-007
2.8 -4.39626e-007
2.9 -4.74196e-007
3 -5.08975e-007
