Valence Band Energy vs Depth
87 2 2
Depth
Valence Band Energy
0 -5.96261
0.0200101 -5.96261
0.0343543 -5.96261
0.0446368 -5.96261
0.0520079 -5.96261
0.0572917 -5.96261
0.0610795 -5.96261
0.0637947 -5.96261
0.0657411 -5.96261
0.0671363 -5.96261
0.0681365 -5.96261
0.0688535 -5.96261
0.0693675 -5.96261
0.0697359 -5.96261
0.07 -3.41261
0.07 -3.41261
0.0702481 -3.41292
0.0704686 -3.41371
0.0706647 -3.41483
0.0708389 -3.41616
0.0709938 -3.41762
0.0711315 -3.41914
0.0712539 -3.42067
0.0713627 -3.42218
0.0714594 -3.42364
0.0715453 -3.42503
0.0716217 -3.42635
0.0716896 -3.42759
0.07175 -3.42874
0.07175 -3.42874
0.0718125 -3.43001
0.071875 -3.43135
0.0719375 -3.43276
0.072 -3.43426
0.072 -3.43426
0.0720595 -5.98369
0.0721253 -5.98307
0.0721982 -5.98238
0.0722789 -5.98161
0.0723683 -5.98077
0.0724672 -5.97983
0.0725767 -5.97879
0.072698 -5.97765
0.0728323 -5.97637
0.0729809 -5.97497
0.0731455 -5.97341
0.0733277 -5.97168
0.0735294 -5.96977
0.0737527 -5.96766
0.074 -1.76532
0.074 -1.76532
0.0742427 -1.76426
0.0744984 -1.76315
0.0747678 -1.76197
0.0750516 -1.76074
0.0753506 -1.75944
0.0756656 -1.75806
0.0759976 -1.75662
0.0763473 -1.7551
0.0767157 -1.75349
0.0771039 -1.7518
0.0775128 -1.75002
0.0779437 -1.74815
0.0783977 -1.74617
0.0788759 -1.74409
0.0793798 -1.74189
0.0799107 -1.73958
0.0804701 -1.73714
0.0810594 -1.73458
0.0816802 -1.73187
0.0823344 -1.72903
0.0830235 -1.72602
0.0837496 -1.72286
0.0845146 -1.71953
0.0853206 -1.71602
0.0861697 -1.71232
0.0870644 -1.70843
0.0880069 -1.70432
0.089 -1.7
0.089 0
0.0900551 0
0.0917786 0
0.0945935 0
0.0991911 0
0.106701 0
0.118966 0
0.139 0
