drain current vs gate bias
121 2 2
gate bias
drain current
-3 -6.80723e-020
-2.95 -5.4447e-020
-2.9 3.29054e-020
-2.85 7.86104e-020
-2.8 1.2083e-020
-2.75 2.87371e-020
-2.7 1.42127e-019
-2.65 -1.06758e-019
-2.6 5.01322e-020
-2.55 -2.10806e-019
-2.5 9.96951e-020
-2.45 -6.78271e-020
-2.4 6.77174e-020
-2.35 3.29825e-020
-2.3 2.30308e-020
-2.25 -1.78767e-019
-2.2 -1.53027e-019
-2.15 1.91352e-021
-2.1 -1.07308e-019
-2.05 2.60554e-019
-2 1.02356e-019
-1.95 -2.02051e-020
-1.9 2.66247e-020
-1.85 1.06197e-019
-1.8 -1.40009e-019
-1.75 1.50887e-020
-1.7 -6.54026e-020
-1.65 -2.1094e-019
-1.6 2.41392e-019
-1.55 2.14067e-019
-1.5 1.82491e-019
-1.45 -3.24489e-019
-1.4 -1.44028e-019
-1.35 2.55685e-019
-1.3 1.83863e-019
-1.25 7.17673e-020
-1.2 3.53569e-019
-1.15 1.08529e-019
-1.1 6.23191e-019
-1.05 -3.46107e-019
-1 4.05145e-019
-0.95 9.65567e-019
-0.9 1.14685e-018
-0.85 -4.48601e-019
-0.8 3.28549e-019
-0.75 1.25033e-018
-0.7 -1.08639e-019
-0.65 -1.76631e-018
-0.6 2.85096e-019
-0.55 -4.97307e-019
-0.5 7.20974e-020
-0.45 8.26408e-019
-0.4 6.6309e-019
-0.35 2.05311e-018
-0.3 2.06869e-019
-0.25 1.07033e-017
-0.2 6.4138e-017
-0.15 4.25642e-016
-0.1 2.85494e-015
-0.05 1.88569e-014
0 1.20654e-013
0.05 7.27593e-013
0.1 3.93424e-012
0.15 1.76421e-011
0.2 6.19607e-011
0.25 1.72005e-010
0.3 3.96158e-010
0.35 7.95581e-010
0.4 1.44724e-009
0.45 2.44933e-009
0.5 3.92801e-009
0.55 6.04448e-009
0.6 9.001e-009
0.65 1.30434e-008
0.7 1.84573e-008
0.75 2.55554e-008
0.8 3.46598e-008
0.85 4.60803e-008
0.9 6.00958e-008
0.95 7.69429e-008
1 9.68136e-008
1.05 1.19856e-007
1.1 1.46177e-007
1.15 1.75836e-007
1.2 2.08844e-007
1.25 2.45161e-007
1.3 2.84692e-007
1.35 3.27283e-007
1.4 3.72733e-007
1.45 4.20802e-007
1.5 4.71232e-007
1.55 5.23767e-007
1.6 5.78163e-007
1.65 6.342e-007
1.7 6.91686e-007
1.75 7.50451e-007
1.8 8.10352e-007
1.85 8.71265e-007
1.9 9.33085e-007
1.95 9.95719e-007
2 1.05909e-006
2.05 1.12313e-006
2.1 1.18778e-006
2.15 1.25299e-006
2.2 1.3187e-006
2.25 1.38489e-006
2.3 1.45152e-006
2.35 1.51855e-006
2.4 1.58596e-006
2.45 1.65372e-006
2.5 1.72181e-006
2.55 1.7902e-006
2.6 1.85889e-006
2.65 1.92784e-006
2.7 1.99705e-006
2.75 2.0665e-006
2.8 2.13618e-006
2.85 2.20608e-006
2.9 2.27618e-006
2.95 2.34648e-006
3 2.41696e-006
