source current vs gate bias
121 2 2
gate bias
source current
-3 4.59862e-020
-2.95 3.95324e-020
-2.9 -3.95598e-020
-2.85 1.00937e-019
-2.8 -7.95586e-020
-2.75 -1.01643e-019
-2.7 8.63896e-020
-2.65 -3.51155e-020
-2.6 -1.69185e-019
-2.55 1.02877e-020
-2.5 -3.47589e-020
-2.45 -1.34975e-019
-2.4 -6.7762e-021
-2.35 1.55688e-019
-2.3 -6.49911e-020
-2.25 4.37846e-020
-2.2 -9.04499e-020
-2.15 5.47308e-019
-2.1 -3.34036e-019
-2.05 -4.08218e-020
-2 -9.52508e-020
-1.95 -1.4145e-019
-1.9 4.14692e-019
-1.85 -3.50936e-019
-1.8 -2.11351e-019
-1.75 6.04645e-020
-1.7 -6.13424e-020
-1.65 -1.97086e-019
-1.6 -3.15162e-019
-1.55 5.76772e-019
-1.5 1.47046e-020
-1.45 -2.53929e-019
-1.4 9.28366e-020
-1.35 -6.55124e-019
-1.3 -2.18814e-019
-1.25 -5.60092e-019
-1.2 -4.52551e-019
-1.15 -6.78168e-019
-1.1 9.16076e-019
-1.05 5.14442e-019
-1 1.22904e-020
-0.95 3.12967e-019
-0.9 9.43729e-019
-0.85 -4.92495e-019
-0.8 1.93135e-019
-0.75 9.64799e-019
-0.7 2.13327e-018
-0.65 3.95225e-018
-0.6 6.56835e-018
-0.55 1.51558e-017
-0.5 3.41761e-017
-0.45 7.40289e-019
-0.4 -1.07539e-018
-0.35 -1.15467e-018
-0.3 3.43317e-019
-0.25 -8.38832e-018
-0.2 -6.39056e-017
-0.15 -4.25483e-016
-0.1 -2.85401e-015
-0.05 -1.88583e-014
0 -1.20657e-013
0.05 -7.27595e-013
0.1 -3.93424e-012
0.15 -1.76421e-011
0.2 -6.19607e-011
0.25 -1.72005e-010
0.3 -3.96158e-010
0.35 -7.95581e-010
0.4 -1.44724e-009
0.45 -2.44933e-009
0.5 -3.92801e-009
0.55 -6.04448e-009
0.6 -9.001e-009
0.65 -1.30434e-008
0.7 -1.84573e-008
0.75 -2.55554e-008
0.8 -3.46598e-008
0.85 -4.60803e-008
0.9 -6.00958e-008
0.95 -7.69429e-008
1 -9.68136e-008
1.05 -1.19856e-007
1.1 -1.46177e-007
1.15 -1.75836e-007
1.2 -2.08844e-007
1.25 -2.45161e-007
1.3 -2.84692e-007
1.35 -3.27283e-007
1.4 -3.72733e-007
1.45 -4.20802e-007
1.5 -4.71232e-007
1.55 -5.23767e-007
1.6 -5.78163e-007
1.65 -6.342e-007
1.7 -6.91686e-007
1.75 -7.50451e-007
1.8 -8.10352e-007
1.85 -8.71265e-007
1.9 -9.33085e-007
1.95 -9.95719e-007
2 -1.05909e-006
2.05 -1.12313e-006
2.1 -1.18778e-006
2.15 -1.25299e-006
2.2 -1.3187e-006
2.25 -1.38489e-006
2.3 -1.45152e-006
2.35 -1.51855e-006
2.4 -1.58596e-006
2.45 -1.65372e-006
2.5 -1.72181e-006
2.55 -1.7902e-006
2.6 -1.85889e-006
2.65 -1.92784e-006
2.7 -1.99705e-006
2.75 -2.0665e-006
2.8 -2.13618e-006
2.85 -2.20608e-006
2.9 -2.27618e-006
2.95 -2.34648e-006
3 -2.41696e-006
