v ATLAS
# This file was created by ATLAS version 5.28.1.R on Tue Oct 06 02:16:21 2026.
#SSF 2.0 generic
##############################################################################
#                    Copyright (c) 1984 - 2019                               #
#                    Silvaco Inc. All rights reserved                        #
#                                                                            #
# This file format and the following Key are copyright Silvaco Inc.          #
# You may not use, this format or key without reproducing this message in    #
# full and obtaining express written permission from Silvaco Inc.            #
#                                                                            #
# To obtain such permission please contact: Silvaco Inc.                     #
#                                           support@silvaco.com              #
#                                                                            #
# KEY=SVC86hn7562asdx                       PROD=345                         #
##############################################################################
p 4 74 76 75 205
d  3.076080e+000 4.855092e-014 3.548521e-199 4.855092e-014
d  3.068048e+000 5.934700e-014 6.420040e-198 5.934700e-014
d  3.060017e+000 7.254377e-014 1.151815e-196 7.254377e-014
d  3.051985e+000 8.867506e-014 2.049191e-195 8.867506e-014
d  3.043954e+000 1.083934e-013 3.615236e-194 1.083934e-013
d  3.035922e+000 1.324964e-013 6.324781e-193 1.324964e-013
d  3.027891e+000 1.619592e-013 1.097259e-191 1.619592e-013
d  3.019859e+000 1.979734e-013 1.887674e-190 1.979734e-013
d  3.011828e+000 2.419960e-013 3.220325e-189 2.419960e-013
d  3.003796e+000 2.958077e-013 5.447874e-188 2.958077e-013
d  2.995765e+000 3.615854e-013 9.139217e-187 3.615854e-013
d  2.987733e+000 4.419898e-013 1.520357e-185 4.419898e-013
d  2.979702e+000 5.402734e-013 2.508053e-184 5.402734e-013
d  2.971670e+000 6.604119e-013 4.102820e-183 6.604119e-013
d  2.963638e+000 8.072652e-013 6.655532e-182 8.072652e-013
d  2.955607e+000 9.867737e-013 1.070626e-180 9.867737e-013
d  2.947575e+000 1.206199e-012 1.707841e-179 1.206199e-012
d  2.939544e+000 1.474417e-012 2.701541e-178 1.474417e-012
d  2.931512e+000 1.802277e-012 4.237702e-177 1.802277e-012
d  2.923481e+000 2.203043e-012 6.591797e-176 2.203043e-012
d  2.915449e+000 2.692925e-012 1.016791e-174 2.692925e-012
d  2.907418e+000 3.291741e-012 1.555301e-173 3.291741e-012
d  2.899386e+000 4.023713e-012 2.359129e-172 4.023713e-012
d  2.891355e+000 4.918451e-012 3.548491e-171 4.918451e-012
d  2.883323e+000 6.012148e-012 5.292857e-170 6.012148e-012
d  2.875291e+000 7.349047e-012 7.828729e-169 7.349047e-012
d  2.867260e+000 8.983227e-012 1.148278e-167 8.983227e-012
d  2.859228e+000 1.098079e-011 1.670157e-166 1.098079e-011
d  2.851197e+000 1.342255e-011 2.408919e-165 1.342255e-011
d  2.843165e+000 1.640727e-011 3.445417e-164 1.640727e-011
d  2.835134e+000 2.005570e-011 4.886703e-163 2.005570e-011
d  2.827102e+000 2.451540e-011 6.872974e-162 2.451540e-011
d  2.819071e+000 2.996680e-011 9.585793e-161 2.996680e-011
d  2.811039e+000 3.663041e-011 1.325763e-159 3.663041e-011
d  2.803008e+000 4.477577e-011 1.818271e-158 4.477577e-011
d  2.794976e+000 5.473239e-011 2.472896e-157 5.473239e-011
d  2.786945e+000 6.690303e-011 3.335091e-156 6.690303e-011
d  2.778913e+000 8.178000e-011 4.460301e-155 8.178000e-011
d  2.770881e+000 9.996511e-011 5.915279e-154 9.996511e-011
d  2.762850e+000 1.221940e-010 7.779306e-153 1.221940e-010
d  2.754818e+000 1.493658e-010 1.014521e-151 1.493658e-010
d  2.746787e+000 1.825797e-010 1.312007e-150 1.825797e-010
d  2.738755e+000 2.231793e-010 1.682541e-149 2.231793e-010
d  2.730724e+000 2.728068e-010 2.139684e-148 2.728068e-010
d  2.722692e+000 3.334698e-010 2.698288e-147 3.334698e-010
d  2.714661e+000 4.076222e-010 3.374285e-146 4.076222e-010
d  2.706629e+000 4.982636e-010 4.184366e-145 4.982636e-010
d  2.698598e+000 6.090607e-010 5.145555e-144 6.090607e-010
d  2.690566e+000 7.444952e-010 6.274648e-143 7.444952e-010
d  2.682535e+000 9.100458e-010 7.587543e-142 9.100458e-010
d  2.674503e+000 1.112409e-009 9.098453e-141 1.112409e-009
d  2.666471e+000 1.359771e-009 1.081904e-139 1.359771e-009
d  2.658440e+000 1.662139e-009 1.275746e-138 1.662139e-009
d  2.650408e+000 2.031742e-009 1.491744e-137 2.031742e-009
d  2.642377e+000 2.483533e-009 1.729734e-136 2.483533e-009
d  2.634345e+000 3.035787e-009 1.988926e-135 3.035787e-009
d  2.626314e+000 3.710843e-009 2.267842e-134 3.710843e-009
d  2.618282e+000 4.536010e-009 2.564256e-133 4.536010e-009
d  2.610251e+000 5.544665e-009 2.875178e-132 5.544665e-009
d  2.602219e+000 6.777611e-009 3.196853e-131 6.777611e-009
d  2.594188e+000 8.284723e-009 3.524806e-130 8.284723e-009
d  2.586156e+000 1.012697e-008 3.853916e-129 1.012697e-008
d  2.578124e+000 1.237886e-008 4.178535e-128 1.237886e-008
d  2.570093e+000 1.513150e-008 4.492627e-127 1.513150e-008
d  2.562061e+000 1.849624e-008 4.789954e-126 1.849624e-008
d  2.554030e+000 2.260918e-008 5.064271e-125 2.260918e-008
d  2.545998e+000 2.763669e-008 5.309542e-124 2.763669e-008
d  2.537967e+000 3.378216e-008 5.520163e-123 3.378216e-008
d  2.529935e+000 4.129417e-008 5.691167e-122 4.129417e-008
d  2.521904e+000 5.047660e-008 5.818423e-121 5.047660e-008
d  2.513872e+000 6.170089e-008 5.898804e-120 6.170089e-008
d  2.505841e+000 7.542108e-008 5.930307e-119 7.542108e-008
d  2.497809e+000 9.219219e-008 5.912145e-118 9.219219e-008
d  2.489778e+000 1.126926e-007 5.844771e-117 1.126926e-007
d  2.481746e+000 1.377516e-007 5.729868e-116 1.377516e-007
d  2.473714e+000 1.683830e-007 5.570271e-115 1.683830e-007
d  2.465683e+000 2.058256e-007 5.369855e-114 2.058256e-007
d  2.457651e+000 2.515943e-007 5.133381e-113 2.515943e-007
d  2.449620e+000 3.075404e-007 4.866302e-112 3.075404e-007
d  2.441588e+000 3.759270e-007 4.574558e-111 3.759270e-007
d  2.433557e+000 4.595205e-007 4.264361e-110 4.595205e-007
d  2.425525e+000 5.617023e-007 3.941970e-109 5.617023e-007
d  2.417494e+000 6.866059e-007 3.613493e-108 6.866059e-007
d  2.409462e+000 8.392839e-007 3.284701e-107 8.392839e-007
d  2.401431e+000 1.025912e-006 2.960868e-106 1.025912e-006
d  2.393399e+000 1.254041e-006 2.646652e-105 1.254041e-006
d  2.385368e+000 1.532897e-006 2.346007e-104 1.532897e-006
d  2.377336e+000 1.873761e-006 2.062131e-103 1.873761e-006
d  2.369304e+000 2.290422e-006 1.797455e-102 2.290422e-006
d  2.361273e+000 2.799735e-006 1.553654e-101 2.799735e-006
d  2.353241e+000 3.422302e-006 1.331696e-100 3.422302e-006
d  2.345210e+000 4.183306e-006 1.131907e-099 4.183306e-006
d  2.337178e+000 5.113532e-006 9.540489e-099 5.113532e-006
d  2.329147e+000 6.250609e-006 7.974168e-098 6.250609e-006
d  2.321115e+000 7.640533e-006 6.609288e-097 7.640533e-006
d  2.313084e+000 9.339529e-006 5.432236e-096 9.339529e-006
d  2.305052e+000 1.141633e-005 4.427485e-095 1.141633e-005
d  2.297021e+000 1.395493e-005 3.578412e-094 1.395493e-005
d  2.288989e+000 1.705804e-005 2.867993e-093 1.705804e-005
d  2.280957e+000 2.085117e-005 2.279399e-092 2.085117e-005
d  2.272926e+000 2.548776e-005 1.796459e-091 2.548776e-005
d  2.264894e+000 3.115538e-005 1.404006e-090 3.115538e-005
d  2.256863e+000 3.808328e-005 1.088116e-089 3.808328e-005
d  2.248831e+000 4.655172e-005 8.362499e-089 4.655172e-005
d  2.240800e+000 5.690325e-005 6.373111e-088 5.690325e-005
d  2.232768e+000 6.955661e-005 4.816389e-087 6.955661e-005
d  2.224737e+000 8.502365e-005 3.609493e-086 8.502365e-005
d  2.216705e+000 1.039300e-004 2.682412e-085 1.039300e-004
d  2.208674e+000 1.270406e-004 1.976785e-084 1.270406e-004
d  2.200642e+000 1.552901e-004 1.444601e-083 1.552901e-004
d  2.192611e+000 1.898214e-004 1.046866e-082 1.898214e-004
d  2.184579e+000 2.320312e-004 7.522959e-082 2.320312e-004
d  2.176547e+000 2.836272e-004 5.360941e-081 2.836272e-004
d  2.168516e+000 3.466963e-004 3.788331e-080 3.466963e-004
d  2.160484e+000 4.237898e-004 2.654664e-079 4.237898e-004
d  2.152453e+000 5.180263e-004 1.844700e-078 5.180263e-004
d  2.144421e+000 6.332179e-004 1.271149e-077 6.332179e-004
d  2.136390e+000 7.740242e-004 8.686040e-077 7.740242e-004
d  2.128358e+000 9.461410e-004 5.885750e-076 9.461410e-004
d  2.120327e+000 1.156531e-003 3.954909e-075 1.156531e-003
d  2.112295e+000 1.413704e-003 2.635273e-074 1.413704e-003
d  2.104264e+000 1.728064e-003 1.741284e-073 1.728064e-003
d  2.096232e+000 2.112327e-003 1.140954e-072 2.112327e-003
d  2.088201e+000 2.582038e-003 7.413461e-072 2.582038e-003
d  2.080169e+000 3.156196e-003 4.776708e-071 3.156196e-003
d  2.072137e+000 3.858027e-003 3.052045e-070 3.858027e-003
d  2.064106e+000 4.715922e-003 1.933784e-069 4.715922e-003
d  2.056074e+000 5.764584e-003 1.215009e-068 5.764584e-003
d  2.048043e+000 7.046433e-003 7.570168e-068 7.046433e-003
d  2.040011e+000 8.613321e-003 4.677203e-067 8.613321e-003
d  2.031980e+000 1.052863e-002 2.865640e-066 1.052863e-002
d  2.023948e+000 1.286985e-002 1.741051e-065 1.286985e-002
d  2.015917e+000 1.573166e-002 1.048953e-064 1.573166e-002
d  2.007885e+000 1.922986e-002 6.266936e-064 1.922986e-002
d  1.999854e+000 2.350593e-002 3.712864e-063 2.350593e-002
d  1.991822e+000 2.873285e-002 2.181310e-062 2.873285e-002
d  1.983790e+000 3.512207e-002 1.270810e-061 3.512207e-002
d  1.975759e+000 4.293203e-002 7.341725e-061 4.293203e-002
d  1.967727e+000 5.247866e-002 4.206010e-060 5.247866e-002
d  1.959696e+000 6.414814e-002 2.389446e-059 6.414814e-002
d  1.951664e+000 7.841252e-002 1.346104e-058 7.841252e-002
d  1.943633e+000 9.584882e-002 7.519946e-058 9.584882e-002
d  1.935601e+000 1.171624e-001 4.165867e-057 1.171624e-001
d  1.927570e+000 1.432153e-001 2.288499e-056 1.432153e-001
d  1.919538e+000 1.750616e-001 1.246667e-055 1.750616e-001
d  1.911507e+000 2.139893e-001 6.734497e-055 2.139893e-001
d  1.903475e+000 2.615733e-001 3.607566e-054 2.615733e-001
d  1.895444e+000 3.197384e-001 1.916364e-053 3.197384e-001
d  1.887412e+000 3.908374e-001 1.009477e-052 3.908374e-001
d  1.879380e+000 4.777465e-001 5.273141e-052 4.777465e-001
d  1.871349e+000 5.839812e-001 2.731473e-051 5.839812e-001
d  1.863317e+000 7.138389e-001 1.403069e-050 7.138389e-001
d  1.855286e+000 8.725725e-001 7.146871e-050 8.725725e-001
d  1.847254e+000 1.066603e+000 3.610001e-049 1.066603e+000
d  1.839223e+000 1.303780e+000 1.808229e-048 1.303780e+000
d  1.831191e+000 1.593696e+000 8.981606e-048 1.593696e+000
d  1.823160e+000 1.948081e+000 4.423940e-047 1.948081e+000
d  1.815128e+000 2.381268e+000 2.160823e-046 2.381268e+000
d  1.807097e+000 2.910781e+000 1.046607e-045 2.910781e+000
d  1.799065e+000 3.558041e+000 5.026928e-045 3.558041e+000
d  1.791034e+000 4.349229e+000 2.394288e-044 4.349229e+000
d  1.783002e+000 5.316351e+000 1.130849e-043 5.316351e+000
d  1.774970e+000 6.498527e+000 5.296483e-043 6.498527e+000
d  1.766939e+000 7.943580e+000 2.459944e-042 7.943580e+000
d  1.758907e+000 9.709964e+000 1.132967e-041 9.709964e+000
d  1.750876e+000 1.186913e+001 5.174448e-041 1.186913e+001
d  1.742844e+000 1.450843e+001 2.343503e-040 1.450843e+001
d  1.734813e+000 1.773461e+001 1.052498e-039 1.773461e+001
d  1.726781e+000 2.167819e+001 4.687400e-039 2.167819e+001
d  1.718750e+000 2.649869e+001 2.070128e-038 2.649869e+001
d  1.710718e+000 3.239110e+001 9.066027e-038 3.239110e+001
d  1.702687e+000 3.959379e+001 3.937236e-037 3.959379e+001
d  1.694655e+000 4.839811e+001 1.695589e-036 4.839811e+001
d  1.686623e+000 5.916021e+001 7.241093e-036 5.916021e+001
d  1.678592e+000 7.231545e+001 3.066496e-035 7.231545e+001
d  1.670560e+000 8.839596e+001 1.287761e-034 8.839596e+001
d  1.662529e+000 1.080522e+002 5.362691e-034 1.080522e+002
d  1.654497e+000 1.320794e+002 2.214547e-033 1.320794e+002
d  1.646466e+000 1.614494e+002 9.068628e-033 1.614494e+002
d  1.638434e+000 1.973503e+002 3.682586e-032 1.973503e+002
d  1.630403e+000 2.412343e+002 1.482924e-031 2.412343e+002
d  1.622371e+000 2.948767e+002 5.921604e-031 2.948767e+002
d  1.614340e+000 3.604473e+002 2.344847e-030 3.604473e+002
d  1.606308e+000 4.405986e+002 9.207555e-030 4.405986e+002
d  1.598277e+000 5.385729e+002 3.585326e-029 5.385729e+002
d  1.590245e+000 6.583333e+002 1.384419e-028 6.583333e+002
d  1.582213e+000 8.047244e+002 5.301043e-028 8.047244e+002
d  1.574182e+000 9.836680e+002 2.012841e-027 9.836680e+002
d  1.566150e+000 1.202402e+003 7.579008e-027 1.202402e+003
d  1.558119e+000 1.469776e+003 2.829892e-026 1.469776e+003
d  1.550087e+000 1.796605e+003 1.047808e-025 1.796605e+003
d  1.542056e+000 2.196109e+003 3.847233e-025 2.196109e+003
d  1.534024e+000 2.684449e+003 1.400780e-024 2.684449e+003
d  1.525993e+000 3.281380e+003 5.057614e-024 3.281380e+003
d  1.517961e+000 4.011049e+003 1.810824e-023 4.011049e+003
d  1.509930e+000 4.902970e+003 6.429265e-023 4.902970e+003
d  1.501898e+000 5.993225e+003 2.263607e-022 5.993225e+003
d  1.493867e+000 7.325916e+003 7.903062e-022 7.325916e+003
d  1.485835e+000 8.954953e+003 2.736178e-021 8.954953e+003
d  1.477803e+000 1.094623e+004 9.393942e-021 1.094623e+004
d  1.469772e+000 1.338030e+004 3.198203e-020 1.338030e+004
d  1.461740e+000 1.635563e+004 1.079739e-019 1.635563e+004
d  1.453709e+000 1.999257e+004 3.614816e-019 1.999257e+004
d  1.445677e+000 2.443824e+004 1.200075e-018 2.443824e+004
d  1.437646e+000 2.987248e+004 3.950798e-018 2.987248e+004
d  1.429614e+000 3.651512e+004 1.289781e-017 3.651512e+004
d  1.421583e+000 4.463485e+004 4.175437e-017 4.463485e+004
d  1.413551e+000 5.456013e+004 1.340425e-016 5.456013e+004
d  1.405520e+000 6.669246e+004 4.267146e-016 6.669246e+004
d  1.397488e+000 8.152261e+004 1.347061e-015 8.152261e+004
d  1.389457e+000 9.965048e+004 4.216882e-015 9.965048e+004
d  1.381425e+000 1.218094e+005 1.309032e-014 1.218094e+005
d  1.373393e+000 1.488957e+005 4.029618e-014 1.488957e+005
d  1.365362e+000 1.820050e+005 1.230076e-013 1.820050e+005
d  1.357330e+000 2.224768e+005 3.723529e-013 2.224768e+005
d  1.349299e+000 2.719482e+005 1.117718e-012 2.719482e+005
d  1.341267e+000 3.324202e+005 3.327086e-012 3.324202e+005
d  1.333236e+000 4.063393e+005 9.820885e-012 4.063393e+005
d  1.325204e+000 4.966954e+005 2.874695e-011 4.966954e+005
d  1.317173e+000 6.071437e+005 8.344256e-011 6.071437e+005
d  1.309141e+000 7.421519e+005 2.401806e-010 7.421519e+005
d  1.301110e+000 9.071815e+005 6.855561e-010 9.071815e+005
d  1.293078e+000 1.108908e+006 1.940451e-009 1.108908e+006
d  1.285046e+000 1.355492e+006 5.446492e-009 1.355492e+006
d  1.277015e+000 1.656907e+006 1.515953e-008 1.656907e+006
d  1.268983e+000 2.025347e+006 4.184169e-008 2.025347e+006
d  1.260952e+000 2.475716e+006 1.145216e-007 2.475716e+006
d  1.252920e+000 3.026232e+006 3.108279e-007 3.026232e+006
d  1.244889e+000 3.699164e+006 8.365797e-007 3.699164e+006
d  1.236857e+000 4.521733e+006 2.232797e-006 4.521733e+006
d  1.228826e+000 5.527214e+006 5.909432e-006 5.527214e+006
d  1.220794e+000 6.756279e+006 1.550947e-005 6.756279e+006
d  1.212763e+000 8.258648e+006 4.036479e-005 8.258648e+006
d  1.204731e+000 1.009509e+007 1.041749e-004 1.009509e+007
d  1.196700e+000 1.233990e+007 2.666110e-004 1.233990e+007
d  1.188668e+000 1.508388e+007 6.766243e-004 1.508388e+007
d  1.180636e+000 1.843802e+007 1.702832e-003 1.843802e+007
d  1.172605e+000 2.253801e+007 4.249625e-003 2.253801e+007
d  1.164573e+000 2.754971e+007 1.051681e-002 2.754971e+007
d  1.156542e+000 3.367583e+007 2.580905e-002 3.367583e+007
d  1.148510e+000 4.116420e+007 6.280796e-002 4.116420e+007
d  1.140479e+000 5.031773e+007 1.515695e-001 5.031773e+007
d  1.132447e+000 6.150669e+007 3.627136e-001 6.150669e+007
d  1.124416e+000 7.518370e+007 8.607367e-001 7.518370e+007
d  1.116384e+000 9.190202e+007 2.025496e+000 9.190202e+007
d  1.108353e+000 1.123379e+008 4.726581e+000 1.123379e+008
d  1.100321e+000 1.373181e+008 1.093748e+001 1.373181e+008
d  1.092290e+000 1.678530e+008 2.509819e+001 1.678530e+008
d  1.084258e+000 2.051778e+008 5.711128e+001 2.051779e+008
d  1.076226e+000 2.508024e+008 1.288713e+002 2.508026e+008
d  1.068195e+000 3.065724e+008 2.883665e+002 3.065727e+008
d  1.060163e+000 3.747438e+008 6.398648e+002 3.747444e+008
d  1.052132e+000 4.580742e+008 1.407947e+003 4.580756e+008
d  1.044100e+000 5.599344e+008 3.072124e+003 5.599375e+008
d  1.036069e+000 6.844449e+008 6.647311e+003 6.844515e+008
d  1.028037e+000 8.366423e+008 1.426290e+004 8.366566e+008
d  1.020006e+000 1.022683e+009 3.034759e+004 1.022714e+009
d  1.011974e+000 1.250094e+009 6.403174e+004 1.250158e+009
d  1.003943e+000 1.528072e+009 1.339741e+005 1.528206e+009
d  9.959110e-001 1.867864e+009 2.779721e+005 1.868142e+009
d  9.878795e-001 2.283214e+009 5.719211e+005 2.283786e+009
d  9.798479e-001 2.790923e+009 1.166878e+006 2.792090e+009
d  9.718164e-001 3.411530e+009 2.360857e+006 3.413891e+009
d  9.637849e-001 4.170139e+009 4.736619e+006 4.174876e+009
d  9.557533e-001 5.097438e+009 9.423707e+006 5.106861e+009
d  9.477218e-001 6.230935e+009 1.859215e+007 6.249528e+009
d  9.396902e-001 7.616485e+009 3.637410e+007 7.652859e+009
d  9.316587e-001 9.310134e+009 7.056827e+007 9.380702e+009
d  9.236272e-001 1.138039e+010 1.357629e+008 1.151616e+010
d  9.155956e-001 1.391101e+010 2.590047e+008 1.417001e+010
d  9.075641e-001 1.700435e+010 4.899916e+008 1.749434e+010
d  8.995325e-001 2.078554e+010 9.192301e+008 2.170477e+010
d  8.915010e-001 2.540754e+010 1.710072e+009 2.711761e+010
d  8.834695e-001 3.105732e+010 3.154709e+009 3.421203e+010
d  8.754379e-001 3.796342e+010 5.771102e+009 4.373452e+010
d  8.674064e-001 4.640520e+010 1.046918e+010 5.687439e+010
d  8.593748e-001 5.672415e+010 1.883309e+010 7.555724e+010
d  8.513433e-001 6.933769e+010 3.359578e+010 1.029335e+011
d  8.433117e-001 8.475605e+010 5.942958e+010 1.441856e+011
d  8.352802e-001 1.036029e+011 1.042498e+011 2.078527e+011
d  8.272487e-001 1.266407e+011 1.813436e+011 3.079844e+011
d  8.192171e-001 1.548013e+011 3.128125e+011 4.676138e+011
d  8.111856e-001 1.892239e+011 5.350820e+011 7.243060e+011
d  8.031540e-001 2.313010e+011 9.076352e+011 1.138936e+012
d  7.951225e-001 2.827345e+011 1.526711e+012 1.809446e+012
d  7.870910e-001 3.456051e+011 2.546579e+012 2.892184e+012
d  7.790594e-001 4.224560e+011 4.212228e+012 4.634684e+012
d  7.710279e-001 5.163959e+011 6.909097e+012 7.425493e+012
d  7.629963e-001 6.312249e+011 1.123790e+013 1.186913e+013
d  7.549648e-001 7.715880e+011 1.812608e+013 1.889767e+013
d  7.469333e-001 9.431631e+011 2.899193e+013 2.993510e+013
d  7.389017e-001 1.152891e+012 4.598382e+013 4.713671e+013
d  7.308702e-001 1.409255e+012 7.232484e+013 7.373409e+013
d  7.228386e-001 1.722625e+012 1.128040e+014 1.145266e+014
d  7.148071e-001 2.105679e+012 1.744682e+014 1.765739e+014
d  7.067756e-001 2.573911e+012 2.675855e+014 2.701594e+014
d  6.987440e-001 3.146262e+012 4.069710e+014 4.101173e+014
d  6.907125e-001 3.845884e+012 6.137888e+014 6.176347e+014
d  6.826809e-001 4.701079e+012 9.179713e+014 9.226724e+014
d  6.746494e-001 5.746440e+012 1.361425e+015 1.367172e+015
d  6.666179e-001 7.024255e+012 2.002227e+015 2.009251e+015
d  6.585863e-001 8.586212e+012 2.920029e+015 2.928615e+015
d  6.505548e-001 1.049550e+013 4.222948e+015 4.233444e+015
d  6.425232e-001 1.282934e+013 6.056183e+015 6.069012e+015
d  6.344917e-001 1.568215e+013 8.612649e+015 8.628332e+015
d  6.264602e-001 1.916933e+013 1.214589e+016 1.216505e+016
d  6.184286e-001 2.343194e+013 1.698542e+016 1.700885e+016
d  6.103971e-001 2.864242e+013 2.355472e+016 2.358336e+016
d  6.023655e-001 3.501152e+013 3.239173e+016 3.242674e+016
d  5.943340e-001 4.279690e+013 4.417179e+016 4.421458e+016
d  5.863025e-001 5.231349e+013 5.973247e+016 5.978478e+016
d  5.782709e-001 6.394624e+013 8.009964e+016 8.016358e+016
d  5.702394e-001 7.816572e+013 1.065136e+017 1.065918e+017
d  5.622078e-001 9.554714e+013 1.404541e+017 1.405497e+017
d  5.541763e-001 1.167936e+014 1.836616e+017 1.837784e+017
d  5.461448e-001 1.427646e+014 2.381535e+017 2.382963e+017
d  5.381132e-001 1.745106e+014 3.062317e+017 3.064062e+017
d  5.300817e-001 2.133158e+014 3.904792e+017 3.906925e+017
d  5.220501e-001 2.607501e+014 4.937423e+017 4.940030e+017
d  5.140186e-001 3.187321e+014 6.190950e+017 6.194137e+017
d  5.059870e-001 3.896073e+014 7.697840e+017 7.701736e+017
d  4.979555e-001 4.762428e+014 9.491505e+017 9.496267e+017
d  4.899240e-001 5.821431e+014 1.160529e+018 1.161111e+018
d  4.818924e-001 7.115921e+014 1.407121e+018 1.407832e+018
d  4.738609e-001 8.698262e+014 1.691848e+018 1.692718e+018
d  4.658293e-001 1.063246e+015 2.017186e+018 2.018250e+018
d  4.577978e-001 1.299676e+015 2.384983e+018 2.386283e+018
d  4.497663e-001 1.588680e+015 2.796270e+018 2.797859e+018
d  4.417347e-001 1.941949e+015 3.251080e+018 3.253022e+018
d  4.337032e-001 2.373773e+015 3.748269e+018 3.750643e+018
d  4.256716e-001 2.901620e+015 4.285372e+018 4.288273e+018
d  4.176401e-001 3.546842e+015 4.858484e+018 4.862031e+018
d  4.096086e-001 4.335540e+015 5.462202e+018 5.466537e+018
d  4.015770e-001 5.299618e+015 6.089607e+018 6.094907e+018
d  3.935455e-001 6.478074e+015 6.732331e+018 6.738809e+018
d  3.855139e-001 7.918579e+015 7.380677e+018 7.388596e+018
d  3.774824e-001 9.679403e+015 8.023828e+018 8.033507e+018
d  3.694509e-001 1.183178e+016 8.650110e+018 8.661941e+018
d  3.614193e-001 1.446276e+016 9.247327e+018 9.261790e+018
d  3.533878e-001 1.767879e+016 9.803145e+018 9.820824e+018
d  3.453562e-001 2.160996e+016 1.030550e+019 1.032711e+019
d  3.373247e-001 2.641528e+016 1.074305e+019 1.076947e+019
d  3.292932e-001 3.228915e+016 1.110557e+019 1.113786e+019
d  3.212616e-001 3.946917e+016 1.138436e+019 1.142382e+019
d  3.132301e-001 4.824578e+016 1.157259e+019 1.162084e+019
d  3.051985e-001 5.897401e+016 1.166561e+019 1.172459e+019
d  2.971670e-001 7.208784e+016 1.166109e+019 1.173318e+019
d  2.891355e-001 8.811774e+016 1.155913e+019 1.164725e+019
d  2.811039e-001 1.077122e+017 1.136229e+019 1.147000e+019
d  2.730724e-001 1.316637e+017 1.107545e+019 1.120711e+019
d  2.650408e-001 1.609413e+017 1.070561e+019 1.086655e+019
d  2.570093e-001 1.967292e+017 1.026162e+019 1.045835e+019
d  2.489778e-001 2.404751e+017 9.753826e+018 9.994301e+018
d  2.409462e-001 2.939486e+017 9.193667e+018 9.487616e+018
d  2.329147e-001 3.593129e+017 8.593244e+018 8.952557e+018
d  2.248831e-001 4.392119e+017 7.964897e+018 8.404109e+018
d  2.168516e-001 5.368778e+017 7.320787e+018 7.857665e+018
d  2.088201e-001 6.562613e+017 6.672522e+018 7.328784e+018
d  2.007885e-001 8.021916e+017 6.030827e+018 6.833019e+018
d  1.927570e-001 9.805719e+017 5.405282e+018 6.385854e+018
d  1.847254e-001 1.198618e+018 4.804126e+018 6.002744e+018
d  1.766939e-001 1.465150e+018 4.234139e+018 5.699289e+018
d  1.686623e-001 1.790950e+018 3.700585e+018 5.491535e+018
d  1.606308e-001 2.189197e+018 3.207231e+018 5.396428e+018
d  1.525993e-001 2.676000e+018 2.756416e+018 5.432417e+018
d  1.445677e-001 3.271053e+018 2.349167e+018 5.620220e+018
d  1.365362e-001 3.998424e+018 1.985353e+018 5.983777e+018
d  1.285046e-001 4.887539e+018 1.663857e+018 6.551396e+018
d  1.204731e-001 5.974362e+018 1.382767e+018 7.357129e+018
d  1.124416e-001 7.302859e+018 1.139558e+018 8.442417e+018
d  1.044100e-001 8.926768e+018 9.312767e+017 9.858044e+018
d  9.637849e-002 1.091178e+019 7.547021e+017 1.166648e+019
d  8.834695e-002 1.333819e+019 6.064946e+017 1.394469e+019
d  8.031540e-002 1.630415e+019 4.833180e+017 1.678747e+019
d  7.228386e-002 1.992965e+019 3.819387e+017 2.031159e+019
d  6.425232e-002 2.436133e+019 2.993015e+017 2.466063e+019
d  5.622078e-002 2.977846e+019 2.325834e+017 3.001105e+019
d  4.818924e-002 3.640019e+019 1.792269e+017 3.657942e+019
d  4.015770e-002 4.449436e+019 1.369564e+017 4.463132e+019
d  3.212616e-002 5.438840e+019 1.037806e+017 5.449218e+019
d  2.409462e-002 6.648255e+019 7.798378e+016 6.656053e+019
d  1.606308e-002 8.126602e+019 5.810951e+016 8.132413e+019
d  8.031540e-003 9.933684e+019 4.293829e+016 9.937978e+019
d  0.000000e+000 1.214260e+020 3.146276e+016 1.214575e+020
