v ATLAS
# This file was created by ATLAS version 5.28.1.R on Tue Oct 06 02:16:18 2026.
#SSF 2.0 generic
##############################################################################
#                    Copyright (c) 1984 - 2019                               #
#                    Silvaco Inc. All rights reserved                        #
#                                                                            #
# This file format and the following Key are copyright Silvaco Inc.          #
# You may not use, this format or key without reproducing this message in    #
# full and obtaining express written permission from Silvaco Inc.            #
#                                                                            #
# To obtain such permission please contact: Silvaco Inc.                     #
#                                           support@silvaco.com              #
#                                                                            #
# KEY=SVC86hn7562asdx                       PROD=345                         #
##############################################################################
p 4 74 76 75 205
d  3.076080e+000 4.855092e-014 2.286054e-102 4.855092e-014
d  3.068048e+000 5.934700e-014 1.335205e-101 5.934700e-014
d  3.060017e+000 7.254377e-014 7.753886e-101 7.254377e-014
d  3.051985e+000 8.867506e-014 4.477140e-100 8.867506e-014
d  3.043954e+000 1.083934e-013 2.570347e-099 1.083934e-013
d  3.035922e+000 1.324964e-013 1.467211e-098 1.324964e-013
d  3.027891e+000 1.619592e-013 8.327283e-098 1.619592e-013
d  3.019859e+000 1.979734e-013 4.699199e-097 1.979734e-013
d  3.011828e+000 2.419960e-013 2.636661e-096 2.419960e-013
d  3.003796e+000 2.958077e-013 1.470938e-095 2.958077e-013
d  2.995765e+000 3.615854e-013 8.159142e-095 3.615854e-013
d  2.987733e+000 4.419898e-013 4.499915e-094 4.419898e-013
d  2.979702e+000 5.402734e-013 2.467596e-093 5.402734e-013
d  2.971670e+000 6.604119e-013 1.345406e-092 6.604119e-013
d  2.963638e+000 8.072652e-013 7.293615e-092 8.072652e-013
d  2.955607e+000 9.867737e-013 3.931353e-091 9.867737e-013
d  2.947575e+000 1.206199e-012 2.106934e-090 1.206199e-012
d  2.939544e+000 1.474417e-012 1.122716e-089 1.474417e-012
d  2.931512e+000 1.802277e-012 5.948377e-089 1.802277e-012
d  2.923481e+000 2.203043e-012 3.133552e-088 2.203043e-012
d  2.915449e+000 2.692925e-012 1.641290e-087 2.692925e-012
d  2.907418e+000 3.291741e-012 8.547584e-087 3.291741e-012
d  2.899386e+000 4.023713e-012 4.425999e-086 4.023713e-012
d  2.891355e+000 4.918451e-012 2.278710e-085 4.918451e-012
d  2.883323e+000 6.012148e-012 1.166478e-084 6.012148e-012
d  2.875291e+000 7.349047e-012 5.937097e-084 7.349047e-012
d  2.867260e+000 8.983227e-012 3.004564e-083 8.983227e-012
d  2.859228e+000 1.098079e-011 1.511814e-082 1.098079e-011
d  2.851197e+000 1.342255e-011 7.563545e-082 1.342255e-011
d  2.843165e+000 1.640727e-011 3.762375e-081 1.640727e-011
d  2.835134e+000 2.005570e-011 1.860839e-080 2.005570e-011
d  2.827102e+000 2.451540e-011 9.150927e-080 2.451540e-011
d  2.819071e+000 2.996680e-011 4.474364e-079 2.996680e-011
d  2.811039e+000 3.663041e-011 2.175241e-078 3.663041e-011
d  2.803008e+000 4.477577e-011 1.051461e-077 4.477577e-011
d  2.794976e+000 5.473239e-011 5.053462e-077 5.473239e-011
d  2.786945e+000 6.690303e-011 2.414874e-076 6.690303e-011
d  2.778913e+000 8.178000e-011 1.147387e-075 8.178000e-011
d  2.770881e+000 9.996511e-011 5.420446e-075 9.996511e-011
d  2.762850e+000 1.221940e-010 2.546068e-074 1.221940e-010
d  2.754818e+000 1.493658e-010 1.189090e-073 1.493658e-010
d  2.746787e+000 1.825797e-010 5.521659e-073 1.825797e-010
d  2.738755e+000 2.231793e-010 2.549377e-072 2.231793e-010
d  2.730724e+000 2.728068e-010 1.170330e-071 2.728068e-010
d  2.722692e+000 3.334698e-010 5.341860e-071 3.334698e-010
d  2.714661e+000 4.076222e-010 2.424301e-070 4.076222e-010
d  2.706629e+000 4.982636e-010 1.093932e-069 4.982636e-010
d  2.698598e+000 6.090607e-010 4.907993e-069 6.090607e-010
d  2.690566e+000 7.444952e-010 2.189412e-068 7.444952e-010
d  2.682535e+000 9.100458e-010 9.710927e-068 9.100458e-010
d  2.674503e+000 1.112409e-009 4.282563e-067 1.112409e-009
d  2.666471e+000 1.359771e-009 1.877832e-066 1.359771e-009
d  2.658440e+000 1.662139e-009 8.186900e-066 1.662139e-009
d  2.650408e+000 2.031742e-009 3.548886e-065 2.031742e-009
d  2.642377e+000 2.483533e-009 1.529588e-064 2.483533e-009
d  2.634345e+000 3.035787e-009 6.554911e-064 3.035787e-009
d  2.626314e+000 3.710843e-009 2.792987e-063 3.710843e-009
d  2.618282e+000 4.536010e-009 1.183262e-062 4.536010e-009
d  2.610251e+000 5.544665e-009 4.984281e-062 5.544665e-009
d  2.602219e+000 6.777611e-009 2.087536e-061 6.777611e-009
d  2.594188e+000 8.284723e-009 8.693115e-061 8.284723e-009
d  2.586156e+000 1.012697e-008 3.599371e-060 1.012697e-008
d  2.578124e+000 1.237886e-008 1.481793e-059 1.237886e-008
d  2.570093e+000 1.513150e-008 6.065387e-059 1.513150e-008
d  2.562061e+000 1.849624e-008 2.468535e-058 1.849624e-008
d  2.554030e+000 2.260918e-008 9.989178e-058 2.260918e-008
d  2.545998e+000 2.763669e-008 4.019112e-057 2.763669e-008
d  2.537967e+000 3.378216e-008 1.607831e-056 3.378216e-008
d  2.529935e+000 4.129417e-008 6.395291e-056 4.129417e-008
d  2.521904e+000 5.047660e-008 2.529240e-055 5.047660e-008
d  2.513872e+000 6.170089e-008 9.945572e-055 6.170089e-008
d  2.505841e+000 7.542108e-008 3.888474e-054 7.542108e-008
d  2.497809e+000 9.219219e-008 1.511606e-053 9.219219e-008
d  2.489778e+000 1.126926e-007 5.842621e-053 1.126926e-007
d  2.481746e+000 1.377516e-007 2.245364e-052 1.377516e-007
d  2.473714e+000 1.683830e-007 8.579766e-052 1.683830e-007
d  2.465683e+000 2.058256e-007 3.259673e-051 2.058256e-007
d  2.457651e+000 2.515943e-007 1.231353e-050 2.515943e-007
d  2.449620e+000 3.075404e-007 4.624883e-050 3.075404e-007
d  2.441588e+000 3.759270e-007 1.727145e-049 3.759270e-007
d  2.433557e+000 4.595205e-007 6.413082e-049 4.595205e-007
d  2.425525e+000 5.617023e-007 2.367634e-048 5.617023e-007
d  2.417494e+000 6.866059e-007 8.691048e-048 6.866059e-007
d  2.409462e+000 8.392839e-007 3.172047e-047 8.392839e-007
d  2.401431e+000 1.025912e-006 1.151110e-046 1.025912e-006
d  2.393399e+000 1.254041e-006 4.153401e-046 1.254041e-006
d  2.385368e+000 1.532897e-006 1.490050e-045 1.532897e-006
d  2.377336e+000 1.873761e-006 5.315051e-045 1.873761e-006
d  2.369304e+000 2.290422e-006 1.885055e-044 2.290422e-006
d  2.361273e+000 2.799735e-006 6.647378e-044 2.799735e-006
d  2.353241e+000 3.422302e-006 2.330701e-043 3.422302e-006
d  2.345210e+000 4.183306e-006 8.125173e-043 4.183306e-006
d  2.337178e+000 5.113532e-006 2.816362e-042 5.113532e-006
d  2.329147e+000 6.250609e-006 9.706310e-042 6.250609e-006
d  2.321115e+000 7.640533e-006 3.326057e-041 7.640533e-006
d  2.313084e+000 9.339529e-006 1.133222e-040 9.339529e-006
d  2.305052e+000 1.141633e-005 3.838930e-040 1.141633e-005
d  2.297021e+000 1.395493e-005 1.293049e-039 1.395493e-005
d  2.288989e+000 1.705804e-005 4.330419e-039 1.705804e-005
d  2.280957e+000 2.085117e-005 1.441965e-038 2.085117e-005
d  2.272926e+000 2.548776e-005 4.774073e-038 2.548776e-005
d  2.264894e+000 3.115538e-005 1.571569e-037 3.115538e-005
d  2.256863e+000 3.808328e-005 5.143841e-037 3.808328e-005
d  2.248831e+000 4.655172e-005 1.673985e-036 4.655172e-005
d  2.240800e+000 5.690325e-005 5.416581e-036 5.690325e-005
d  2.232768e+000 6.955661e-005 1.742645e-035 6.955661e-005
d  2.224737e+000 8.502365e-005 5.574453e-035 8.502365e-005
d  2.216705e+000 1.039300e-004 1.772987e-034 1.039300e-004
d  2.208674e+000 1.270406e-004 5.606846e-034 1.270406e-004
d  2.200642e+000 1.552901e-004 1.762956e-033 1.552901e-004
d  2.192611e+000 1.898214e-004 5.511557e-033 1.898214e-004
d  2.184579e+000 2.320312e-004 1.713235e-032 2.320312e-004
d  2.176547e+000 2.836272e-004 5.295040e-032 2.836272e-004
d  2.168516e+000 3.466963e-004 1.627165e-031 3.466963e-004
d  2.160484e+000 4.237898e-004 4.971684e-031 4.237898e-004
d  2.152453e+000 5.180263e-004 1.510377e-030 5.180263e-004
d  2.144421e+000 6.332179e-004 4.562229e-030 6.332179e-004
d  2.136390e+000 7.740242e-004 1.370183e-029 7.740242e-004
d  2.128358e+000 9.461410e-004 4.091570e-029 9.461410e-004
d  2.120327e+000 1.156531e-003 1.214818e-028 1.156531e-003
d  2.112295e+000 1.413704e-003 3.586263e-028 1.413704e-003
d  2.104264e+000 1.728064e-003 1.052648e-027 1.728064e-003
d  2.096232e+000 2.112327e-003 3.072088e-027 2.112327e-003
d  2.088201e+000 2.582038e-003 8.914443e-027 2.582038e-003
d  2.080169e+000 3.156196e-003 2.571962e-026 3.156196e-003
d  2.072137e+000 3.858027e-003 7.378102e-026 3.858027e-003
d  2.064106e+000 4.715922e-003 2.104431e-025 4.715922e-003
d  2.056074e+000 5.764584e-003 5.968077e-025 5.764584e-003
d  2.048043e+000 7.046433e-003 1.682845e-024 7.046433e-003
d  2.040011e+000 8.613321e-003 4.718061e-024 8.613321e-003
d  2.031980e+000 1.052863e-002 1.315203e-023 1.052863e-002
d  2.023948e+000 1.286985e-002 3.645289e-023 1.286985e-002
d  2.015917e+000 1.573166e-002 1.004572e-022 1.573166e-002
d  2.007885e+000 1.922986e-002 2.752578e-022 1.922986e-002
d  1.999854e+000 2.350593e-002 7.499084e-022 2.350593e-002
d  1.991822e+000 2.873285e-002 2.031359e-021 2.873285e-002
d  1.983790e+000 3.512207e-002 5.471103e-021 3.512207e-002
d  1.975759e+000 4.293203e-002 1.465119e-020 4.293203e-002
d  1.967727e+000 5.247866e-002 3.901044e-020 5.247866e-002
d  1.959696e+000 6.414814e-002 1.032758e-019 6.414814e-002
d  1.951664e+000 7.841252e-002 2.718480e-019 7.841252e-002
d  1.943633e+000 9.584882e-002 7.114814e-019 9.584882e-002
d  1.935601e+000 1.171624e-001 1.851445e-018 1.171624e-001
d  1.927570e+000 1.432153e-001 4.790356e-018 1.432153e-001
d  1.919538e+000 1.750616e-001 1.232352e-017 1.750616e-001
d  1.911507e+000 2.139893e-001 3.152183e-017 2.139893e-001
d  1.903475e+000 2.615733e-001 8.016741e-017 2.615733e-001
d  1.895444e+000 3.197384e-001 2.027189e-016 3.197384e-001
d  1.887412e+000 3.908374e-001 5.096833e-016 3.908374e-001
d  1.879380e+000 4.777465e-001 1.274138e-015 4.777465e-001
d  1.871349e+000 5.839812e-001 3.166957e-015 5.839812e-001
d  1.863317e+000 7.138389e-001 7.826685e-015 7.138389e-001
d  1.855286e+000 8.725725e-001 1.923195e-014 8.725725e-001
d  1.847254e+000 1.066603e+000 4.698710e-014 1.066603e+000
d  1.839223e+000 1.303780e+000 1.141416e-013 1.303780e+000
d  1.831191e+000 1.593696e+000 2.756886e-013 1.593696e+000
d  1.823160e+000 1.948081e+000 6.620695e-013 1.948081e+000
d  1.815128e+000 2.381268e+000 1.580877e-012 2.381268e+000
d  1.807097e+000 2.910781e+000 3.753208e-012 2.910781e+000
d  1.799065e+000 3.558041e+000 8.859657e-012 3.558041e+000
d  1.791034e+000 4.349229e+000 2.079414e-011 4.349229e+000
d  1.783002e+000 5.316351e+000 4.852605e-011 5.316351e+000
d  1.774970e+000 6.498527e+000 1.125949e-010 6.498527e+000
d  1.766939e+000 7.943580e+000 2.597600e-010 7.943580e+000
d  1.758907e+000 9.709964e+000 5.958483e-010 9.709964e+000
d  1.750876e+000 1.186913e+001 1.358967e-009 1.186913e+001
d  1.742844e+000 1.450843e+001 3.081711e-009 1.450843e+001
d  1.734813e+000 1.773461e+001 6.948401e-009 1.773461e+001
d  1.726781e+000 2.167819e+001 1.557713e-008 2.167819e+001
d  1.718750e+000 2.649869e+001 3.472163e-008 2.649869e+001
d  1.710718e+000 3.239110e+001 7.695246e-008 3.239110e+001
d  1.702687e+000 3.959379e+001 1.695722e-007 3.959379e+001
d  1.694655e+000 4.839811e+001 3.715324e-007 4.839811e+001
d  1.686623e+000 5.916021e+001 8.093727e-007 5.916021e+001
d  1.678592e+000 7.231545e+001 1.753114e-006 7.231545e+001
d  1.670560e+000 8.839596e+001 3.775563e-006 8.839596e+001
d  1.662529e+000 1.080522e+002 8.084685e-006 1.080522e+002
d  1.654497e+000 1.320794e+002 1.721291e-005 1.320794e+002
d  1.646466e+000 1.614494e+002 3.643806e-005 1.614494e+002
d  1.638434e+000 1.973503e+002 7.669482e-005 1.973504e+002
d  1.630403e+000 2.412343e+002 1.605043e-004 2.412345e+002
d  1.622371e+000 2.948767e+002 3.339775e-004 2.948770e+002
d  1.614340e+000 3.604473e+002 6.909673e-004 3.604480e+002
d  1.606308e+000 4.405986e+002 1.421371e-003 4.406001e+002
d  1.598277e+000 5.385729e+002 2.907151e-003 5.385758e+002
d  1.590245e+000 6.583333e+002 5.912039e-003 6.583392e+002
d  1.582213e+000 8.047244e+002 1.195410e-002 8.047364e+002
d  1.574182e+000 9.836680e+002 2.403291e-002 9.836920e+002
d  1.566150e+000 1.202402e+003 4.804029e-002 1.202451e+003
d  1.558119e+000 1.469776e+003 9.548051e-002 1.469872e+003
d  1.550087e+000 1.796605e+003 1.886834e-001 1.796793e+003
d  1.542056e+000 2.196109e+003 3.707340e-001 2.196480e+003
d  1.534024e+000 2.684449e+003 7.242707e-001 2.685174e+003
d  1.525993e+000 3.281380e+003 1.406855e+000 3.282787e+003
d  1.517961e+000 4.011049e+003 2.717112e+000 4.013766e+003
d  1.509930e+000 4.902970e+003 5.217658e+000 4.908188e+003
d  1.501898e+000 5.993225e+003 9.962159e+000 6.003188e+003
d  1.493867e+000 7.325916e+003 1.891216e+001 7.344828e+003
d  1.485835e+000 8.954953e+003 3.569758e+001 8.990650e+003
d  1.477803e+000 1.094623e+004 6.699557e+001 1.101323e+004
d  1.469772e+000 1.338030e+004 1.250153e+002 1.350532e+004
d  1.461740e+000 1.635563e+004 2.319478e+002 1.658758e+004
d  1.453709e+000 1.999257e+004 4.278851e+002 2.042046e+004
d  1.445677e+000 2.443824e+004 7.848267e+002 2.522307e+004
d  1.437646e+000 2.987248e+004 1.431299e+003 3.130378e+004
d  1.429614e+000 3.651512e+004 2.595354e+003 3.911047e+004
d  1.421583e+000 4.463485e+004 4.679212e+003 4.931406e+004
d  1.413551e+000 5.456013e+004 8.388006e+003 6.294813e+004
d  1.405520e+000 6.669246e+004 1.495046e+004 8.164292e+004
d  1.397488e+000 8.152261e+004 2.649477e+004 1.080174e+005
d  1.389457e+000 9.965048e+004 4.668481e+004 1.463353e+005
d  1.381425e+000 1.218094e+005 8.179013e+004 2.035995e+005
d  1.373393e+000 1.488957e+005 1.424741e+005 2.913698e+005
d  1.365362e+000 1.820050e+005 2.467635e+005 4.287686e+005
d  1.357330e+000 2.224768e+005 4.249479e+005 6.474248e+005
d  1.349299e+000 2.719482e+005 7.276128e+005 9.995609e+005
d  1.341267e+000 3.324202e+005 1.238725e+006 1.571145e+006
d  1.333236e+000 4.063393e+005 2.096810e+006 2.503149e+006
d  1.325204e+000 4.966954e+005 3.529011e+006 4.025707e+006
d  1.317173e+000 6.071437e+005 5.905504e+006 6.512648e+006
d  1.309141e+000 7.421519e+005 9.825863e+006 1.056801e+007
d  1.301110e+000 9.071815e+005 1.625527e+007 1.716245e+007
d  1.293078e+000 1.108908e+006 2.673792e+007 2.784683e+007
d  1.285046e+000 1.355492e+006 4.372913e+007 4.508462e+007
d  1.277015e+000 1.656907e+006 7.110889e+007 7.276579e+007
d  1.268983e+000 2.025347e+006 1.149706e+008 1.169959e+008
d  1.260952e+000 2.475716e+006 1.848245e+008 1.873002e+008
d  1.252920e+000 3.026232e+006 2.954214e+008 2.984476e+008
d  1.244889e+000 3.699164e+006 4.694986e+008 4.731978e+008
d  1.236857e+000 4.521733e+006 7.418848e+008 7.464065e+008
d  1.228826e+000 5.527214e+006 1.165597e+009 1.171124e+009
d  1.220794e+000 6.756279e+006 1.820834e+009 1.827590e+009
d  1.212763e+000 8.258648e+006 2.828147e+009 2.836406e+009
d  1.204731e+000 1.009509e+007 4.367606e+009 4.377701e+009
d  1.196700e+000 1.233990e+007 6.706482e+009 6.718822e+009
d  1.188668e+000 1.508388e+007 1.023896e+010 1.025404e+010
d  1.180636e+000 1.843802e+007 1.554271e+010 1.556115e+010
d  1.172605e+000 2.253801e+007 2.345890e+010 2.348144e+010
d  1.164573e+000 2.754971e+007 3.520451e+010 3.523206e+010
d  1.156542e+000 3.367583e+007 5.252895e+010 5.256262e+010
d  1.148510e+000 4.116420e+007 7.793077e+010 7.797194e+010
d  1.140479e+000 5.031773e+007 1.149553e+011 1.150056e+011
d  1.132447e+000 6.150669e+007 1.686006e+011 1.686621e+011
d  1.124416e+000 7.518370e+007 2.458662e+011 2.459413e+011
d  1.116384e+000 9.190202e+007 3.564908e+011 3.565827e+011
d  1.108353e+000 1.123379e+008 5.139345e+011 5.140468e+011
d  1.100321e+000 1.373181e+008 7.366768e+011 7.368141e+011
d  1.092290e+000 1.678530e+008 1.049920e+012 1.050087e+012
d  1.084258e+000 2.051778e+008 1.487801e+012 1.488006e+012
d  1.076226e+000 2.508024e+008 2.096253e+012 2.096504e+012
d  1.068195e+000 3.065724e+008 2.936650e+012 2.936957e+012
d  1.060163e+000 3.747438e+008 4.090445e+012 4.090820e+012
d  1.052132e+000 4.580742e+008 5.664985e+012 5.665443e+012
d  1.044100e+000 5.599344e+008 7.800758e+012 7.801318e+012
d  1.036069e+000 6.844449e+008 1.068033e+013 1.068101e+013
d  1.028037e+000 8.366423e+008 1.453926e+013 1.454010e+013
d  1.020006e+000 1.022683e+009 1.967931e+013 1.968033e+013
d  1.011974e+000 1.250094e+009 2.648422e+013 2.648547e+013
d  1.003943e+000 1.528072e+009 3.543842e+013 3.543995e+013
d  9.959110e-001 1.867864e+009 4.714887e+013 4.715074e+013
d  9.878795e-001 2.283214e+009 6.237034e+013 6.237263e+013
d  9.798479e-001 2.790923e+009 8.203417e+013 8.203696e+013
d  9.718164e-001 3.411530e+009 1.072806e+014 1.072840e+014
d  9.637849e-001 4.170139e+009 1.394946e+014 1.394988e+014
d  9.557533e-001 5.097438e+009 1.803448e+014 1.803499e+014
d  9.477218e-001 6.230935e+009 2.318246e+014 2.318309e+014
d  9.396902e-001 7.616485e+009 2.962957e+014 2.963033e+014
d  9.316587e-001 9.310134e+009 3.765312e+014 3.765405e+014
d  9.236272e-001 1.138039e+010 4.757584e+014 4.757697e+014
d  9.155956e-001 1.391101e+010 5.976978e+014 5.977117e+014
d  9.075641e-001 1.700435e+010 7.465979e+014 7.466149e+014
d  8.995325e-001 2.078554e+010 9.272603e+014 9.272811e+014
d  8.915010e-001 2.540754e+010 1.145055e+015 1.145081e+015
d  8.834695e-001 3.105732e+010 1.405921e+015 1.405952e+015
d  8.754379e-001 3.796342e+010 1.716348e+015 1.716386e+015
d  8.674064e-001 4.640520e+010 2.083337e+015 2.083384e+015
d  8.593748e-001 5.672415e+010 2.514338e+015 2.514395e+015
d  8.513433e-001 6.933769e+010 3.017154e+015 3.017224e+015
d  8.433117e-001 8.475605e+010 3.599824e+015 3.599909e+015
d  8.352802e-001 1.036029e+011 4.270461e+015 4.270565e+015
d  8.272487e-001 1.266407e+011 5.037072e+015 5.037198e+015
d  8.192171e-001 1.548013e+011 5.907331e+015 5.907486e+015
d  8.111856e-001 1.892239e+011 6.888336e+015 6.888525e+015
d  8.031540e-001 2.313010e+011 7.986329e+015 7.986560e+015
d  7.951225e-001 2.827345e+011 9.206400e+015 9.206683e+015
d  7.870910e-001 3.456051e+011 1.055218e+016 1.055253e+016
d  7.790594e-001 4.224560e+011 1.202554e+016 1.202596e+016
d  7.710279e-001 5.163959e+011 1.362626e+016 1.362678e+016
d  7.629963e-001 6.312249e+011 1.535178e+016 1.535241e+016
d  7.549648e-001 7.715880e+011 1.719692e+016 1.719769e+016
d  7.469333e-001 9.431631e+011 1.915368e+016 1.915462e+016
d  7.389017e-001 1.152891e+012 2.121112e+016 2.121228e+016
d  7.308702e-001 1.409255e+012 2.335527e+016 2.335668e+016
d  7.228386e-001 1.722625e+012 2.556914e+016 2.557086e+016
d  7.148071e-001 2.105679e+012 2.783281e+016 2.783491e+016
d  7.067756e-001 2.573911e+012 3.012366e+016 3.012624e+016
d  6.987440e-001 3.146262e+012 3.241667e+016 3.241981e+016
d  6.907125e-001 3.845884e+012 3.468477e+016 3.468861e+016
d  6.826809e-001 4.701079e+012 3.689938e+016 3.690408e+016
d  6.746494e-001 5.746440e+012 3.903095e+016 3.903669e+016
d  6.666179e-001 7.024255e+012 4.104961e+016 4.105663e+016
d  6.585863e-001 8.586212e+012 4.292583e+016 4.293442e+016
d  6.505548e-001 1.049550e+013 4.463117e+016 4.464167e+016
d  6.425232e-001 1.282934e+013 4.613895e+016 4.615178e+016
d  6.344917e-001 1.568215e+013 4.742495e+016 4.744063e+016
d  6.264602e-001 1.916933e+013 4.846809e+016 4.848726e+016
d  6.184286e-001 2.343194e+013 4.925097e+016 4.927440e+016
d  6.103971e-001 2.864242e+013 4.976036e+016 4.978900e+016
d  6.023655e-001 3.501152e+013 4.998757e+016 5.002258e+016
d  5.943340e-001 4.279690e+013 4.992871e+016 4.997151e+016
d  5.863025e-001 5.231349e+013 4.958479e+016 4.963711e+016
d  5.782709e-001 6.394624e+013 4.896170e+016 4.902565e+016
d  5.702394e-001 7.816572e+013 4.807002e+016 4.814819e+016
d  5.622078e-001 9.554714e+013 4.692475e+016 4.702030e+016
d  5.541763e-001 1.167936e+014 4.554487e+016 4.566166e+016
d  5.461448e-001 1.427646e+014 4.395282e+016 4.409559e+016
d  5.381132e-001 1.745106e+014 4.217392e+016 4.234843e+016
d  5.300817e-001 2.133158e+014 4.023564e+016 4.044895e+016
d  5.220501e-001 2.607501e+014 3.816697e+016 3.842772e+016
d  5.140186e-001 3.187321e+014 3.599766e+016 3.631639e+016
d  5.059870e-001 3.896073e+014 3.375754e+016 3.414714e+016
d  4.979555e-001 4.762428e+014 3.147582e+016 3.195206e+016
d  4.899240e-001 5.821431e+014 2.918053e+016 2.976267e+016
d  4.818924e-001 7.115921e+014 2.689794e+016 2.760953e+016
d  4.738609e-001 8.698262e+014 2.465215e+016 2.552198e+016
d  4.658293e-001 1.063246e+015 2.246469e+016 2.352793e+016
d  4.577978e-001 1.299676e+015 2.035428e+016 2.165396e+016
d  4.497663e-001 1.588680e+015 1.833669e+016 1.992537e+016
d  4.417347e-001 1.941949e+015 1.642465e+016 1.836660e+016
d  4.337032e-001 2.373773e+015 1.462787e+016 1.700164e+016
d  4.256716e-001 2.901620e+015 1.295316e+016 1.585478e+016
d  4.176401e-001 3.546842e+015 1.140460e+016 1.495145e+016
d  4.096086e-001 4.335540e+015 9.983771e+015 1.431931e+016
d  4.015770e-001 5.299618e+015 8.689980e+015 1.398960e+016
d  3.935455e-001 6.478074e+015 7.520606e+015 1.399868e+016
d  3.855139e-001 7.918579e+015 6.471376e+015 1.438996e+016
d  3.774824e-001 9.679403e+015 5.536692e+015 1.521609e+016
d  3.694509e-001 1.183178e+016 4.709923e+015 1.654170e+016
d  3.614193e-001 1.446276e+016 3.983705e+015 1.844647e+016
d  3.533878e-001 1.767879e+016 3.350197e+015 2.102899e+016
d  3.453562e-001 2.160996e+016 2.801324e+015 2.441128e+016
d  3.373247e-001 2.641528e+016 2.328982e+015 2.874427e+016
d  3.292932e-001 3.228915e+016 1.925213e+015 3.421436e+016
d  3.212616e-001 3.946917e+016 1.582345e+015 4.105151e+016
d  3.132301e-001 4.824578e+016 1.293104e+015 4.953888e+016
d  3.051985e-001 5.897401e+016 1.050693e+015 6.002470e+016
d  2.971670e-001 7.208784e+016 8.488435e+014 7.293668e+016
d  2.891355e-001 8.811774e+016 6.818509e+014 8.879959e+016
d  2.811039e-001 1.077122e+017 5.445792e+014 1.082567e+017
d  2.730724e-001 1.316637e+017 4.324565e+014 1.320962e+017
d  2.650408e-001 1.609413e+017 3.414552e+014 1.612827e+017
d  2.570093e-001 1.967292e+017 2.680617e+014 1.969972e+017
d  2.489778e-001 2.404751e+017 2.092405e+014 2.406843e+017
d  2.409462e-001 2.939486e+017 1.623927e+014 2.941110e+017
d  2.329147e-001 3.593129e+017 1.253133e+014 3.594382e+017
d  2.248831e-001 4.392119e+017 9.614737e+013 4.393080e+017
d  2.168516e-001 5.368778e+017 7.334789e+013 5.369511e+017
d  2.088201e-001 6.562613e+017 5.563495e+013 6.563169e+017
d  2.007885e-001 8.021916e+017 4.195827e+013 8.022336e+017
d  1.927570e-001 9.805719e+017 3.146279e+013 9.806034e+017
d  1.847254e-001 1.198618e+018 2.345777e+013 1.198641e+018
d  1.766939e-001 1.465150e+018 1.738946e+013 1.465168e+018
d  1.686623e-001 1.790950e+018 1.281726e+013 1.790963e+018
d  1.606308e-001 2.189197e+018 9.393217e+012 2.189206e+018
d  1.525993e-001 2.676000e+018 6.844523e+012 2.676007e+018
d  1.445677e-001 3.271053e+018 4.958860e+012 3.271058e+018
d  1.365362e-001 3.998424e+018 3.572155e+012 3.998428e+018
d  1.285046e-001 4.887539e+018 2.558519e+012 4.887541e+018
d  1.204731e-001 5.974362e+018 1.822035e+012 5.974364e+018
d  1.124416e-001 7.302859e+018 1.290134e+012 7.302860e+018
d  1.044100e-001 8.926768e+018 9.082859e+011 8.926769e+018
d  9.637849e-002 1.091178e+019 6.357996e+011 1.091178e+019
d  8.834695e-002 1.333819e+019 4.425147e+011 1.333819e+019
d  8.031540e-002 1.630415e+019 3.062280e+011 1.630415e+019
d  7.228386e-002 1.992965e+019 2.107037e+011 1.992965e+019
d  6.425232e-002 2.436133e+019 1.441481e+011 2.436133e+019
d  5.622078e-002 2.977846e+019 9.805185e+010 2.977846e+019
d  4.818924e-002 3.640019e+019 6.631509e+010 3.640019e+019
d  4.015770e-002 4.449436e+019 4.459424e+010 4.449436e+019
d  3.212616e-002 5.438840e+019 2.981639e+010 5.438840e+019
d  2.409462e-002 6.648255e+019 1.982171e+010 6.648255e+019
d  1.606308e-002 8.126602e+019 1.310198e+010 8.126602e+019
d  8.031540e-003 9.933684e+019 8.610785e+009 9.933684e+019
d  0.000000e+000 1.214260e+020 5.626759e+009 1.214260e+020
