Probe avg_n vs gate bias
76 2 2
gate bias
Probe avg_n
-3 5.43726e+012
-2.8 5.43859e+012
-2.6 5.4409e+012
-2.4 5.44486e+012
-2.2 5.45168e+012
-2 5.46341e+012
-1.8 5.48364e+012
-1.6 5.5186e+012
-1.4 5.5793e+012
-1.2 5.68549e+012
-1 5.87364e+012
-0.95 5.94059e+012
-0.9 6.01837e+012
-0.85 6.10892e+012
-0.8 6.21461e+012
-0.75 6.33831e+012
-0.7 6.48356e+012
-0.65 6.65473e+012
-0.6 6.85731e+012
-0.55 7.09817e+012
-0.5 7.38628e+012
-0.45 7.73466e+012
-0.4 8.17028e+012
-0.35 8.79303e+012
-0.3 1.01343e+013
-0.25 1.52352e+013
-0.2 4.02504e+013
-0.15 1.54093e+014
-0.1 5.49496e+014
-0.05 1.53065e+015
-4.24783e-016 3.38386e+015
0.05 6.33228e+015
0.1 1.05913e+016
0.15 1.64237e+016
0.2 2.41683e+016
0.25 3.42528e+016
0.3 4.71964e+016
0.35 6.35973e+016
0.4 8.40936e+016
0.45 1.09289e+017
0.5 1.39658e+017
0.55 1.75469e+017
0.6 2.16767e+017
0.65 2.63419e+017
0.7 3.15174e+017
0.75 3.7172e+017
0.8 4.32729e+017
0.85 4.97901e+017
0.9 5.66988e+017
0.95 6.39812e+017
1 7.16264e+017
1.05 7.96304e+017
1.1 8.79942e+017
1.15 9.67208e+017
1.2 1.05812e+018
1.25 1.15266e+018
1.3 1.25073e+018
1.35 1.3522e+018
1.4 1.45688e+018
1.45 1.56455e+018
1.5 1.67498e+018
1.6 1.90325e+018
1.7 2.14e+018
1.8 2.38379e+018
1.9 2.63342e+018
2 2.88792e+018
2.1 3.14652e+018
2.2 3.40859e+018
2.3 3.6736e+018
2.4 3.94113e+018
2.5 4.21084e+018
2.6 4.48244e+018
2.7 4.75568e+018
2.8 5.03035e+018
2.9 5.30628e+018
3 5.58332e+018
