Conduction Band Energy vs Depth
108 2 2
Depth
Conduction Band Energy
0 3.53587
0.0200769 3.53587
0.0346253 3.53587
0.0451677 3.53587
0.0528071 3.53587
0.0583429 3.53587
0.0623543 3.53587
0.0652611 3.53587
0.0673675 3.53587
0.0688939 3.53587
0.07 0.15207
0.07 0.15207
0.0709987 0.152124
0.0719247 0.152274
0.0727833 0.152498
0.0735795 0.152781
0.0743178 0.15311
0.0750024 0.153474
0.0756372 0.153864
0.0762258 0.154272
0.0767715 0.154691
0.0772776 0.155115
0.0777469 0.155542
0.078182 0.155966
0.0785855 0.156384
0.0789596 0.156794
0.0793065 0.157194
0.0796282 0.157582
0.0799264 0.157957
0.080203 0.158318
0.0804595 0.158665
0.0806973 0.158997
0.0809178 0.159313
0.0811222 0.159615
0.0813118 0.159901
0.0814876 0.160173
0.0816506 0.160429
0.0818017 0.160672
0.0819419 0.160901
0.0820719 0.161117
0.0821924 0.16132
0.0823041 0.161511
0.0824077 0.16169
0.0825038 0.161858
0.0825929 0.162015
0.0826755 0.162163
0.0827521 0.162301
0.0828231 0.16243
0.0828889 0.162551
0.08295 0.162663
0.08295 0.162663
0.0830125 0.162762
0.083075 0.162843
0.0831375 0.162908
0.0832 0.162955
0.0832 0.162955
0.0832595 3.54845
0.0833253 3.55032
0.0833982 3.5524
0.0834789 3.55469
0.0835683 3.55724
0.0836672 3.56005
0.0837767 3.56317
0.083898 3.56662
0.0840323 3.57044
0.0841809 3.57467
0.0843455 3.57936
0.0845277 3.58454
0.0847294 3.59028
0.0849527 3.59664
0.0852 4.50367
0.0852 4.50367
0.0854427 4.50685
0.0856984 4.5102
0.0859678 4.51372
0.0862516 4.51744
0.0865506 4.52135
0.0868656 4.52548
0.0871976 4.52982
0.0875473 4.5344
0.0879157 4.53922
0.0883039 4.5443
0.0887128 4.54965
0.0891437 4.55529
0.0895977 4.56123
0.0900759 4.56749
0.0905798 4.57409
0.0911107 4.58104
0.0916701 4.58836
0.0922594 4.59607
0.0928802 4.6042
0.0935344 4.61276
0.0942235 4.62178
0.0949496 4.63128
0.0957146 4.64129
0.0965206 4.65184
0.0973697 4.66296
0.0982644 4.67467
0.0992069 4.687
0.1002 4.7
0.1002 0
0.101255 0
0.102979 0
0.105793 0
0.110391 0
0.117901 0
0.130166 0
0.1502 0
