Conduction Band Energy vs Depth
108 2 2
Depth
Conduction Band Energy
0 3.15252
0.0200769 3.15252
0.0346253 3.15252
0.0451677 3.15252
0.0528071 3.15252
0.0583429 3.15252
0.0623543 3.15252
0.0652611 3.15253
0.0673675 3.15253
0.0688939 3.15253
0.07 -0.231275
0.07 -0.231275
0.0709987 -0.231977
0.0719247 -0.233911
0.0727833 -0.236873
0.0735795 -0.240716
0.0743178 -0.24533
0.0750024 -0.250633
0.0756372 -0.256563
0.0762258 -0.263071
0.0767715 -0.27012
0.0772776 -0.27768
0.0777469 -0.285726
0.078182 -0.294239
0.0785855 -0.303198
0.0789596 -0.312588
0.0793065 -0.322392
0.0796282 -0.332594
0.0799264 -0.343181
0.080203 -0.354137
0.0804595 -0.365451
0.0806973 -0.377106
0.0809178 -0.389086
0.0811222 -0.401368
0.0813118 -0.413927
0.0814876 -0.426731
0.0816506 -0.439742
0.0818017 -0.452919
0.0819419 -0.466217
0.0820719 -0.479588
0.0821924 -0.492983
0.0823041 -0.506351
0.0824077 -0.519642
0.0825038 -0.53281
0.0825929 -0.545809
0.0826755 -0.558596
0.0827521 -0.571132
0.0828231 -0.583383
0.0828889 -0.595317
0.08295 -0.606908
0.08295 -0.606908
0.0830125 -0.619344
0.083075 -0.632395
0.0831375 -0.646095
0.0832 -0.660485
0.0832 -0.660485
0.0832595 2.71046
0.0833253 2.69623
0.0833982 2.68047
0.0834789 2.66303
0.0835683 2.64371
0.0836672 2.62233
0.0837767 2.59866
0.083898 2.57245
0.0840323 2.54343
0.0841809 2.5113
0.0843455 2.47573
0.0845277 2.43635
0.0847294 2.39274
0.0849527 2.34447
0.0852 3.19103
0.0852 3.19103
0.0854427 3.1669
0.0856984 3.14149
0.0859678 3.11471
0.0862516 3.0865
0.0865506 3.05678
0.0868656 3.02546
0.0871976 2.99247
0.0875473 2.95771
0.0879157 2.92108
0.0883039 2.8825
0.0887128 2.84185
0.0891437 2.79902
0.0895977 2.75389
0.0900759 2.70635
0.0905798 2.65626
0.0911107 2.60349
0.0916701 2.54789
0.0922594 2.48931
0.0928802 2.4276
0.0935344 2.36258
0.0942235 2.29407
0.0949496 2.2219
0.0957146 2.14586
0.0965206 2.06574
0.0973697 1.98133
0.0982644 1.8924
0.0992069 1.79871
0.1002 1.7
0.1002 0
0.101255 0
0.102979 0
0.105793 0
0.110391 0
0.117901 0
0.130166 0
0.1502 0
