Conduction Band Energy vs Depth
108 2 2
Depth
Conduction Band Energy
0 3.47325
0.0200769 3.47325
0.0346253 3.47325
0.0451677 3.47325
0.0528071 3.47325
0.0583429 3.47325
0.0623543 3.47325
0.0652611 3.47325
0.0673675 3.47325
0.0688939 3.47325
0.07 0.089449
0.07 0.089449
0.0709987 0.0894342
0.0719247 0.089394
0.0727833 0.0893334
0.0735795 0.0892567
0.0743178 0.0891674
0.0750024 0.0890682
0.0756372 0.0889616
0.0762258 0.0888497
0.0767715 0.0887342
0.0772776 0.0886165
0.0777469 0.088498
0.078182 0.0883797
0.0785855 0.0882625
0.0789596 0.0881471
0.0793065 0.0880341
0.0796282 0.087924
0.0799264 0.0878171
0.080203 0.0877139
0.0804595 0.0876145
0.0806973 0.0875191
0.0809178 0.0874277
0.0811222 0.0873405
0.0813118 0.0872574
0.0814876 0.0871784
0.0816506 0.0871034
0.0818017 0.0870324
0.0819419 0.0869653
0.0820719 0.0869019
0.0821924 0.0868421
0.0823041 0.0867858
0.0824077 0.0867328
0.0825038 0.0866831
0.0825929 0.0866364
0.0826755 0.0865926
0.0827521 0.0865515
0.0828231 0.0865131
0.0828889 0.0864771
0.08295 0.0864435
0.08295 0.0864435
0.0830125 0.0863906
0.083075 0.086319
0.0831375 0.0862286
0.0832 0.0861195
0.0832 0.0861195
0.0832595 3.47146
0.0833253 3.47316
0.0833982 3.47504
0.0834789 3.47713
0.0835683 3.47944
0.0836672 3.482
0.0837767 3.48483
0.083898 3.48797
0.0840323 3.49144
0.0841809 3.49528
0.0843455 3.49954
0.0845277 3.50425
0.0847294 3.50946
0.0849527 3.51524
0.0852 4.42163
0.0852 4.42163
0.0854427 4.42452
0.0856984 4.42756
0.0859678 4.43076
0.0862516 4.43414
0.0865506 4.43769
0.0868656 4.44144
0.0871976 4.44539
0.0875473 4.44954
0.0879157 4.45393
0.0883039 4.45854
0.0887128 4.4634
0.0891437 4.46853
0.0895977 4.47393
0.0900759 4.47961
0.0905798 4.48561
0.0911107 4.49192
0.0916701 4.49857
0.0922594 4.50558
0.0928802 4.51296
0.0935344 4.52074
0.0942235 4.52893
0.0949496 4.53757
0.0957146 4.54666
0.0965206 4.55625
0.0973697 4.56634
0.0982644 4.57698
0.0992069 4.58819
0.1002 4.6
0.1002 0
0.101255 0
0.102979 0
0.105793 0
0.110391 0
0.117901 0
0.130166 0
0.1502 0
