Probe chan_mob vs gate bias
76 2 2
gate bias
Probe chan_mob
-3 60.5388
-2.8 60.5388
-2.6 60.5388
-2.4 60.5388
-2.2 60.5388
-2 60.5388
-1.8 60.5388
-1.6 60.5388
-1.4 60.5388
-1.2 60.5388
-1 60.5388
-0.95 60.5388
-0.9 60.5388
-0.85 60.5388
-0.8 60.5388
-0.75 60.5388
-0.7 60.5388
-0.65 60.5388
-0.6 60.5388
-0.55 60.5388
-0.5 60.5388
-0.45 60.5388
-0.4 60.5388
-0.35 60.5388
-0.3 60.5388
-0.25 60.5388
-0.2 60.5388
-0.15 60.5388
-0.1 60.5388
-0.05 60.5388
-4.24783e-016 60.5388
0.05 60.5388
0.1 60.5388
0.15 60.5388
0.2 60.5388
0.25 60.5388
0.3 60.5388
0.35 60.5388
0.4 60.5388
0.45 60.5388
0.5 60.5388
0.55 60.5388
0.6 60.5388
0.65 60.5388
0.7 60.5388
0.75 60.5388
0.8 60.5388
0.85 60.5388
0.9 60.5388
0.95 60.5388
1 60.5388
1.05 60.5388
1.1 60.5388
1.15 60.5388
1.2 60.5388
1.25 60.5388
1.3 60.5388
1.35 60.5388
1.4 60.5388
1.45 60.5388
1.5 60.5388
1.6 60.5388
1.7 60.5388
1.8 60.5388
1.9 60.5388
2 60.5388
2.1 60.5388
2.2 60.5388
2.3 60.5388
2.4 60.5388
2.5 60.5388
2.6 60.5388
2.7 60.5388
2.8 60.5388
2.9 60.5388
3 60.5388
