Probe chan_n vs gate bias
76 2 2
gate bias
Probe chan_n
-3 3.35448e-032
-2.8 2.24308e-030
-2.6 4.92763e-027
-2.4 1.12764e-023
-2.2 2.37535e-020
-2 3.74381e-017
-1.8 8.44892e-014
-1.6 1.93183e-010
-1.4 3.57298e-007
-1.2 0.000813156
-1 1.86097
-0.95 12.871
-0.9 89.0232
-0.85 615.531
-0.8 4251.8
-0.75 29300.9
-0.7 201010
-0.65 1.3694e+006
-0.6 9.25368e+006
-0.55 6.21248e+007
-0.5 4.16104e+008
-0.45 2.7922e+009
-0.4 1.87692e+010
-0.35 1.25347e+011
-0.3 8.17926e+011
-0.25 5.09901e+012
-0.2 2.93421e+013
-0.15 1.45434e+014
-0.1 5.62973e+014
-0.05 1.62555e+015
-4.24783e-016 3.63879e+015
0.05 6.74472e+015
0.1 1.09257e+016
0.15 1.60544e+016
0.2 2.19458e+016
0.25 2.84016e+016
0.3 3.52403e+016
0.35 4.23122e+016
0.4 4.95005e+016
0.45 5.67135e+016
0.5 6.38767e+016
0.55 7.09297e+016
0.6 7.7827e+016
0.65 8.45407e+016
0.7 9.10594e+016
0.75 9.73842e+016
0.8 1.03525e+017
0.85 1.09496e+017
0.9 1.15317e+017
0.95 1.21006e+017
1 1.26585e+017
1.05 1.32073e+017
1.1 1.3749e+017
1.15 1.42853e+017
1.2 1.48177e+017
1.25 1.53473e+017
1.3 1.58748e+017
1.35 1.64007e+017
1.4 1.69252e+017
1.45 1.74481e+017
1.5 1.79695e+017
1.6 1.90067e+017
1.7 2.00353e+017
1.8 2.10541e+017
1.9 2.20623e+017
2 2.30594e+017
2.1 2.40452e+017
2.2 2.50197e+017
2.3 2.5983e+017
2.4 2.69354e+017
2.5 2.78773e+017
2.6 2.88088e+017
2.7 2.97304e+017
2.8 3.06424e+017
2.9 3.15452e+017
3 3.24391e+017
