v ATLAS
# This file was created by ATLAS version 5.28.1.R on Tue Oct 06 02:16:21 2026.
#SSF 2.0 generic
##############################################################################
#                    Copyright (c) 1984 - 2019                               #
#                    Silvaco Inc. All rights reserved                        #
#                                                                            #
# This file format and the following Key are copyright Silvaco Inc.          #
# You may not use, this format or key without reproducing this message in    #
# full and obtaining express written permission from Silvaco Inc.            #
#                                                                            #
# To obtain such permission please contact: Silvaco Inc.                     #
#                                           support@silvaco.com              #
#                                                                            #
# KEY=SVC86hn7562asdx                       PROD=345                         #
##############################################################################
p 4 77 79 78 206
d  0.000000e+000 0.000000e+000 0.000000e+000 0.000000e+000
d  1.610513e-002 0.000000e+000 0.000000e+000 0.000000e+000
d  3.221026e-002 0.000000e+000 0.000000e+000 0.000000e+000
d  4.831539e-002 0.000000e+000 0.000000e+000 0.000000e+000
d  6.442052e-002 0.000000e+000 0.000000e+000 0.000000e+000
d  8.052565e-002 0.000000e+000 0.000000e+000 0.000000e+000
d  9.663079e-002 0.000000e+000 0.000000e+000 0.000000e+000
d  1.127359e-001 0.000000e+000 0.000000e+000 0.000000e+000
d  1.288410e-001 0.000000e+000 0.000000e+000 0.000000e+000
d  1.449462e-001 0.000000e+000 0.000000e+000 0.000000e+000
d  1.610513e-001 0.000000e+000 0.000000e+000 0.000000e+000
d  1.771564e-001 0.000000e+000 0.000000e+000 0.000000e+000
d  1.932616e-001 0.000000e+000 0.000000e+000 0.000000e+000
d  2.093667e-001 0.000000e+000 0.000000e+000 0.000000e+000
d  2.254718e-001 0.000000e+000 0.000000e+000 0.000000e+000
d  2.415770e-001 0.000000e+000 0.000000e+000 0.000000e+000
d  2.576821e-001 0.000000e+000 0.000000e+000 0.000000e+000
d  2.737872e-001 0.000000e+000 0.000000e+000 0.000000e+000
d  2.898924e-001 0.000000e+000 0.000000e+000 0.000000e+000
d  3.059975e-001 0.000000e+000 0.000000e+000 0.000000e+000
d  3.221026e-001 0.000000e+000 0.000000e+000 0.000000e+000
d  3.382077e-001 0.000000e+000 0.000000e+000 0.000000e+000
d  3.543129e-001 0.000000e+000 0.000000e+000 0.000000e+000
d  3.704180e-001 0.000000e+000 0.000000e+000 0.000000e+000
d  3.865231e-001 0.000000e+000 0.000000e+000 0.000000e+000
d  4.026283e-001 0.000000e+000 0.000000e+000 0.000000e+000
d  4.187334e-001 0.000000e+000 0.000000e+000 0.000000e+000
d  4.348385e-001 0.000000e+000 0.000000e+000 0.000000e+000
d  4.509437e-001 0.000000e+000 0.000000e+000 0.000000e+000
d  4.670488e-001 0.000000e+000 0.000000e+000 0.000000e+000
d  4.831539e-001 0.000000e+000 0.000000e+000 0.000000e+000
d  4.992591e-001 0.000000e+000 0.000000e+000 0.000000e+000
d  5.153642e-001 0.000000e+000 0.000000e+000 0.000000e+000
d  5.314693e-001 0.000000e+000 0.000000e+000 0.000000e+000
d  5.475745e-001 0.000000e+000 0.000000e+000 0.000000e+000
d  5.636796e-001 0.000000e+000 0.000000e+000 0.000000e+000
d  5.797847e-001 0.000000e+000 0.000000e+000 0.000000e+000
d  5.958898e-001 0.000000e+000 0.000000e+000 0.000000e+000
d  6.119950e-001 0.000000e+000 0.000000e+000 0.000000e+000
d  6.281001e-001 0.000000e+000 0.000000e+000 0.000000e+000
d  6.442052e-001 0.000000e+000 0.000000e+000 0.000000e+000
d  6.603104e-001 0.000000e+000 0.000000e+000 0.000000e+000
d  6.764155e-001 0.000000e+000 0.000000e+000 0.000000e+000
d  6.925206e-001 0.000000e+000 0.000000e+000 0.000000e+000
d  7.086258e-001 0.000000e+000 0.000000e+000 0.000000e+000
d  7.247309e-001 0.000000e+000 0.000000e+000 0.000000e+000
d  7.408360e-001 0.000000e+000 0.000000e+000 0.000000e+000
d  7.569412e-001 0.000000e+000 0.000000e+000 0.000000e+000
d  7.730463e-001 0.000000e+000 0.000000e+000 0.000000e+000
d  7.891514e-001 0.000000e+000 0.000000e+000 0.000000e+000
d  8.052565e-001 0.000000e+000 0.000000e+000 0.000000e+000
d  8.213617e-001 0.000000e+000 0.000000e+000 0.000000e+000
d  8.374668e-001 0.000000e+000 0.000000e+000 0.000000e+000
d  8.535719e-001 0.000000e+000 0.000000e+000 0.000000e+000
d  8.696771e-001 0.000000e+000 0.000000e+000 0.000000e+000
d  8.857822e-001 0.000000e+000 0.000000e+000 0.000000e+000
d  9.018873e-001 0.000000e+000 0.000000e+000 0.000000e+000
d  9.179925e-001 0.000000e+000 0.000000e+000 0.000000e+000
d  9.340976e-001 0.000000e+000 0.000000e+000 0.000000e+000
d  9.502027e-001 0.000000e+000 0.000000e+000 0.000000e+000
d  9.663079e-001 0.000000e+000 0.000000e+000 0.000000e+000
d  9.824130e-001 0.000000e+000 0.000000e+000 0.000000e+000
d  9.985181e-001 0.000000e+000 0.000000e+000 0.000000e+000
d  1.014623e+000 0.000000e+000 0.000000e+000 0.000000e+000
d  1.030728e+000 0.000000e+000 0.000000e+000 0.000000e+000
d  1.046834e+000 0.000000e+000 0.000000e+000 0.000000e+000
d  1.062939e+000 0.000000e+000 0.000000e+000 0.000000e+000
d  1.079044e+000 0.000000e+000 0.000000e+000 0.000000e+000
d  1.095149e+000 0.000000e+000 0.000000e+000 0.000000e+000
d  1.111254e+000 0.000000e+000 0.000000e+000 0.000000e+000
d  1.127359e+000 0.000000e+000 0.000000e+000 0.000000e+000
d  1.143464e+000 0.000000e+000 0.000000e+000 0.000000e+000
d  1.159569e+000 0.000000e+000 0.000000e+000 0.000000e+000
d  1.175675e+000 0.000000e+000 0.000000e+000 0.000000e+000
d  1.191780e+000 0.000000e+000 0.000000e+000 0.000000e+000
d  1.207885e+000 0.000000e+000 0.000000e+000 0.000000e+000
d  1.223990e+000 0.000000e+000 0.000000e+000 0.000000e+000
d  1.240095e+000 0.000000e+000 0.000000e+000 0.000000e+000
d  1.256200e+000 0.000000e+000 0.000000e+000 0.000000e+000
d  1.272305e+000 0.000000e+000 0.000000e+000 0.000000e+000
d  1.288410e+000 0.000000e+000 0.000000e+000 0.000000e+000
d  1.304516e+000 0.000000e+000 0.000000e+000 0.000000e+000
d  1.320621e+000 0.000000e+000 0.000000e+000 0.000000e+000
d  1.336726e+000 0.000000e+000 0.000000e+000 0.000000e+000
d  1.352831e+000 0.000000e+000 0.000000e+000 0.000000e+000
d  1.368936e+000 0.000000e+000 0.000000e+000 0.000000e+000
d  1.385041e+000 0.000000e+000 0.000000e+000 0.000000e+000
d  1.401146e+000 0.000000e+000 0.000000e+000 0.000000e+000
d  1.417252e+000 0.000000e+000 0.000000e+000 0.000000e+000
d  1.433357e+000 0.000000e+000 0.000000e+000 0.000000e+000
d  1.449462e+000 0.000000e+000 0.000000e+000 0.000000e+000
d  1.465567e+000 0.000000e+000 0.000000e+000 0.000000e+000
d  1.481672e+000 0.000000e+000 0.000000e+000 0.000000e+000
d  1.497777e+000 0.000000e+000 0.000000e+000 0.000000e+000
d  1.513882e+000 0.000000e+000 0.000000e+000 0.000000e+000
d  1.529987e+000 0.000000e+000 0.000000e+000 0.000000e+000
d  1.546093e+000 0.000000e+000 0.000000e+000 0.000000e+000
d  1.562198e+000 0.000000e+000 0.000000e+000 0.000000e+000
d  1.578303e+000 0.000000e+000 0.000000e+000 0.000000e+000
d  1.594408e+000 0.000000e+000 0.000000e+000 0.000000e+000
d  1.610513e+000 0.000000e+000 0.000000e+000 0.000000e+000
d  1.626618e+000 0.000000e+000 0.000000e+000 0.000000e+000
d  1.642723e+000 0.000000e+000 0.000000e+000 0.000000e+000
d  1.658828e+000 0.000000e+000 0.000000e+000 0.000000e+000
d  1.674934e+000 0.000000e+000 0.000000e+000 0.000000e+000
d  1.691039e+000 0.000000e+000 0.000000e+000 0.000000e+000
d  1.707144e+000 0.000000e+000 0.000000e+000 0.000000e+000
d  1.723249e+000 0.000000e+000 0.000000e+000 0.000000e+000
d  1.739354e+000 0.000000e+000 0.000000e+000 0.000000e+000
d  1.755459e+000 0.000000e+000 0.000000e+000 0.000000e+000
d  1.771564e+000 0.000000e+000 0.000000e+000 0.000000e+000
d  1.787670e+000 0.000000e+000 0.000000e+000 0.000000e+000
d  1.803775e+000 0.000000e+000 0.000000e+000 0.000000e+000
d  1.819880e+000 0.000000e+000 0.000000e+000 0.000000e+000
d  1.835985e+000 0.000000e+000 0.000000e+000 0.000000e+000
d  1.852090e+000 0.000000e+000 0.000000e+000 0.000000e+000
d  1.868195e+000 0.000000e+000 0.000000e+000 0.000000e+000
d  1.884300e+000 0.000000e+000 0.000000e+000 0.000000e+000
d  1.900405e+000 0.000000e+000 0.000000e+000 0.000000e+000
d  1.916511e+000 0.000000e+000 0.000000e+000 0.000000e+000
d  1.932616e+000 0.000000e+000 0.000000e+000 0.000000e+000
d  1.948721e+000 0.000000e+000 0.000000e+000 0.000000e+000
d  1.964826e+000 0.000000e+000 0.000000e+000 0.000000e+000
d  1.980931e+000 0.000000e+000 0.000000e+000 0.000000e+000
d  1.997036e+000 0.000000e+000 0.000000e+000 0.000000e+000
d  2.013141e+000 0.000000e+000 0.000000e+000 0.000000e+000
d  2.029246e+000 0.000000e+000 0.000000e+000 0.000000e+000
d  2.045352e+000 0.000000e+000 0.000000e+000 0.000000e+000
d  2.061457e+000 0.000000e+000 0.000000e+000 0.000000e+000
d  2.077562e+000 0.000000e+000 0.000000e+000 0.000000e+000
d  2.093667e+000 0.000000e+000 0.000000e+000 0.000000e+000
d  2.109772e+000 0.000000e+000 0.000000e+000 0.000000e+000
d  2.125877e+000 0.000000e+000 0.000000e+000 0.000000e+000
d  2.141982e+000 0.000000e+000 0.000000e+000 0.000000e+000
d  2.158088e+000 0.000000e+000 0.000000e+000 0.000000e+000
d  2.174193e+000 0.000000e+000 0.000000e+000 0.000000e+000
d  2.190298e+000 0.000000e+000 0.000000e+000 0.000000e+000
d  2.206403e+000 0.000000e+000 0.000000e+000 0.000000e+000
d  2.222508e+000 0.000000e+000 0.000000e+000 0.000000e+000
d  2.238613e+000 0.000000e+000 0.000000e+000 0.000000e+000
d  2.254718e+000 0.000000e+000 0.000000e+000 0.000000e+000
d  2.270823e+000 0.000000e+000 0.000000e+000 0.000000e+000
d  2.286929e+000 0.000000e+000 0.000000e+000 0.000000e+000
d  2.303034e+000 0.000000e+000 0.000000e+000 0.000000e+000
d  2.319139e+000 0.000000e+000 0.000000e+000 0.000000e+000
d  2.335244e+000 0.000000e+000 0.000000e+000 0.000000e+000
d  2.351349e+000 0.000000e+000 0.000000e+000 0.000000e+000
d  2.367454e+000 0.000000e+000 0.000000e+000 0.000000e+000
d  2.383559e+000 0.000000e+000 0.000000e+000 0.000000e+000
d  2.399665e+000 0.000000e+000 0.000000e+000 0.000000e+000
d  2.415770e+000 0.000000e+000 0.000000e+000 0.000000e+000
d  2.431875e+000 0.000000e+000 0.000000e+000 0.000000e+000
d  2.447980e+000 0.000000e+000 0.000000e+000 0.000000e+000
d  2.464085e+000 0.000000e+000 0.000000e+000 0.000000e+000
d  2.480190e+000 0.000000e+000 0.000000e+000 0.000000e+000
d  2.496295e+000 0.000000e+000 0.000000e+000 0.000000e+000
d  2.512400e+000 0.000000e+000 0.000000e+000 0.000000e+000
d  2.528506e+000 0.000000e+000 0.000000e+000 0.000000e+000
d  2.544611e+000 0.000000e+000 0.000000e+000 0.000000e+000
d  2.560716e+000 0.000000e+000 0.000000e+000 0.000000e+000
d  2.576821e+000 0.000000e+000 0.000000e+000 0.000000e+000
d  2.592926e+000 0.000000e+000 0.000000e+000 0.000000e+000
d  2.609031e+000 0.000000e+000 0.000000e+000 0.000000e+000
d  2.625136e+000 0.000000e+000 0.000000e+000 0.000000e+000
d  2.641241e+000 0.000000e+000 0.000000e+000 0.000000e+000
d  2.657347e+000 0.000000e+000 0.000000e+000 0.000000e+000
d  2.673452e+000 0.000000e+000 0.000000e+000 0.000000e+000
d  2.689557e+000 0.000000e+000 0.000000e+000 0.000000e+000
d  2.705662e+000 0.000000e+000 0.000000e+000 0.000000e+000
d  2.721767e+000 0.000000e+000 0.000000e+000 0.000000e+000
d  2.737872e+000 0.000000e+000 0.000000e+000 0.000000e+000
d  2.753977e+000 0.000000e+000 0.000000e+000 0.000000e+000
d  2.770083e+000 0.000000e+000 0.000000e+000 0.000000e+000
d  2.786188e+000 0.000000e+000 0.000000e+000 0.000000e+000
d  2.802293e+000 0.000000e+000 0.000000e+000 0.000000e+000
d  2.818398e+000 0.000000e+000 0.000000e+000 0.000000e+000
d  2.834503e+000 0.000000e+000 0.000000e+000 0.000000e+000
d  2.850608e+000 0.000000e+000 0.000000e+000 0.000000e+000
d  2.866713e+000 0.000000e+000 0.000000e+000 0.000000e+000
d  2.882818e+000 0.000000e+000 0.000000e+000 0.000000e+000
d  2.898924e+000 0.000000e+000 0.000000e+000 0.000000e+000
d  2.915029e+000 0.000000e+000 0.000000e+000 0.000000e+000
d  2.931134e+000 0.000000e+000 0.000000e+000 0.000000e+000
d  2.947239e+000 0.000000e+000 0.000000e+000 0.000000e+000
d  2.963344e+000 0.000000e+000 0.000000e+000 0.000000e+000
d  2.979449e+000 0.000000e+000 0.000000e+000 0.000000e+000
d  2.995554e+000 0.000000e+000 0.000000e+000 0.000000e+000
d  3.011659e+000 0.000000e+000 0.000000e+000 0.000000e+000
d  3.027765e+000 0.000000e+000 0.000000e+000 0.000000e+000
d  3.043870e+000 0.000000e+000 0.000000e+000 0.000000e+000
d  3.059975e+000 0.000000e+000 0.000000e+000 0.000000e+000
d  3.076080e+000 0.000000e+000 0.000000e+000 0.000000e+000
