drain current vs gate bias
76 2 2
gate bias
drain current
-3 -9.97627e-021
-2.8 -2.87959e-020
-2.6 -2.77797e-020
-2.4 3.71175e-020
-2.2 2.01256e-019
-2 -2.61951e-019
-1.8 -1.39297e-019
-1.6 1.85381e-019
-1.4 -7.86566e-019
-1.2 -4.13936e-019
-1 3.25173e-019
-0.95 2.00157e-019
-0.9 2.65851e-019
-0.85 -1.81964e-018
-0.8 1.92501e-019
-0.75 2.87614e-019
-0.7 -7.79725e-019
-0.65 -2.78608e-019
-0.6 2.69969e-018
-0.55 3.9391e-018
-0.5 1.20399e-017
-0.45 9.28208e-017
-0.4 6.22439e-016
-0.35 4.1731e-015
-0.3 2.74732e-014
-0.25 1.74602e-013
-0.2 1.04002e-012
-0.15 5.49798e-012
-0.1 2.3824e-011
-0.05 8.06115e-011
-4.24783e-016 2.1684e-010
0.05 4.87708e-010
0.1 9.626e-010
0.15 1.72883e-009
0.2 2.89779e-009
0.25 4.61237e-009
0.3 7.05472e-009
0.35 1.0453e-008
0.4 1.50841e-008
0.45 2.12696e-008
0.5 2.93613e-008
0.55 3.97199e-008
0.6 5.26901e-008
0.65 6.85797e-008
0.7 8.76477e-008
0.75 1.10103e-007
0.8 1.36104e-007
0.85 1.65761e-007
0.9 1.99135e-007
0.95 2.36231e-007
1 2.76996e-007
1.05 3.21315e-007
1.1 3.6901e-007
1.15 4.1985e-007
1.2 4.73559e-007
1.25 5.29845e-007
1.3 5.88417e-007
1.35 6.49001e-007
1.4 7.11355e-007
1.45 7.75262e-007
1.5 8.4054e-007
1.6 9.74601e-007
1.7 1.11253e-006
1.8 1.25361e-006
1.9 1.39727e-006
2 1.54311e-006
2.1 1.6908e-006
2.2 1.84008e-006
2.3 1.99075e-006
2.4 2.14264e-006
2.5 2.29561e-006
2.6 2.44955e-006
2.7 2.60435e-006
2.8 2.75994e-006
2.9 2.91625e-006
3 3.0732e-006
