Electron Conc vs Depth
108 2 2
Depth
Electron Conc
0 0
0.0200769 0
0.0346253 0
0.0451677 0
0.0528071 0
0.0583429 0
0.0623543 0
0.0652611 0
0.0673675 0
0.0688939 0
0.07 0
0.07 6.82549e+015
0.0709987 6.81105e+015
0.0719247 6.77188e+015
0.0727833 6.71346e+015
0.0735795 6.64037e+015
0.0743178 6.55644e+015
0.0750024 6.46486e+015
0.0756372 6.36823e+015
0.0762258 6.26871e+015
0.0767715 6.16802e+015
0.0772776 6.06756e+015
0.0777469 5.96842e+015
0.078182 5.87145e+015
0.0785855 5.7773e+015
0.0789596 5.68644e+015
0.0793065 5.59921e+015
0.0796282 5.51583e+015
0.0799264 5.43642e+015
0.080203 5.36104e+015
0.0804595 5.28968e+015
0.0806973 5.22229e+015
0.0809178 5.15878e+015
0.0811222 5.09903e+015
0.0813118 5.04291e+015
0.0814876 4.99028e+015
0.0816506 4.94097e+015
0.0818017 4.89483e+015
0.0819419 4.8517e+015
0.0820719 4.81141e+015
0.0821924 4.7738e+015
0.0823041 4.73872e+015
0.0824077 4.70601e+015
0.0825038 4.67554e+015
0.0825929 4.64716e+015
0.0826755 4.62074e+015
0.0827521 4.59615e+015
0.0828231 4.57328e+015
0.0828889 4.55201e+015
0.08295 4.53224e+015
0.08295 4.53224e+015
0.0830125 4.51502e+015
0.083075 4.50082e+015
0.0831375 4.48962e+015
0.0832 4.48139e+015
0.0832 0
0.0832595 0
0.0833253 0
0.0833982 0
0.0834789 0
0.0835683 0
0.0836672 0
0.0837767 0
0.083898 0
0.0840323 0
0.0841809 0
0.0843455 0
0.0845277 0
0.0847294 0
0.0849527 0
0.0852 0
0.0852 0
0.0854427 0
0.0856984 0
0.0859678 0
0.0862516 0
0.0865506 0
0.0868656 0
0.0871976 0
0.0875473 0
0.0879157 0
0.0883039 0
0.0887128 0
0.0891437 0
0.0895977 0
0.0900759 0
0.0905798 0
0.0911107 0
0.0916701 0
0.0922594 0
0.0928802 0
0.0935344 0
0.0942235 0
0.0949496 0
0.0957146 0
0.0965206 0
0.0973697 0
0.0982644 0
0.0992069 0
0.1002 0
0.1002 0
0.101255 0
0.102979 0
0.105793 0
0.110391 0
0.117901 0
0.130166 0
0.1502 0
