Electron Conc vs Depth
108 2 2
Depth
Electron Conc
0 0
0.0200769 0
0.0346253 0
0.0451677 0
0.0528071 0
0.0583429 0
0.0623543 0
0.0652611 0
0.0673675 0
0.0688939 0
0.07 0
0.07 8.14795e+016
0.0709987 8.36972e+016
0.0719247 9.01152e+016
0.0727833 1.00898e+017
0.0735795 1.16799e+017
0.0743178 1.39172e+017
0.0750024 1.70101e+017
0.0756372 2.12648e+017
0.0762258 2.71227e+017
0.0767715 3.52126e+017
0.0772776 4.64203e+017
0.0777469 6.19722e+017
0.078182 8.35226e+017
0.0785855 1.13218e+018
0.0789596 1.53699e+018
0.0793065 2.07984e+018
0.0796282 2.79231e+018
0.0799264 3.70401e+018
0.080203 4.83948e+018
0.0804595 6.2162e+018
0.0806973 7.84424e+018
0.0809178 9.72716e+018
0.0811222 1.18633e+019
0.0813118 1.42469e+019
0.0814876 1.68694e+019
0.0816506 1.97191e+019
0.0818017 2.27827e+019
0.0819419 2.60442e+019
0.0820719 2.94861e+019
0.0821924 3.30893e+019
0.0823041 3.68331e+019
0.0824077 4.06959e+019
0.0825038 4.46554e+019
0.0825929 4.86891e+019
0.0826755 5.27744e+019
0.0827521 5.68893e+019
0.0828231 6.10126e+019
0.0828889 6.51239e+019
0.08295 6.92044e+019
0.08295 6.92044e+019
0.0830125 7.36761e+019
0.083075 7.84704e+019
0.0831375 8.36135e+019
0.0832 8.91338e+019
0.0832 0
0.0832595 0
0.0833253 0
0.0833982 0
0.0834789 0
0.0835683 0
0.0836672 0
0.0837767 0
0.083898 0
0.0840323 0
0.0841809 0
0.0843455 0
0.0845277 0
0.0847294 0
0.0849527 0
0.0852 0
0.0852 0
0.0854427 0
0.0856984 0
0.0859678 0
0.0862516 0
0.0865506 0
0.0868656 0
0.0871976 0
0.0875473 0
0.0879157 0
0.0883039 0
0.0887128 0
0.0891437 0
0.0895977 0
0.0900759 0
0.0905798 0
0.0911107 0
0.0916701 0
0.0922594 0
0.0928802 0
0.0935344 0
0.0942235 0
0.0949496 0
0.0957146 0
0.0965206 0
0.0973697 0
0.0982644 0
0.0992069 0
0.1002 0
0.1002 0
0.101255 0
0.102979 0
0.105793 0
0.110391 0
0.117901 0
0.130166 0
0.1502 0
