Electron Conc vs Depth
108 2 2
Depth
Electron Conc
0 0
0.0200769 0
0.0346253 0
0.0451677 0
0.0528071 0
0.0583429 0
0.0623543 0
0.0652611 0
0.0673675 0
0.0688939 0
0.07 0
0.07 1.06431e+016
0.0709987 1.06492e+016
0.0719247 1.06658e+016
0.0727833 1.06907e+016
0.0735795 1.07224e+016
0.0743178 1.07595e+016
0.0750024 1.08008e+016
0.0756372 1.08454e+016
0.0762258 1.08923e+016
0.0767715 1.0941e+016
0.0772776 1.09909e+016
0.0777469 1.10413e+016
0.078182 1.10918e+016
0.0785855 1.11422e+016
0.0789596 1.1192e+016
0.0793065 1.12409e+016
0.0796282 1.12888e+016
0.0799264 1.13355e+016
0.080203 1.13807e+016
0.0804595 1.14245e+016
0.0806973 1.14667e+016
0.0809178 1.15072e+016
0.0811222 1.1546e+016
0.0813118 1.15832e+016
0.0814876 1.16186e+016
0.0816506 1.16522e+016
0.0818017 1.16842e+016
0.0819419 1.17146e+016
0.0820719 1.17433e+016
0.0821924 1.17704e+016
0.0823041 1.1796e+016
0.0824077 1.18202e+016
0.0825038 1.18429e+016
0.0825929 1.18643e+016
0.0826755 1.18844e+016
0.0827521 1.19032e+016
0.0828231 1.19209e+016
0.0828889 1.19375e+016
0.08295 1.1953e+016
0.08295 1.1953e+016
0.0830125 1.19774e+016
0.083075 1.20106e+016
0.0831375 1.20526e+016
0.0832 1.21035e+016
0.0832 0
0.0832595 0
0.0833253 0
0.0833982 0
0.0834789 0
0.0835683 0
0.0836672 0
0.0837767 0
0.083898 0
0.0840323 0
0.0841809 0
0.0843455 0
0.0845277 0
0.0847294 0
0.0849527 0
0.0852 0
0.0852 0
0.0854427 0
0.0856984 0
0.0859678 0
0.0862516 0
0.0865506 0
0.0868656 0
0.0871976 0
0.0875473 0
0.0879157 0
0.0883039 0
0.0887128 0
0.0891437 0
0.0895977 0
0.0900759 0
0.0905798 0
0.0911107 0
0.0916701 0
0.0922594 0
0.0928802 0
0.0935344 0
0.0942235 0
0.0949496 0
0.0957146 0
0.0965206 0
0.0973697 0
0.0982644 0
0.0992069 0
0.1002 0
0.1002 0
0.101255 0
0.102979 0
0.105793 0
0.110391 0
0.117901 0
0.130166 0
0.1502 0
