Valence Band Energy vs Depth
108 2 2
Depth
Valence Band Energy
0 -5.46413
0.0200769 -5.46413
0.0346253 -5.46413
0.0451677 -5.46413
0.0528071 -5.46413
0.0583429 -5.46413
0.0623543 -5.46413
0.0652611 -5.46413
0.0673675 -5.46413
0.0688939 -5.46413
0.07 -2.92401
0.07 -2.92401
0.0709987 -2.92396
0.0719247 -2.92381
0.0727833 -2.92358
0.0735795 -2.9233
0.0743178 -2.92297
0.0750024 -2.92261
0.0756372 -2.92222
0.0762258 -2.92181
0.0767715 -2.92139
0.0772776 -2.92096
0.0777469 -2.92054
0.078182 -2.92011
0.0785855 -2.9197
0.0789596 -2.91929
0.0793065 -2.91889
0.0796282 -2.9185
0.0799264 -2.91812
0.080203 -2.91776
0.0804595 -2.91741
0.0806973 -2.91708
0.0809178 -2.91677
0.0811222 -2.91647
0.0813118 -2.91618
0.0814876 -2.91591
0.0816506 -2.91565
0.0818017 -2.91541
0.0819419 -2.91518
0.0820719 -2.91496
0.0821924 -2.91476
0.0823041 -2.91457
0.0824077 -2.91439
0.0825038 -2.91422
0.0825929 -2.91406
0.0826755 -2.91392
0.0827521 -2.91378
0.0828231 -2.91365
0.0828889 -2.91353
0.08295 -2.91342
0.08295 -2.91342
0.0830125 -2.91332
0.083075 -2.91324
0.0831375 -2.91317
0.0832 -2.91312
0.0832 -2.91312
0.0832595 -5.45155
0.0833253 -5.44968
0.0833982 -5.4476
0.0834789 -5.44531
0.0835683 -5.44276
0.0836672 -5.43995
0.0837767 -5.43683
0.083898 -5.43338
0.0840323 -5.42956
0.0841809 -5.42533
0.0843455 -5.42064
0.0845277 -5.41546
0.0847294 -5.40972
0.0849527 -5.40336
0.0852 -1.19633
0.0852 -1.19633
0.0854427 -1.19315
0.0856984 -1.1898
0.0859678 -1.18628
0.0862516 -1.18256
0.0865506 -1.17865
0.0868656 -1.17452
0.0871976 -1.17018
0.0875473 -1.1656
0.0879157 -1.16078
0.0883039 -1.1557
0.0887128 -1.15035
0.0891437 -1.14471
0.0895977 -1.13877
0.0900759 -1.13251
0.0905798 -1.12591
0.0911107 -1.11896
0.0916701 -1.11164
0.0922594 -1.10393
0.0928802 -1.0958
0.0935344 -1.08724
0.0942235 -1.07822
0.0949496 -1.06872
0.0957146 -1.05871
0.0965206 -1.04816
0.0973697 -1.03704
0.0982644 -1.02533
0.0992069 -1.013
0.1002 -1
0.1002 0
0.101255 0
0.102979 0
0.105793 0
0.110391 0
0.117901 0
0.130166 0
0.1502 0
