Valence Band Energy vs Depth
108 2 2
Depth
Valence Band Energy
0 -5.84748
0.0200769 -5.84748
0.0346253 -5.84748
0.0451677 -5.84748
0.0528071 -5.84748
0.0583429 -5.84748
0.0623543 -5.84748
0.0652611 -5.84747
0.0673675 -5.84747
0.0688939 -5.84747
0.07 -3.30735
0.07 -3.30735
0.0709987 -3.30806
0.0719247 -3.30999
0.0727833 -3.31295
0.0735795 -3.3168
0.0743178 -3.32141
0.0750024 -3.32671
0.0756372 -3.33264
0.0762258 -3.33915
0.0767715 -3.3462
0.0772776 -3.35376
0.0777469 -3.36181
0.078182 -3.37032
0.0785855 -3.37928
0.0789596 -3.38867
0.0793065 -3.39847
0.0796282 -3.40867
0.0799264 -3.41926
0.080203 -3.43022
0.0804595 -3.44153
0.0806973 -3.45319
0.0809178 -3.46517
0.0811222 -3.47745
0.0813118 -3.49001
0.0814876 -3.50281
0.0816506 -3.51582
0.0818017 -3.529
0.0819419 -3.5423
0.0820719 -3.55567
0.0821924 -3.56906
0.0823041 -3.58243
0.0824077 -3.59572
0.0825038 -3.60889
0.0825929 -3.62189
0.0826755 -3.63468
0.0827521 -3.64721
0.0828231 -3.65946
0.0828889 -3.6714
0.08295 -3.68299
0.08295 -3.68299
0.0830125 -3.69542
0.083075 -3.70847
0.0831375 -3.72218
0.0832 -3.73657
0.0832 -3.73657
0.0832595 -6.28954
0.0833253 -6.30377
0.0833982 -6.31953
0.0834789 -6.33697
0.0835683 -6.35629
0.0836672 -6.37767
0.0837767 -6.40134
0.083898 -6.42755
0.0840323 -6.45657
0.0841809 -6.4887
0.0843455 -6.52427
0.0845277 -6.56365
0.0847294 -6.60726
0.0849527 -6.65553
0.0852 -2.50897
0.0852 -2.50897
0.0854427 -2.5331
0.0856984 -2.55851
0.0859678 -2.58529
0.0862516 -2.6135
0.0865506 -2.64322
0.0868656 -2.67454
0.0871976 -2.70753
0.0875473 -2.74229
0.0879157 -2.77892
0.0883039 -2.8175
0.0887128 -2.85815
0.0891437 -2.90098
0.0895977 -2.94611
0.0900759 -2.99365
0.0905798 -3.04374
0.0911107 -3.09651
0.0916701 -3.15211
0.0922594 -3.21069
0.0928802 -3.2724
0.0935344 -3.33742
0.0942235 -3.40593
0.0949496 -3.4781
0.0957146 -3.55414
0.0965206 -3.63426
0.0973697 -3.71867
0.0982644 -3.8076
0.0992069 -3.90129
0.1002 -4
0.1002 0
0.101255 0
0.102979 0
0.105793 0
0.110391 0
0.117901 0
0.130166 0
0.1502 0
