Valence Band Energy vs Depth
108 2 2
Depth
Valence Band Energy
0 -5.52675
0.0200769 -5.52675
0.0346253 -5.52675
0.0451677 -5.52675
0.0528071 -5.52675
0.0583429 -5.52675
0.0623543 -5.52675
0.0652611 -5.52675
0.0673675 -5.52675
0.0688939 -5.52675
0.07 -2.98663
0.07 -2.98663
0.0709987 -2.98665
0.0719247 -2.98669
0.0727833 -2.98675
0.0735795 -2.98682
0.0743178 -2.98691
0.0750024 -2.98701
0.0756372 -2.98712
0.0762258 -2.98723
0.0767715 -2.98735
0.0772776 -2.98746
0.0777469 -2.98758
0.078182 -2.9877
0.0785855 -2.98782
0.0789596 -2.98793
0.0793065 -2.98805
0.0796282 -2.98816
0.0799264 -2.98826
0.080203 -2.98837
0.0804595 -2.98847
0.0806973 -2.98856
0.0809178 -2.98865
0.0811222 -2.98874
0.0813118 -2.98882
0.0814876 -2.9889
0.0816506 -2.98898
0.0818017 -2.98905
0.0819419 -2.98911
0.0820719 -2.98918
0.0821924 -2.98924
0.0823041 -2.98929
0.0824077 -2.98935
0.0825038 -2.9894
0.0825929 -2.98944
0.0826755 -2.98949
0.0827521 -2.98953
0.0828231 -2.98957
0.0828889 -2.9896
0.08295 -2.98964
0.08295 -2.98964
0.0830125 -2.98969
0.083075 -2.98976
0.0831375 -2.98985
0.0832 -2.98996
0.0832 -2.98996
0.0832595 -5.52854
0.0833253 -5.52684
0.0833982 -5.52496
0.0834789 -5.52287
0.0835683 -5.52056
0.0836672 -5.518
0.0837767 -5.51517
0.083898 -5.51203
0.0840323 -5.50856
0.0841809 -5.50472
0.0843455 -5.50046
0.0845277 -5.49575
0.0847294 -5.49054
0.0849527 -5.48476
0.0852 -1.27837
0.0852 -1.27837
0.0854427 -1.27548
0.0856984 -1.27244
0.0859678 -1.26924
0.0862516 -1.26586
0.0865506 -1.26231
0.0868656 -1.25856
0.0871976 -1.25461
0.0875473 -1.25046
0.0879157 -1.24607
0.0883039 -1.24146
0.0887128 -1.2366
0.0891437 -1.23147
0.0895977 -1.22607
0.0900759 -1.22039
0.0905798 -1.21439
0.0911107 -1.20808
0.0916701 -1.20143
0.0922594 -1.19442
0.0928802 -1.18704
0.0935344 -1.17926
0.0942235 -1.17107
0.0949496 -1.16243
0.0957146 -1.15334
0.0965206 -1.14375
0.0973697 -1.13366
0.0982644 -1.12302
0.0992069 -1.11181
0.1002 -1.1
0.1002 0
0.101255 0
0.102979 0
0.105793 0
0.110391 0
0.117901 0
0.130166 0
0.1502 0
