Probe avg_n vs gate bias
76 2 2
gate bias
Probe avg_n
-3 2.96936e+012
-2.8 2.97335e+012
-2.6 2.97945e+012
-2.4 2.98877e+012
-2.2 3.00303e+012
-2 3.02491e+012
-1.8 3.05862e+012
-1.6 3.1109e+012
-1.4 3.19277e+012
-1.2 3.32288e+012
-1 3.53454e+012
-0.95 3.60664e+012
-0.9 3.68901e+012
-0.85 3.78345e+012
-0.8 3.89213e+012
-0.75 4.01777e+012
-0.7 4.16374e+012
-0.65 4.33432e+012
-0.6 4.53503e+012
-0.55 4.77328e+012
-0.5 5.06065e+012
-0.45 5.42377e+012
-0.4 5.9683e+012
-0.35 7.26668e+012
-0.3 1.26e+013
-0.25 3.93259e+013
-0.2 1.60542e+014
-0.15 5.75864e+014
-0.1 1.59175e+015
-0.05 3.49167e+015
-4.24783e-016 6.498e+015
0.05 1.08296e+016
0.1 1.67558e+016
0.15 2.46247e+016
0.2 3.4875e+016
0.25 4.80354e+016
0.3 6.47066e+016
0.35 8.55122e+016
0.4 1.1102e+017
0.45 1.41652e+017
0.5 1.77626e+017
0.55 2.18953e+017
0.6 2.65488e+017
0.65 3.16986e+017
0.7 3.73155e+017
0.75 4.3369e+017
0.8 4.98316e+017
0.85 5.66807e+017
0.9 6.39005e+017
0.95 7.14818e+017
1 7.94217e+017
1.05 8.77219e+017
1.1 9.63852e+017
1.15 1.05413e+018
1.2 1.14802e+018
1.25 1.24543e+018
1.3 1.34621e+018
1.35 1.45017e+018
1.4 1.55712e+018
1.45 1.66681e+018
1.5 1.77903e+018
1.6 2.01023e+018
1.7 2.24917e+018
1.8 2.49454e+018
1.9 2.74531e+018
2 3.00059e+018
2.1 3.25969e+018
2.2 3.52204e+018
2.3 3.78717e+018
2.4 4.0547e+018
2.5 4.3243e+018
2.6 4.59571e+018
2.7 4.8687e+018
2.8 5.14307e+018
2.9 5.41867e+018
3 5.69534e+018
