Conduction Band Energy vs Depth
152 2 2
Depth
Conduction Band Energy
0 3.51372
0.0140074 3.51372
0.0253265 3.51372
0.0344732 3.51372
0.0418645 3.51372
0.0478373 3.51372
0.0526638 3.51372
0.056564 3.51372
0.0597156 3.51372
0.0622624 3.51372
0.0643204 3.51372
0.0659835 3.51372
0.0673274 3.51372
0.0684133 3.51372
0.0692909 3.51372
0.07 0.139782
0.07 0.139782
0.0707003 0.139772
0.071365 0.139745
0.0719959 0.139703
0.0725947 0.139648
0.0731631 0.139583
0.0737025 0.139508
0.0742146 0.139425
0.0747006 0.139336
0.0751618 0.139241
0.0755997 0.139142
0.0760152 0.13904
0.0764097 0.138934
0.0767841 0.138827
0.0771394 0.138718
0.0774767 0.138609
0.0777968 0.138499
0.0781007 0.138389
0.0783891 0.13828
0.0786628 0.138171
0.0789226 0.138064
0.0791692 0.137959
0.0794033 0.137855
0.0796255 0.137753
0.0798363 0.137652
0.0800365 0.137555
0.0802264 0.137459
0.0804068 0.137366
0.0805779 0.137276
0.0807403 0.137188
0.0808945 0.137102
0.0810409 0.137019
0.0811798 0.136939
0.0813116 0.136862
0.0814367 0.136787
0.0815555 0.136715
0.0816682 0.136645
0.0817752 0.136578
0.0818768 0.136513
0.0819732 0.136451
0.0820647 0.136391
0.0821515 0.136334
0.0822339 0.136279
0.0823122 0.136226
0.0823864 0.136175
0.0824569 0.136127
0.0825238 0.13608
0.0825873 0.136036
0.0826476 0.135993
0.0827048 0.135952
0.0827591 0.135913
0.0828106 0.135876
0.0828595 0.13584
0.0829059 0.135806
0.08295 0.135774
0.08295 0.135774
0.0829917 0.135734
0.0830333 0.135686
0.083075 0.13563
0.0831167 0.135566
0.0831583 0.135493
0.0832 0.135412
0.0832 0.135412
0.0832436 3.51078
0.0832903 3.5123
0.0833404 3.51394
0.0833941 3.51569
0.0834517 3.51757
0.0835134 3.51959
0.0835795 3.52175
0.0836504 3.52406
0.0837264 3.52655
0.0838078 3.52921
0.0838951 3.53206
0.0839887 3.53511
0.0840891 3.53839
0.0841966 3.5419
0.0843119 3.54567
0.0844354 3.5497
0.0845679 3.55403
0.0847098 3.55867
0.084862 3.56364
0.0850251 3.56897
0.0852 4.47468
0.0852 4.47468
0.0853788 4.47736
0.0855641 4.48015
0.0857563 4.48303
0.0859555 4.48603
0.086162 4.48913
0.0863761 4.49235
0.0865981 4.49568
0.0868282 4.49914
0.0870667 4.50272
0.0873141 4.50643
0.0875705 4.51029
0.0878363 4.51428
0.0881118 4.51842
0.0883975 4.52271
0.0886937 4.52716
0.0890007 4.53177
0.0893191 4.53655
0.0896491 4.54151
0.0899912 4.54665
0.0903459 4.55198
0.0907136 4.5575
0.0910948 4.56323
0.09149 4.56916
0.0918997 4.57532
0.0923245 4.5817
0.0927648 4.58831
0.0932213 4.59517
0.0936946 4.60228
0.0941852 4.60965
0.0946939 4.61729
0.0952212 4.62521
0.0957679 4.63342
0.0963347 4.64194
0.0969223 4.65076
0.0975314 4.65991
0.0981629 4.6694
0.0988176 4.67923
0.0994964 4.68943
0.1002 4.7
0.1002 0
0.1008 0
0.101623 0
0.102748 0
0.10429 0
0.106402 0
0.109294 0
0.113253 0
0.118676 0
0.126103 0
0.136273 0
0.1502 0
