Conduction Band Energy vs Depth
152 2 2
Depth
Conduction Band Energy
0 3.14169
0.0140074 3.14169
0.0253265 3.14169
0.0344732 3.14169
0.0418645 3.14169
0.0478373 3.14169
0.0526638 3.14169
0.056564 3.14169
0.0597156 3.14169
0.0622624 3.14169
0.0643204 3.14169
0.0659835 3.14169
0.0673274 3.14169
0.0684133 3.14169
0.0692909 3.14169
0.07 -0.232246
0.07 -0.232246
0.0707003 -0.232593
0.071365 -0.23357
0.0719959 -0.235099
0.0725947 -0.237117
0.0731631 -0.239575
0.0737025 -0.242432
0.0742146 -0.245655
0.0747006 -0.249216
0.0751618 -0.253094
0.0755997 -0.25727
0.0760152 -0.261728
0.0764097 -0.266456
0.0767841 -0.271442
0.0771394 -0.276677
0.0774767 -0.282154
0.0777968 -0.287866
0.0781007 -0.293806
0.0783891 -0.299969
0.0786628 -0.30635
0.0789226 -0.312945
0.0791692 -0.319749
0.0794033 -0.326758
0.0796255 -0.333969
0.0798363 -0.341378
0.0800365 -0.348982
0.0802264 -0.356778
0.0804068 -0.364761
0.0805779 -0.372927
0.0807403 -0.381273
0.0808945 -0.389791
0.0810409 -0.398475
0.0811798 -0.407316
0.0813116 -0.416305
0.0814367 -0.425432
0.0815555 -0.434682
0.0816682 -0.444044
0.0817752 -0.453502
0.0818768 -0.46304
0.0819732 -0.472643
0.0820647 -0.482293
0.0821515 -0.491973
0.0822339 -0.501664
0.0823122 -0.51135
0.0823864 -0.521013
0.0824569 -0.530635
0.0825238 -0.5402
0.0825873 -0.549691
0.0826476 -0.559093
0.0827048 -0.568391
0.0827591 -0.577571
0.0828106 -0.58662
0.0828595 -0.595526
0.0829059 -0.604278
0.08295 -0.612867
0.08295 -0.612867
0.0829917 -0.621259
0.0830333 -0.629926
0.083075 -0.638877
0.0831167 -0.648124
0.0831583 -0.657679
0.0832 -0.667554
0.0832 -0.667554
0.0832436 2.69705
0.0832903 2.68703
0.0833404 2.6763
0.0833941 2.6648
0.0834517 2.65247
0.0835134 2.63925
0.0835795 2.62508
0.0836504 2.60989
0.0837264 2.59361
0.0838078 2.57616
0.0838951 2.55746
0.0839887 2.53741
0.0840891 2.51591
0.0841966 2.49288
0.0843119 2.46818
0.0844354 2.44171
0.0845679 2.41333
0.0847098 2.38292
0.084862 2.35031
0.0850251 2.31537
0.0852 3.1779
0.0852 3.1779
0.0853788 3.16029
0.0855641 3.14203
0.0857563 3.12309
0.0859555 3.10347
0.086162 3.08312
0.0863761 3.06203
0.0865981 3.04016
0.0868282 3.01748
0.0870667 2.99398
0.0873141 2.96961
0.0875705 2.94435
0.0878363 2.91816
0.0881118 2.89101
0.0883975 2.86286
0.0886937 2.83368
0.0890007 2.80343
0.0893191 2.77206
0.0896491 2.73955
0.0899912 2.70584
0.0903459 2.6709
0.0907136 2.63467
0.0910948 2.59711
0.09149 2.55817
0.0918997 2.5178
0.0923245 2.47595
0.0927648 2.43257
0.0932213 2.38759
0.0936946 2.34096
0.0941852 2.29262
0.0946939 2.2425
0.0952212 2.19054
0.0957679 2.13668
0.0963347 2.08084
0.0969223 2.02294
0.0975314 1.96293
0.0981629 1.90071
0.0988176 1.8362
0.0994964 1.76933
0.1002 1.7
0.1002 0
0.1008 0
0.101623 0
0.102748 0
0.10429 0
0.106402 0
0.109294 0
0.113253 0
0.118676 0
0.126103 0
0.136273 0
0.1502 0
