Conduction Band Energy vs Depth
152 2 2
Depth
Conduction Band Energy
0 3.44767
0.0140074 3.44767
0.0253265 3.44767
0.0344732 3.44767
0.0418645 3.44767
0.0478373 3.44767
0.0526638 3.44767
0.056564 3.44767
0.0597156 3.44767
0.0622624 3.44767
0.0643204 3.44767
0.0659835 3.44767
0.0673274 3.44767
0.0684133 3.44767
0.0692909 3.44767
0.07 0.0737324
0.07 0.0737324
0.0707003 0.0736966
0.071365 0.0735961
0.0719959 0.0734401
0.0725947 0.0732365
0.0731631 0.0729921
0.0737025 0.0727128
0.0742146 0.0724039
0.0747006 0.0720699
0.0751618 0.0717149
0.0755997 0.0713425
0.0760152 0.070956
0.0764097 0.0705583
0.0767841 0.0701521
0.0771394 0.0697396
0.0774767 0.0693231
0.0777968 0.0689043
0.0781007 0.0684851
0.0783891 0.0680669
0.0786628 0.0676511
0.0789226 0.0672389
0.0791692 0.0668314
0.0794033 0.0664295
0.0796255 0.066034
0.0798363 0.0656456
0.0800365 0.0652651
0.0802264 0.0648928
0.0804068 0.0645291
0.0805779 0.0641746
0.0807403 0.0638294
0.0808945 0.0634937
0.0810409 0.0631677
0.0811798 0.0628515
0.0813116 0.0625452
0.0814367 0.0622488
0.0815555 0.0619622
0.0816682 0.0616854
0.0817752 0.0614182
0.0818768 0.0611607
0.0819732 0.0609126
0.0820647 0.0606737
0.0821515 0.0604439
0.0822339 0.0602231
0.0823122 0.0600109
0.0823864 0.0598072
0.0824569 0.0596117
0.0825238 0.0594242
0.0825873 0.0592446
0.0826476 0.0590724
0.0827048 0.0589076
0.0827591 0.0587498
0.0828106 0.0585989
0.0828595 0.0584546
0.0829059 0.0583166
0.08295 0.0581847
0.08295 0.0581847
0.0829917 0.0580506
0.0830333 0.0579074
0.083075 0.0577551
0.0831167 0.0575936
0.0831583 0.0574229
0.0832 0.0572431
0.0832 0.0572431
0.0832436 3.4325
0.0832903 3.43391
0.0833404 3.43543
0.0833941 3.43705
0.0834517 3.43879
0.0835134 3.44065
0.0835795 3.44265
0.0836504 3.44479
0.0837264 3.44709
0.0838078 3.44955
0.0838951 3.45218
0.0839887 3.45501
0.0840891 3.45804
0.0841966 3.46129
0.0843119 3.46477
0.0844354 3.4685
0.0845679 3.47251
0.0847098 3.4768
0.084862 3.48139
0.0850251 3.48632
0.0852 4.3916
0.0852 4.3916
0.0853788 4.39409
0.0855641 4.39666
0.0857563 4.39933
0.0859555 4.4021
0.086162 4.40497
0.0863761 4.40794
0.0865981 4.41103
0.0868282 4.41422
0.0870667 4.41754
0.0873141 4.42097
0.0875705 4.42454
0.0878363 4.42823
0.0881118 4.43206
0.0883975 4.43603
0.0886937 4.44014
0.0890007 4.44441
0.0893191 4.44883
0.0896491 4.45341
0.0899912 4.45817
0.0903459 4.4631
0.0907136 4.4682
0.0910948 4.4735
0.09149 4.47899
0.0918997 4.48468
0.0923245 4.49058
0.0927648 4.4967
0.0932213 4.50304
0.0936946 4.50962
0.0941852 4.51644
0.0946939 4.5235
0.0952212 4.53083
0.0957679 4.53842
0.0963347 4.5463
0.0969223 4.55446
0.0975314 4.56292
0.0981629 4.5717
0.0988176 4.58079
0.0994964 4.59022
0.1002 4.6
0.1002 0
0.1008 0
0.101623 0
0.102748 0
0.10429 0
0.106402 0
0.109294 0
0.113253 0
0.118676 0
0.126103 0
0.136273 0
0.1502 0
