Probe chan_n vs gate bias
76 2 2
gate bias
Probe chan_n
-3 5.3117e-032
-2.8 1.61926e-029
-2.6 3.68688e-026
-2.4 8.42429e-023
-2.2 1.59048e-019
-2 2.77888e-016
-1.8 6.34389e-013
-1.6 1.43596e-009
-1.4 2.65763e-006
-1.2 0.00608424
-1 13.9259
-0.95 96.3191
-0.9 665.96
-0.85 4599.84
-0.8 31694.7
-0.75 217377
-0.7 1.48039e+006
-0.65 1.00003e+007
-0.6 6.71232e+007
-0.55 4.49588e+008
-0.5 3.01744e+009
-0.45 2.02869e+010
-0.4 1.35486e+011
-0.35 8.83934e+011
-0.3 5.50732e+012
-0.25 3.16149e+013
-0.2 1.55582e+014
-0.15 5.9495e+014
-0.1 1.69606e+015
-0.05 3.75865e+015
-4.24783e-016 6.91746e+015
0.05 1.11503e+016
0.1 1.63281e+016
0.15 2.22667e+016
0.2 2.87692e+016
0.25 3.56549e+016
0.3 4.2773e+016
0.35 5.00023e+016
0.4 5.72451e+016
0.45 6.44218e+016
0.5 7.14696e+016
0.55 7.83454e+016
0.6 8.5026e+016
0.65 9.15053e+016
0.7 9.77885e+016
0.75 1.03888e+017
0.8 1.09821e+017
0.85 1.15605e+017
0.9 1.21263e+017
0.95 1.26813e+017
1 1.32275e+017
1.05 1.37669e+017
1.1 1.43012e+017
1.15 1.48317e+017
1.2 1.53594e+017
1.25 1.58852e+017
1.3 1.64093e+017
1.35 1.69319e+017
1.4 1.7453e+017
1.45 1.79724e+017
1.5 1.849e+017
1.6 1.95191e+017
1.7 2.05388e+017
1.8 2.15482e+017
1.9 2.25467e+017
2 2.3534e+017
2.1 2.451e+017
2.2 2.54747e+017
2.3 2.64285e+017
2.4 2.73715e+017
2.5 2.83041e+017
2.6 2.92265e+017
2.7 3.01392e+017
2.8 3.10426e+017
2.9 3.19368e+017
3 3.28223e+017
