drain current vs gate bias
76 2 2
gate bias
drain current
-3 2.21447e-019
-2.8 4.02237e-019
-2.6 3.24764e-019
-2.4 6.3592e-019
-2.2 5.25416e-019
-2 5.39681e-019
-1.8 4.01634e-020
-1.6 -1.0798e-019
-1.4 1.51041e-018
-1.2 4.21825e-019
-1 -1.70661e-018
-0.95 -2.22983e-018
-0.9 -1.32561e-018
-0.85 -5.15317e-018
-0.8 2.24232e-018
-0.75 -1.9006e-019
-0.7 1.56183e-018
-0.65 1.69178e-018
-0.6 3.22475e-018
-0.55 1.14225e-017
-0.5 9.66117e-017
-0.45 6.56447e-016
-0.4 4.40785e-015
-0.35 2.90447e-014
-0.3 1.84535e-013
-0.25 1.09728e-012
-0.2 5.77028e-012
-0.15 2.47678e-011
-0.1 8.29049e-011
-0.05 2.20974e-010
-4.24783e-016 4.93628e-010
0.05 9.69586e-010
0.1 1.73551e-009
0.15 2.90219e-009
0.2 4.61192e-009
0.25 7.046e-009
0.3 1.04307e-008
0.35 1.50389e-008
0.4 2.11839e-008
0.45 2.9205e-008
0.5 3.94467e-008
0.55 5.22361e-008
0.6 6.78646e-008
0.65 8.65773e-008
0.7 1.08572e-007
0.75 1.33999e-007
0.8 1.62962e-007
0.85 1.95519e-007
0.9 2.31669e-007
0.95 2.7136e-007
1 3.14475e-007
1.05 3.6084e-007
1.1 4.10229e-007
1.15 4.62381e-007
1.2 5.17016e-007
1.25 5.7386e-007
1.3 6.32658e-007
1.35 6.93177e-007
1.4 7.55216e-007
1.45 8.18599e-007
1.5 8.83175e-007
1.6 1.01541e-006
1.7 1.1511e-006
1.8 1.28962e-006
1.9 1.4305e-006
2 1.57339e-006
2.1 1.71799e-006
2.2 1.86409e-006
2.3 2.0115e-006
2.4 2.16006e-006
2.5 2.30964e-006
2.6 2.46015e-006
2.7 2.6115e-006
2.8 2.76359e-006
2.9 2.91638e-006
3 3.06979e-006
