Electron Conc vs Depth
152 2 2
Depth
Electron Conc
0 0
0.0140074 0
0.0253265 0
0.0344732 0
0.0418645 0
0.0478373 0
0.0526638 0
0.056564 0
0.0597156 0
0.0622624 0
0.0643204 0
0.0659835 0
0.0673274 0
0.0684133 0
0.0692909 0
0.07 0
0.07 1.09247e+016
0.0707003 1.09288e+016
0.071365 1.09402e+016
0.0719959 1.0958e+016
0.0725947 1.09811e+016
0.0731631 1.1009e+016
0.0737025 1.10408e+016
0.0742146 1.10761e+016
0.0747006 1.11144e+016
0.0751618 1.11551e+016
0.0755997 1.11978e+016
0.0760152 1.12423e+016
0.0764097 1.12881e+016
0.0767841 1.1335e+016
0.0771394 1.13827e+016
0.0774767 1.14309e+016
0.0777968 1.14796e+016
0.0781007 1.15283e+016
0.0783891 1.1577e+016
0.0786628 1.16256e+016
0.0789226 1.16738e+016
0.0791692 1.17215e+016
0.0794033 1.17687e+016
0.0796255 1.18152e+016
0.0798363 1.18609e+016
0.0800365 1.19058e+016
0.0802264 1.19498e+016
0.0804068 1.19928e+016
0.0805779 1.20348e+016
0.0807403 1.20758e+016
0.0808945 1.21157e+016
0.0810409 1.21544e+016
0.0811798 1.21921e+016
0.0813116 1.22286e+016
0.0814367 1.2264e+016
0.0815555 1.22983e+016
0.0816682 1.23314e+016
0.0817752 1.23634e+016
0.0818768 1.23943e+016
0.0819732 1.24241e+016
0.0820647 1.24528e+016
0.0821515 1.24804e+016
0.0822339 1.2507e+016
0.0823122 1.25326e+016
0.0823864 1.25571e+016
0.0824569 1.25807e+016
0.0825238 1.26034e+016
0.0825873 1.26251e+016
0.0826476 1.26459e+016
0.0827048 1.26658e+016
0.0827591 1.26849e+016
0.0828106 1.27032e+016
0.0828595 1.27207e+016
0.0829059 1.27374e+016
0.08295 1.27534e+016
0.08295 1.27534e+016
0.0829917 1.27728e+016
0.0830333 1.27964e+016
0.083075 1.28241e+016
0.0831167 1.28561e+016
0.0831583 1.28923e+016
0.0832 1.29329e+016
0.0832 0
0.0832436 0
0.0832903 0
0.0833404 0
0.0833941 0
0.0834517 0
0.0835134 0
0.0835795 0
0.0836504 0
0.0837264 0
0.0838078 0
0.0838951 0
0.0839887 0
0.0840891 0
0.0841966 0
0.0843119 0
0.0844354 0
0.0845679 0
0.0847098 0
0.084862 0
0.0850251 0
0.0852 0
0.0852 0
0.0853788 0
0.0855641 0
0.0857563 0
0.0859555 0
0.086162 0
0.0863761 0
0.0865981 0
0.0868282 0
0.0870667 0
0.0873141 0
0.0875705 0
0.0878363 0
0.0881118 0
0.0883975 0
0.0886937 0
0.0890007 0
0.0893191 0
0.0896491 0
0.0899912 0
0.0903459 0
0.0907136 0
0.0910948 0
0.09149 0
0.0918997 0
0.0923245 0
0.0927648 0
0.0932213 0
0.0936946 0
0.0941852 0
0.0946939 0
0.0952212 0
0.0957679 0
0.0963347 0
0.0969223 0
0.0975314 0
0.0981629 0
0.0988176 0
0.0994964 0
0.1002 0
0.1002 0
0.1008 0
0.101623 0
0.102748 0
0.10429 0
0.106402 0
0.109294 0
0.113253 0
0.118676 0
0.126103 0
0.136273 0
0.1502 0
