Electron Conc vs Depth
152 2 2
Depth
Electron Conc
0 0
0.0140074 0
0.0253265 0
0.0344732 0
0.0418645 0
0.0478373 0
0.0526638 0
0.056564 0
0.0597156 0
0.0622624 0
0.0643204 0
0.0659835 0
0.0673274 0
0.0684133 0
0.0692909 0
0.07 0
0.07 8.2117e+016
0.0707003 8.32125e+016
0.071365 8.63788e+016
0.0719959 9.15732e+016
0.0725947 9.89045e+016
0.0731631 1.08616e+017
0.0737025 1.21088e+017
0.0742146 1.36852e+017
0.0747006 1.56617e+017
0.0751618 1.81314e+017
0.0755997 2.12151e+017
0.0760152 2.5068e+017
0.0764097 2.98893e+017
0.0767841 3.59327e+017
0.0771394 4.35199e+017
0.0774767 5.30551e+017
0.0777968 6.50404e+017
0.0781007 8.00896e+017
0.0783891 9.8939e+017
0.0786628 1.22449e+018
0.0789226 1.51593e+018
0.0791692 1.87434e+018
0.0794033 2.31081e+018
0.0796255 2.83635e+018
0.0798363 3.4613e+018
0.0800365 4.19478e+018
0.0802264 5.04436e+018
0.0804068 6.0158e+018
0.0805779 7.1131e+018
0.0807403 8.33865e+018
0.0808945 9.6934e+018
0.0810409 1.11771e+019
0.0811798 1.27886e+019
0.0813116 1.45258e+019
0.0814367 1.63859e+019
0.0815555 1.83655e+019
0.0816682 2.04606e+019
0.0817752 2.26667e+019
0.0818768 2.49787e+019
0.0819732 2.7391e+019
0.0820647 2.98974e+019
0.0821515 3.24917e+019
0.0822339 3.51667e+019
0.0823122 3.79154e+019
0.0823864 4.07303e+019
0.0824569 4.36035e+019
0.0825238 4.65272e+019
0.0825873 4.94935e+019
0.0826476 5.24944e+019
0.0827048 5.55219e+019
0.0827591 5.85682e+019
0.0828106 6.16256e+019
0.0828595 6.46867e+019
0.0829059 6.77441e+019
0.08295 7.07911e+019
0.08295 7.07911e+019
0.0829917 7.38126e+019
0.0830333 7.69777e+019
0.083075 8.02942e+019
0.0831167 8.377e+019
0.0831583 8.74138e+019
0.0832 9.12347e+019
0.0832 0
0.0832436 0
0.0832903 0
0.0833404 0
0.0833941 0
0.0834517 0
0.0835134 0
0.0835795 0
0.0836504 0
0.0837264 0
0.0838078 0
0.0838951 0
0.0839887 0
0.0840891 0
0.0841966 0
0.0843119 0
0.0844354 0
0.0845679 0
0.0847098 0
0.084862 0
0.0850251 0
0.0852 0
0.0852 0
0.0853788 0
0.0855641 0
0.0857563 0
0.0859555 0
0.086162 0
0.0863761 0
0.0865981 0
0.0868282 0
0.0870667 0
0.0873141 0
0.0875705 0
0.0878363 0
0.0881118 0
0.0883975 0
0.0886937 0
0.0890007 0
0.0893191 0
0.0896491 0
0.0899912 0
0.0903459 0
0.0907136 0
0.0910948 0
0.09149 0
0.0918997 0
0.0923245 0
0.0927648 0
0.0932213 0
0.0936946 0
0.0941852 0
0.0946939 0
0.0952212 0
0.0957679 0
0.0963347 0
0.0969223 0
0.0975314 0
0.0981629 0
0.0988176 0
0.0994964 0
0.1002 0
0.1002 0
0.1008 0
0.101623 0
0.102748 0
0.10429 0
0.106402 0
0.109294 0
0.113253 0
0.118676 0
0.126103 0
0.136273 0
0.1502 0
