Electron Conc vs Depth
152 2 2
Depth
Electron Conc
0 0
0.0140074 0
0.0253265 0
0.0344732 0
0.0418645 0
0.0478373 0
0.0526638 0
0.056564 0
0.0597156 0
0.0622624 0
0.0643204 0
0.0659835 0
0.0673274 0
0.0684133 0
0.0692909 0
0.07 0
0.07 1.43309e+016
0.0707003 1.43507e+016
0.071365 1.44065e+016
0.0719959 1.44935e+016
0.0725947 1.46078e+016
0.0731631 1.47463e+016
0.0737025 1.49061e+016
0.0742146 1.50849e+016
0.0747006 1.52806e+016
0.0751618 1.54914e+016
0.0755997 1.57157e+016
0.0760152 1.59518e+016
0.0764097 1.61985e+016
0.0767841 1.64545e+016
0.0771394 1.67185e+016
0.0774767 1.69894e+016
0.0777968 1.72661e+016
0.0781007 1.75477e+016
0.0783891 1.78331e+016
0.0786628 1.81215e+016
0.0789226 1.8412e+016
0.0791692 1.87037e+016
0.0794033 1.8996e+016
0.0796255 1.9288e+016
0.0798363 1.95791e+016
0.0800365 1.98686e+016
0.0802264 2.0156e+016
0.0804068 2.04406e+016
0.0805779 2.07221e+016
0.0807403 2.09998e+016
0.0808945 2.12734e+016
0.0810409 2.15425e+016
0.0811798 2.18068e+016
0.0813116 2.20659e+016
0.0814367 2.23195e+016
0.0815555 2.25675e+016
0.0816682 2.28097e+016
0.0817752 2.30458e+016
0.0818768 2.32757e+016
0.0819732 2.34995e+016
0.0820647 2.37168e+016
0.0821515 2.39278e+016
0.0822339 2.41324e+016
0.0823122 2.43306e+016
0.0823864 2.45224e+016
0.0824569 2.47079e+016
0.0825238 2.4887e+016
0.0825873 2.506e+016
0.0826476 2.52268e+016
0.0827048 2.53876e+016
0.0827591 2.55424e+016
0.0828106 2.56914e+016
0.0828595 2.58347e+016
0.0829059 2.59724e+016
0.08295 2.61048e+016
0.08295 2.61048e+016
0.0829917 2.624e+016
0.0830333 2.63852e+016
0.083075 2.65405e+016
0.0831167 2.67062e+016
0.0831583 2.68824e+016
0.0832 2.70693e+016
0.0832 0
0.0832436 0
0.0832903 0
0.0833404 0
0.0833941 0
0.0834517 0
0.0835134 0
0.0835795 0
0.0836504 0
0.0837264 0
0.0838078 0
0.0838951 0
0.0839887 0
0.0840891 0
0.0841966 0
0.0843119 0
0.0844354 0
0.0845679 0
0.0847098 0
0.084862 0
0.0850251 0
0.0852 0
0.0852 0
0.0853788 0
0.0855641 0
0.0857563 0
0.0859555 0
0.086162 0
0.0863761 0
0.0865981 0
0.0868282 0
0.0870667 0
0.0873141 0
0.0875705 0
0.0878363 0
0.0881118 0
0.0883975 0
0.0886937 0
0.0890007 0
0.0893191 0
0.0896491 0
0.0899912 0
0.0903459 0
0.0907136 0
0.0910948 0
0.09149 0
0.0918997 0
0.0923245 0
0.0927648 0
0.0932213 0
0.0936946 0
0.0941852 0
0.0946939 0
0.0952212 0
0.0957679 0
0.0963347 0
0.0969223 0
0.0975314 0
0.0981629 0
0.0988176 0
0.0994964 0
0.1002 0
0.1002 0
0.1008 0
0.101623 0
0.102748 0
0.10429 0
0.106402 0
0.109294 0
0.113253 0
0.118676 0
0.126103 0
0.136273 0
0.1502 0
