Electron QFL vs Depth
152 2 2
Depth
Electron QFL
0 0
0.0140074 0
0.0253265 0
0.0344732 0
0.0418645 0
0.0478373 0
0.0526638 0
0.056564 0
0.0597156 0
0.0622624 0
0.0643204 0
0.0659835 0
0.0673274 0
0.0684133 0
0.0692909 0
0.07 0
0.07 -0.0590206
0.0707003 -0.0590206
0.071365 -0.0590206
0.0719959 -0.0590206
0.0725947 -0.0590205
0.0731631 -0.0590205
0.0737025 -0.0590205
0.0742146 -0.0590205
0.0747006 -0.0590205
0.0751618 -0.0590205
0.0755997 -0.0590205
0.0760152 -0.0590205
0.0764097 -0.0590205
0.0767841 -0.0590205
0.0771394 -0.0590205
0.0774767 -0.0590205
0.0777968 -0.0590205
0.0781007 -0.0590205
0.0783891 -0.0590205
0.0786628 -0.0590205
0.0789226 -0.0590205
0.0791692 -0.0590205
0.0794033 -0.0590205
0.0796255 -0.0590205
0.0798363 -0.0590205
0.0800365 -0.0590205
0.0802264 -0.0590205
0.0804068 -0.0590205
0.0805779 -0.0590205
0.0807403 -0.0590205
0.0808945 -0.0590205
0.0810409 -0.0590205
0.0811798 -0.0590205
0.0813116 -0.0590205
0.0814367 -0.0590205
0.0815555 -0.0590205
0.0816682 -0.0590205
0.0817752 -0.0590205
0.0818768 -0.0590205
0.0819732 -0.0590205
0.0820647 -0.0590205
0.0821515 -0.0590205
0.0822339 -0.0590205
0.0823122 -0.0590205
0.0823864 -0.0590205
0.0824569 -0.0590205
0.0825238 -0.0590205
0.0825873 -0.0590205
0.0826476 -0.0590205
0.0827048 -0.0590205
0.0827591 -0.0590205
0.0828106 -0.0590205
0.0828595 -0.0590205
0.0829059 -0.0590205
0.08295 -0.0590205
0.08295 -0.0590205
0.0829917 -0.0590205
0.0830333 -0.0590205
0.083075 -0.0590205
0.0831167 -0.0590205
0.0831583 -0.0590205
0.0832 -0.0590205
0.0832 0
0.0832436 0
0.0832903 0
0.0833404 0
0.0833941 0
0.0834517 0
0.0835134 0
0.0835795 0
0.0836504 0
0.0837264 0
0.0838078 0
0.0838951 0
0.0839887 0
0.0840891 0
0.0841966 0
0.0843119 0
0.0844354 0
0.0845679 0
0.0847098 0
0.084862 0
0.0850251 0
0.0852 0
0.0852 0
0.0853788 0
0.0855641 0
0.0857563 0
0.0859555 0
0.086162 0
0.0863761 0
0.0865981 0
0.0868282 0
0.0870667 0
0.0873141 0
0.0875705 0
0.0878363 0
0.0881118 0
0.0883975 0
0.0886937 0
0.0890007 0
0.0893191 0
0.0896491 0
0.0899912 0
0.0903459 0
0.0907136 0
0.0910948 0
0.09149 0
0.0918997 0
0.0923245 0
0.0927648 0
0.0932213 0
0.0936946 0
0.0941852 0
0.0946939 0
0.0952212 0
0.0957679 0
0.0963347 0
0.0969223 0
0.0975314 0
0.0981629 0
0.0988176 0
0.0994964 0
0.1002 0
0.1002 -0.1
0.1008 -0.1
0.101623 -0.1
0.102748 -0.1
0.10429 -0.1
0.106402 -0.1
0.109294 -0.1
0.113253 -0.1
0.118676 -0.1
0.126103 -0.1
0.136273 -0.1
0.1502 -0.1
