Valence Band Energy vs Depth
152 2 2
Depth
Valence Band Energy
0 -5.48628
0.0140074 -5.48628
0.0253265 -5.48628
0.0344732 -5.48628
0.0418645 -5.48628
0.0478373 -5.48628
0.0526638 -5.48628
0.056564 -5.48628
0.0597156 -5.48628
0.0622624 -5.48628
0.0643204 -5.48628
0.0659835 -5.48628
0.0673274 -5.48628
0.0684133 -5.48628
0.0692909 -5.48628
0.07 -2.93628
0.07 -2.93628
0.0707003 -2.93629
0.071365 -2.93632
0.0719959 -2.93636
0.0725947 -2.93641
0.0731631 -2.93648
0.0737025 -2.93655
0.0742146 -2.93663
0.0747006 -2.93672
0.0751618 -2.93682
0.0755997 -2.93692
0.0760152 -2.93702
0.0764097 -2.93713
0.0767841 -2.93723
0.0771394 -2.93734
0.0774767 -2.93745
0.0777968 -2.93756
0.0781007 -2.93767
0.0783891 -2.93778
0.0786628 -2.93789
0.0789226 -2.938
0.0791692 -2.9381
0.0794033 -2.93821
0.0796255 -2.93831
0.0798363 -2.93841
0.0800365 -2.93851
0.0802264 -2.9386
0.0804068 -2.93869
0.0805779 -2.93878
0.0807403 -2.93887
0.0808945 -2.93896
0.0810409 -2.93904
0.0811798 -2.93912
0.0813116 -2.9392
0.0814367 -2.93927
0.0815555 -2.93935
0.0816682 -2.93941
0.0817752 -2.93948
0.0818768 -2.93955
0.0819732 -2.93961
0.0820647 -2.93967
0.0821515 -2.93973
0.0822339 -2.93978
0.0823122 -2.93983
0.0823864 -2.93988
0.0824569 -2.93993
0.0825238 -2.93998
0.0825873 -2.94002
0.0826476 -2.94007
0.0827048 -2.94011
0.0827591 -2.94015
0.0828106 -2.94018
0.0828595 -2.94022
0.0829059 -2.94025
0.08295 -2.94029
0.08295 -2.94029
0.0829917 -2.94033
0.0830333 -2.94037
0.083075 -2.94043
0.0831167 -2.94049
0.0831583 -2.94057
0.0832 -2.94065
0.0832 -2.94065
0.0832436 -5.48922
0.0832903 -5.4877
0.0833404 -5.48606
0.0833941 -5.48431
0.0834517 -5.48243
0.0835134 -5.48041
0.0835795 -5.47825
0.0836504 -5.47594
0.0837264 -5.47345
0.0838078 -5.47079
0.0838951 -5.46794
0.0839887 -5.46489
0.0840891 -5.46161
0.0841966 -5.4581
0.0843119 -5.45433
0.0844354 -5.4503
0.0845679 -5.44597
0.0847098 -5.44133
0.084862 -5.43636
0.0850251 -5.43103
0.0852 -1.22532
0.0852 -1.22532
0.0853788 -1.22264
0.0855641 -1.21985
0.0857563 -1.21697
0.0859555 -1.21397
0.086162 -1.21087
0.0863761 -1.20765
0.0865981 -1.20432
0.0868282 -1.20086
0.0870667 -1.19728
0.0873141 -1.19357
0.0875705 -1.18971
0.0878363 -1.18572
0.0881118 -1.18158
0.0883975 -1.17729
0.0886937 -1.17284
0.0890007 -1.16823
0.0893191 -1.16345
0.0896491 -1.15849
0.0899912 -1.15335
0.0903459 -1.14802
0.0907136 -1.1425
0.0910948 -1.13677
0.09149 -1.13084
0.0918997 -1.12468
0.0923245 -1.1183
0.0927648 -1.11169
0.0932213 -1.10483
0.0936946 -1.09772
0.0941852 -1.09035
0.0946939 -1.08271
0.0952212 -1.07479
0.0957679 -1.06658
0.0963347 -1.05806
0.0969223 -1.04924
0.0975314 -1.04009
0.0981629 -1.0306
0.0988176 -1.02077
0.0994964 -1.01057
0.1002 -1
0.1002 0
0.1008 0
0.101623 0
0.102748 0
0.10429 0
0.106402 0
0.109294 0
0.113253 0
0.118676 0
0.126103 0
0.136273 0
0.1502 0
