Valence Band Energy vs Depth
152 2 2
Depth
Valence Band Energy
0 -5.85831
0.0140074 -5.85831
0.0253265 -5.85831
0.0344732 -5.85831
0.0418645 -5.85831
0.0478373 -5.85831
0.0526638 -5.85831
0.056564 -5.85831
0.0597156 -5.85831
0.0622624 -5.85831
0.0643204 -5.85831
0.0659835 -5.85831
0.0673274 -5.85831
0.0684133 -5.85831
0.0692909 -5.85831
0.07 -3.30831
0.07 -3.30831
0.0707003 -3.30865
0.071365 -3.30963
0.0719959 -3.31116
0.0725947 -3.31318
0.0731631 -3.31564
0.0737025 -3.31849
0.0742146 -3.32171
0.0747006 -3.32528
0.0751618 -3.32915
0.0755997 -3.33333
0.0760152 -3.33779
0.0764097 -3.34252
0.0767841 -3.3475
0.0771394 -3.35274
0.0774767 -3.35821
0.0777968 -3.36393
0.0781007 -3.36987
0.0783891 -3.37603
0.0786628 -3.38241
0.0789226 -3.389
0.0791692 -3.39581
0.0794033 -3.40282
0.0796255 -3.41003
0.0798363 -3.41744
0.0800365 -3.42504
0.0802264 -3.43284
0.0804068 -3.44082
0.0805779 -3.44899
0.0807403 -3.45733
0.0808945 -3.46585
0.0810409 -3.47453
0.0811798 -3.48338
0.0813116 -3.49237
0.0814367 -3.50149
0.0815555 -3.51074
0.0816682 -3.5201
0.0817752 -3.52956
0.0818768 -3.5391
0.0819732 -3.5487
0.0820647 -3.55835
0.0821515 -3.56803
0.0822339 -3.57772
0.0823122 -3.58741
0.0823864 -3.59707
0.0824569 -3.6067
0.0825238 -3.61626
0.0825873 -3.62575
0.0826476 -3.63515
0.0827048 -3.64445
0.0827591 -3.65363
0.0828106 -3.66268
0.0828595 -3.67159
0.0829059 -3.68034
0.08295 -3.68893
0.08295 -3.68893
0.0829917 -3.69732
0.0830333 -3.70599
0.083075 -3.71494
0.0831167 -3.72418
0.0831583 -3.73374
0.0832 -3.74361
0.0832 -3.74361
0.0832436 -6.30295
0.0832903 -6.31297
0.0833404 -6.3237
0.0833941 -6.3352
0.0834517 -6.34753
0.0835134 -6.36075
0.0835795 -6.37492
0.0836504 -6.39011
0.0837264 -6.40639
0.0838078 -6.42384
0.0838951 -6.44254
0.0839887 -6.46259
0.0840891 -6.48409
0.0841966 -6.50712
0.0843119 -6.53182
0.0844354 -6.55829
0.0845679 -6.58667
0.0847098 -6.61708
0.084862 -6.64969
0.0850251 -6.68463
0.0852 -2.5221
0.0852 -2.5221
0.0853788 -2.53971
0.0855641 -2.55797
0.0857563 -2.57691
0.0859555 -2.59653
0.086162 -2.61688
0.0863761 -2.63797
0.0865981 -2.65984
0.0868282 -2.68252
0.0870667 -2.70602
0.0873141 -2.73039
0.0875705 -2.75565
0.0878363 -2.78184
0.0881118 -2.80899
0.0883975 -2.83714
0.0886937 -2.86632
0.0890007 -2.89657
0.0893191 -2.92794
0.0896491 -2.96045
0.0899912 -2.99416
0.0903459 -3.0291
0.0907136 -3.06533
0.0910948 -3.10289
0.09149 -3.14183
0.0918997 -3.1822
0.0923245 -3.22405
0.0927648 -3.26743
0.0932213 -3.31241
0.0936946 -3.35904
0.0941852 -3.40738
0.0946939 -3.4575
0.0952212 -3.50946
0.0957679 -3.56332
0.0963347 -3.61916
0.0969223 -3.67706
0.0975314 -3.73707
0.0981629 -3.79929
0.0988176 -3.8638
0.0994964 -3.93067
0.1002 -4
0.1002 0
0.1008 0
0.101623 0
0.102748 0
0.10429 0
0.106402 0
0.109294 0
0.113253 0
0.118676 0
0.126103 0
0.136273 0
0.1502 0
