Valence Band Energy vs Depth
152 2 2
Depth
Valence Band Energy
0 -5.55233
0.0140074 -5.55233
0.0253265 -5.55233
0.0344732 -5.55233
0.0418645 -5.55233
0.0478373 -5.55233
0.0526638 -5.55233
0.056564 -5.55233
0.0597156 -5.55233
0.0622624 -5.55233
0.0643204 -5.55233
0.0659835 -5.55233
0.0673274 -5.55233
0.0684133 -5.55233
0.0692909 -5.55233
0.07 -3.00233
0.07 -3.00233
0.0707003 -3.00236
0.071365 -3.00246
0.0719959 -3.00262
0.0725947 -3.00282
0.0731631 -3.00307
0.0737025 -3.00335
0.0742146 -3.00366
0.0747006 -3.00399
0.0751618 -3.00435
0.0755997 -3.00472
0.0760152 -3.0051
0.0764097 -3.0055
0.0767841 -3.00591
0.0771394 -3.00632
0.0774767 -3.00674
0.0777968 -3.00716
0.0781007 -3.00757
0.0783891 -3.00799
0.0786628 -3.00841
0.0789226 -3.00882
0.0791692 -3.00923
0.0794033 -3.00963
0.0796255 -3.01003
0.0798363 -3.01041
0.0800365 -3.01079
0.0802264 -3.01117
0.0804068 -3.01153
0.0805779 -3.01189
0.0807403 -3.01223
0.0808945 -3.01257
0.0810409 -3.01289
0.0811798 -3.01321
0.0813116 -3.01351
0.0814367 -3.01381
0.0815555 -3.0141
0.0816682 -3.01437
0.0817752 -3.01464
0.0818768 -3.0149
0.0819732 -3.01515
0.0820647 -3.01539
0.0821515 -3.01562
0.0822339 -3.01584
0.0823122 -3.01605
0.0823864 -3.01625
0.0824569 -3.01645
0.0825238 -3.01664
0.0825873 -3.01682
0.0826476 -3.01699
0.0827048 -3.01715
0.0827591 -3.01731
0.0828106 -3.01746
0.0828595 -3.01761
0.0829059 -3.01774
0.08295 -3.01788
0.08295 -3.01788
0.0829917 -3.01801
0.0830333 -3.01815
0.083075 -3.0183
0.0831167 -3.01847
0.0831583 -3.01864
0.0832 -3.01882
0.0832 -3.01882
0.0832436 -5.5675
0.0832903 -5.56609
0.0833404 -5.56457
0.0833941 -5.56295
0.0834517 -5.56121
0.0835134 -5.55935
0.0835795 -5.55735
0.0836504 -5.55521
0.0837264 -5.55291
0.0838078 -5.55045
0.0838951 -5.54782
0.0839887 -5.54499
0.0840891 -5.54196
0.0841966 -5.53871
0.0843119 -5.53523
0.0844354 -5.53149
0.0845679 -5.52749
0.0847098 -5.5232
0.084862 -5.51861
0.0850251 -5.51368
0.0852 -1.3084
0.0852 -1.3084
0.0853788 -1.30591
0.0855641 -1.30334
0.0857563 -1.30067
0.0859555 -1.2979
0.086162 -1.29503
0.0863761 -1.29206
0.0865981 -1.28897
0.0868282 -1.28578
0.0870667 -1.28246
0.0873141 -1.27903
0.0875705 -1.27546
0.0878363 -1.27177
0.0881118 -1.26794
0.0883975 -1.26397
0.0886937 -1.25986
0.0890007 -1.25559
0.0893191 -1.25117
0.0896491 -1.24659
0.0899912 -1.24183
0.0903459 -1.2369
0.0907136 -1.2318
0.0910948 -1.2265
0.09149 -1.22101
0.0918997 -1.21532
0.0923245 -1.20942
0.0927648 -1.2033
0.0932213 -1.19696
0.0936946 -1.19038
0.0941852 -1.18356
0.0946939 -1.1765
0.0952212 -1.16917
0.0957679 -1.16158
0.0963347 -1.1537
0.0969223 -1.14554
0.0975314 -1.13708
0.0981629 -1.1283
0.0988176 -1.11921
0.0994964 -1.10978
0.1002 -1.1
0.1002 0
0.1008 0
0.101623 0
0.102748 0
0.10429 0
0.106402 0
0.109294 0
0.113253 0
0.118676 0
0.126103 0
0.136273 0
0.1502 0
