v ATLAS
# This file was created by ATLAS version 5.28.1.R on Fri Sep 25 06:00:45 2026.
#SSF 2.0 generic
##############################################################################
#                    Copyright (c) 1984 - 2019                               #
#                    Silvaco Inc. All rights reserved                        #
#                                                                            #
# This file format and the following Key are copyright Silvaco Inc.          #
# You may not use, this format or key without reproducing this message in    #
# full and obtaining express written permission from Silvaco Inc.            #
#                                                                            #
# To obtain such permission please contact: Silvaco Inc.                     #
#                                           support@silvaco.com              #
#                                                                            #
# KEY=SVC86hn7562asdx                       PROD=345                         #
##############################################################################
p 4 74 76 75 205
d  3.076060e+000 4.857520e-014 2.296139e-102 4.857520e-014
d  3.068029e+000 5.937661e-014 1.341061e-101 5.937661e-014
d  3.059997e+000 7.257986e-014 7.787693e-101 7.257986e-014
d  3.051966e+000 8.871906e-014 4.496545e-100 8.871906e-014
d  3.043934e+000 1.084470e-013 2.581422e-099 1.084470e-013
d  3.035903e+000 1.325618e-013 1.473495e-098 1.325618e-013
d  3.027871e+000 1.620389e-013 8.362738e-098 1.620389e-013
d  3.019840e+000 1.980706e-013 4.719088e-097 1.980706e-013
d  3.011808e+000 2.421145e-013 2.647753e-096 2.421145e-013
d  3.003777e+000 2.959522e-013 1.477089e-095 2.959522e-013
d  2.995745e+000 3.617615e-013 8.193055e-095 3.617615e-013
d  2.987714e+000 4.422045e-013 4.518506e-094 4.422045e-013
d  2.979682e+000 5.405351e-013 2.477729e-093 5.405351e-013
d  2.971651e+000 6.607310e-013 1.350898e-092 6.607310e-013
d  2.963619e+000 8.076542e-013 7.323203e-092 8.076542e-013
d  2.955588e+000 9.872479e-013 3.947203e-091 9.872479e-013
d  2.947556e+000 1.206777e-012 2.115377e-090 1.206777e-012
d  2.939525e+000 1.475121e-012 1.127187e-089 1.475121e-012
d  2.931493e+000 1.803136e-012 5.971920e-089 1.803136e-012
d  2.923462e+000 2.204090e-012 3.145878e-088 2.204090e-012
d  2.915430e+000 2.694202e-012 1.647705e-087 2.694202e-012
d  2.907399e+000 3.293297e-012 8.580788e-087 3.293297e-012
d  2.899367e+000 4.025610e-012 4.443085e-086 4.025610e-012
d  2.891336e+000 4.920763e-012 2.287452e-085 4.920763e-012
d  2.883304e+000 6.014966e-012 1.170925e-084 6.014966e-012
d  2.875273e+000 7.352482e-012 5.959587e-084 7.352482e-012
d  2.867241e+000 8.987414e-012 3.015873e-083 8.987414e-012
d  2.859210e+000 1.098590e-011 1.517469e-082 1.098590e-011
d  2.851178e+000 1.342877e-011 7.591654e-082 1.342877e-011
d  2.843147e+000 1.641486e-011 3.776269e-081 1.641486e-011
d  2.835115e+000 2.006494e-011 1.867666e-080 2.006494e-011
d  2.827084e+000 2.452667e-011 9.184286e-080 2.452667e-011
d  2.819052e+000 2.998054e-011 4.490570e-079 2.998054e-011
d  2.811021e+000 3.664715e-011 2.183069e-078 3.664715e-011
d  2.802989e+000 4.479618e-011 1.055220e-077 4.479618e-011
d  2.794958e+000 5.475726e-011 5.071411e-077 5.475726e-011
d  2.786926e+000 6.693334e-011 2.423395e-076 6.693334e-011
d  2.778895e+000 8.181695e-011 1.151409e-075 8.181695e-011
d  2.770863e+000 1.000101e-010 5.439323e-075 1.000101e-010
d  2.762832e+000 1.222489e-010 2.554876e-074 1.222489e-010
d  2.754800e+000 1.494327e-010 1.193177e-073 1.494327e-010
d  2.746769e+000 1.826612e-010 5.540508e-073 1.826612e-010
d  2.738737e+000 2.232786e-010 2.558022e-072 2.232786e-010
d  2.730706e+000 2.729279e-010 1.174272e-071 2.729279e-010
d  2.722675e+000 3.336174e-010 5.359733e-071 3.336174e-010
d  2.714643e+000 4.078021e-010 2.432357e-070 4.078021e-010
d  2.706612e+000 4.984829e-010 1.097543e-069 4.984829e-010
d  2.698580e+000 6.093279e-010 4.924083e-069 6.093279e-010
d  2.690549e+000 7.448208e-010 2.196540e-068 7.448208e-010
d  2.682517e+000 9.104427e-010 9.742331e-068 9.104427e-010
d  2.674486e+000 1.112893e-009 4.296318e-067 1.112893e-009
d  2.666454e+000 1.360361e-009 1.883822e-066 1.360361e-009
d  2.658423e+000 1.662857e-009 8.212833e-066 1.662857e-009
d  2.650391e+000 2.032618e-009 3.560050e-065 2.032618e-009
d  2.642360e+000 2.484600e-009 1.534366e-064 2.484600e-009
d  2.634328e+000 3.037087e-009 6.575244e-064 3.037087e-009
d  2.626297e+000 3.712428e-009 2.801590e-063 3.712428e-009
d  2.618265e+000 4.537941e-009 1.186881e-062 4.537941e-009
d  2.610234e+000 5.547018e-009 4.999419e-062 5.547018e-009
d  2.602202e+000 6.780479e-009 2.093832e-061 6.780479e-009
d  2.594171e+000 8.288217e-009 8.719145e-061 8.288217e-009
d  2.586139e+000 1.013122e-008 3.610072e-060 1.013122e-008
d  2.578108e+000 1.238405e-008 1.486167e-059 1.238405e-008
d  2.570076e+000 1.513782e-008 6.083162e-059 1.513782e-008
d  2.562045e+000 1.850394e-008 2.475717e-058 1.850394e-008
d  2.554013e+000 2.261856e-008 1.001803e-057 2.261856e-008
d  2.545982e+000 2.764813e-008 4.030637e-057 2.764813e-008
d  2.537950e+000 3.379610e-008 1.612407e-056 3.379610e-008
d  2.529919e+000 4.131116e-008 6.413362e-056 4.131116e-008
d  2.521887e+000 5.049729e-008 2.536335e-055 5.049729e-008
d  2.513856e+000 6.172611e-008 9.973265e-055 6.172611e-008
d  2.505824e+000 7.545181e-008 3.899222e-054 7.545181e-008
d  2.497793e+000 9.222962e-008 1.515753e-053 9.222962e-008
d  2.489761e+000 1.127382e-007 5.858530e-053 1.127382e-007
d  2.481730e+000 1.378072e-007 2.251432e-052 1.378072e-007
d  2.473698e+000 1.684507e-007 8.602780e-052 1.684507e-007
d  2.465667e+000 2.059082e-007 3.268351e-051 2.059082e-007
d  2.457635e+000 2.516948e-007 1.234606e-050 2.516948e-007
d  2.449604e+000 3.076629e-007 4.637010e-050 3.076629e-007
d  2.441572e+000 3.760762e-007 1.731639e-049 3.760762e-007
d  2.433541e+000 4.597023e-007 6.429642e-049 4.597023e-007
d  2.425509e+000 5.619238e-007 2.373701e-048 5.619238e-007
d  2.417478e+000 6.868758e-007 8.713145e-048 6.868758e-007
d  2.409446e+000 8.396127e-007 3.180049e-047 8.396127e-007
d  2.401415e+000 1.026313e-006 1.153991e-046 1.026313e-006
d  2.393383e+000 1.254528e-006 4.163717e-046 1.254528e-006
d  2.385352e+000 1.533491e-006 1.493722e-045 1.533491e-006
d  2.377321e+000 1.874485e-006 5.328046e-045 1.874485e-006
d  2.369289e+000 2.291305e-006 1.889627e-044 2.291305e-006
d  2.361258e+000 2.800810e-006 6.663375e-044 2.800810e-006
d  2.353226e+000 3.423611e-006 2.336265e-043 3.423611e-006
d  2.345195e+000 4.184901e-006 8.144415e-043 4.184901e-006
d  2.337163e+000 5.115475e-006 2.822978e-042 5.115475e-006
d  2.329132e+000 6.252976e-006 9.728928e-042 6.252976e-006
d  2.321100e+000 7.643416e-006 3.333745e-041 7.643416e-006
d  2.313069e+000 9.343042e-006 1.135820e-040 9.343042e-006
d  2.305037e+000 1.142060e-005 3.847659e-040 1.142060e-005
d  2.297006e+000 1.396014e-005 1.295966e-039 1.396014e-005
d  2.288974e+000 1.706438e-005 4.340106e-039 1.706438e-005
d  2.280943e+000 2.085890e-005 1.445163e-038 2.085890e-005
d  2.272911e+000 2.549718e-005 4.784576e-038 2.549718e-005
d  2.264880e+000 3.116685e-005 1.574997e-037 3.116685e-005
d  2.256848e+000 3.809726e-005 5.154969e-037 3.809726e-005
d  2.248817e+000 4.656874e-005 1.677576e-036 4.656874e-005
d  2.240785e+000 5.692398e-005 5.428103e-036 5.692398e-005
d  2.232754e+000 6.958186e-005 1.746320e-035 6.958186e-005
d  2.224722e+000 8.505441e-005 5.586110e-035 8.505441e-005
d  2.216691e+000 1.039675e-004 1.776663e-034 1.039675e-004
d  2.208659e+000 1.270862e-004 5.618371e-034 1.270862e-004
d  2.200628e+000 1.553457e-004 1.766549e-033 1.553457e-004
d  2.192596e+000 1.898890e-004 5.522691e-033 1.898890e-004
d  2.184565e+000 2.321137e-004 1.716666e-032 2.321137e-004
d  2.176533e+000 2.837275e-004 5.305551e-032 2.837275e-004
d  2.168502e+000 3.468185e-004 1.630366e-031 3.468185e-004
d  2.160470e+000 4.239387e-004 4.981380e-031 4.239387e-004
d  2.152439e+000 5.182076e-004 1.513297e-030 5.182076e-004
d  2.144407e+000 6.334387e-004 4.570970e-030 6.334387e-004
d  2.136376e+000 7.742930e-004 1.372785e-029 7.742930e-004
d  2.128344e+000 9.464684e-004 4.099269e-029 9.464684e-004
d  2.120313e+000 1.156930e-003 1.217083e-028 1.156930e-003
d  2.112281e+000 1.414190e-003 3.592890e-028 1.414190e-003
d  2.104250e+000 1.728655e-003 1.054575e-027 1.728655e-003
d  2.096218e+000 2.113047e-003 3.077662e-027 2.113047e-003
d  2.088187e+000 2.582914e-003 8.930467e-027 2.582914e-003
d  2.080155e+000 3.157263e-003 2.576543e-026 3.157263e-003
d  2.072124e+000 3.859327e-003 7.391121e-026 3.859327e-003
d  2.064092e+000 4.717505e-003 2.108109e-025 4.717505e-003
d  2.056061e+000 5.766511e-003 5.978412e-025 5.766511e-003
d  2.048030e+000 7.048779e-003 1.685732e-024 7.048779e-003
d  2.039998e+000 8.616178e-003 4.726078e-024 8.616178e-003
d  2.031967e+000 1.053211e-002 1.317417e-023 1.053211e-002
d  2.023935e+000 1.287408e-002 3.651365e-023 1.287408e-002
d  2.015904e+000 1.573682e-002 1.006230e-022 1.573682e-002
d  2.007872e+000 1.923613e-002 2.757079e-022 1.923613e-002
d  1.999841e+000 2.351357e-002 7.511227e-022 2.351357e-002
d  1.991809e+000 2.874215e-002 2.034616e-021 2.874215e-002
d  1.983778e+000 3.513339e-002 5.479790e-021 3.513339e-002
d  1.975746e+000 4.294582e-002 1.467423e-020 4.294582e-002
d  1.967715e+000 5.249545e-002 3.907117e-020 5.249545e-002
d  1.959683e+000 6.416858e-002 1.034350e-019 6.416858e-002
d  1.951652e+000 7.843740e-002 2.722628e-019 7.843740e-002
d  1.943620e+000 9.587910e-002 7.125560e-019 9.587910e-002
d  1.935589e+000 1.171992e-001 1.854213e-018 1.171992e-001
d  1.927557e+000 1.432602e-001 4.797446e-018 1.432602e-001
d  1.919526e+000 1.751162e-001 1.234157e-017 1.751162e-001
d  1.911494e+000 2.140558e-001 3.156753e-017 2.140558e-001
d  1.903463e+000 2.616543e-001 8.028245e-017 2.616543e-001
d  1.895431e+000 3.198369e-001 2.030068e-016 3.198369e-001
d  1.887400e+000 3.909574e-001 5.103995e-016 3.909574e-001
d  1.879368e+000 4.778925e-001 1.275910e-015 4.778925e-001
d  1.871337e+000 5.841588e-001 3.171315e-015 5.841588e-001
d  1.863305e+000 7.140551e-001 7.837340e-015 7.140551e-001
d  1.855274e+000 8.728357e-001 1.925785e-014 8.728357e-001
d  1.847242e+000 1.066923e+000 4.704971e-014 1.066923e+000
d  1.839211e+000 1.304170e+000 1.142920e-013 1.304170e+000
d  1.831179e+000 1.594171e+000 2.760480e-013 1.594171e+000
d  1.823148e+000 1.948658e+000 6.629233e-013 1.948658e+000
d  1.815116e+000 2.381970e+000 1.582894e-012 2.381970e+000
d  1.807085e+000 2.911636e+000 3.757943e-012 2.911636e+000
d  1.799053e+000 3.559081e+000 8.870709e-012 3.559081e+000
d  1.791022e+000 4.350495e+000 2.081979e-011 4.350495e+000
d  1.782990e+000 5.317892e+000 4.858524e-011 5.317892e+000
d  1.774959e+000 6.500403e+000 1.127307e-010 6.500403e+000
d  1.766927e+000 7.945862e+000 2.600697e-010 7.945862e+000
d  1.758896e+000 9.712741e+000 5.965506e-010 9.712741e+000
d  1.750864e+000 1.187251e+001 1.360551e-009 1.187251e+001
d  1.742833e+000 1.451254e+001 3.085261e-009 1.451254e+001
d  1.734801e+000 1.773961e+001 6.956311e-009 1.773961e+001
d  1.726770e+000 2.168428e+001 1.559466e-008 2.168428e+001
d  1.718738e+000 2.650609e+001 3.476024e-008 2.650609e+001
d  1.710707e+000 3.240011e+001 7.703701e-008 3.240011e+001
d  1.702676e+000 3.960475e+001 1.697563e-007 3.960475e+001
d  1.694644e+000 4.841144e+001 3.719310e-007 4.841144e+001
d  1.686613e+000 5.917643e+001 8.102305e-007 5.917643e+001
d  1.678581e+000 7.233518e+001 1.754950e-006 7.233518e+001
d  1.670550e+000 8.841997e+001 3.779468e-006 8.841997e+001
d  1.662518e+000 1.080814e+002 8.092943e-006 1.080814e+002
d  1.654487e+000 1.321149e+002 1.723027e-005 1.321149e+002
d  1.646455e+000 1.614926e+002 3.647436e-005 1.614927e+002
d  1.638424e+000 1.974029e+002 7.677028e-005 1.974029e+002
d  1.630392e+000 2.412983e+002 1.606602e-004 2.412984e+002
d  1.622361e+000 2.949545e+002 3.342978e-004 2.949548e+002
d  1.614329e+000 3.605419e+002 6.916215e-004 3.605426e+002
d  1.606298e+000 4.407137e+002 1.422700e-003 4.407151e+002
d  1.598266e+000 5.387128e+002 2.909833e-003 5.387157e+002
d  1.590235e+000 6.585035e+002 5.917422e-003 6.585094e+002
d  1.582203e+000 8.049314e+002 1.196484e-002 8.049434e+002
d  1.574172e+000 9.839197e+002 2.405422e-002 9.839437e+002
d  1.566140e+000 1.202709e+003 4.808232e-002 1.202757e+003
d  1.558109e+000 1.470148e+003 9.556292e-002 1.470244e+003
d  1.550077e+000 1.797058e+003 1.888440e-001 1.797246e+003
d  1.542046e+000 2.196660e+003 3.710453e-001 2.197031e+003
d  1.534014e+000 2.685119e+003 7.248707e-001 2.685844e+003
d  1.525983e+000 3.282194e+003 1.408004e+000 3.283602e+003
d  1.517951e+000 4.012038e+003 2.719301e+000 4.014758e+003
d  1.509920e+000 4.904174e+003 5.221803e+000 4.909396e+003
d  1.501888e+000 5.994689e+003 9.969961e+000 6.004659e+003
d  1.493857e+000 7.327695e+003 1.892676e+001 7.346622e+003
d  1.485825e+000 8.957116e+003 3.572474e+001 8.992840e+003
d  1.477794e+000 1.094886e+004 6.704581e+001 1.101591e+004
d  1.469762e+000 1.338350e+004 1.251077e+002 1.350861e+004
d  1.461731e+000 1.635952e+004 2.321167e+002 1.659163e+004
d  1.453699e+000 1.999730e+004 4.281921e+002 2.042549e+004
d  1.445668e+000 2.444399e+004 7.853815e+002 2.522937e+004
d  1.437636e+000 2.987947e+004 1.432295e+003 3.131176e+004
d  1.429605e+000 3.652360e+004 2.597134e+003 3.912074e+004
d  1.421573e+000 4.464516e+004 4.682372e+003 4.932753e+004
d  1.413542e+000 5.457266e+004 8.393583e+003 6.296625e+004
d  1.405510e+000 6.670770e+004 1.496024e+004 8.166794e+004
d  1.397479e+000 8.154113e+004 2.651184e+004 1.080530e+005
d  1.389447e+000 9.967299e+004 4.671442e+004 1.463874e+005
d  1.381416e+000 1.218367e+005 8.184117e+004 2.036779e+005
d  1.373384e+000 1.489289e+005 1.425616e+005 2.914905e+005
d  1.365353e+000 1.820454e+005 2.469126e+005 4.289580e+005
d  1.357322e+000 2.225259e+005 4.252005e+005 6.477264e+005
d  1.349290e+000 2.720078e+005 7.280380e+005 1.000046e+006
d  1.341259e+000 3.324927e+005 1.239437e+006 1.571929e+006
d  1.333227e+000 4.064273e+005 2.097995e+006 2.504422e+006
d  1.325196e+000 4.968024e+005 3.530972e+006 4.027774e+006
d  1.317164e+000 6.072737e+005 5.908729e+006 6.516003e+006
d  1.309133e+000 7.423099e+005 9.831136e+006 1.057345e+007
d  1.301101e+000 9.073734e+005 1.626384e+007 1.717122e+007
d  1.293070e+000 1.109141e+006 2.675177e+007 2.786091e+007
d  1.285038e+000 1.355775e+006 4.375138e+007 4.510716e+007
d  1.277007e+000 1.657251e+006 7.114443e+007 7.280168e+007
d  1.268975e+000 2.025765e+006 1.150270e+008 1.170528e+008
d  1.260944e+000 2.476224e+006 1.849135e+008 1.873897e+008
d  1.252912e+000 3.026848e+006 2.955611e+008 2.985880e+008
d  1.244881e+000 3.699912e+006 4.697165e+008 4.734164e+008
d  1.236849e+000 4.522642e+006 7.422226e+008 7.467453e+008
d  1.228818e+000 5.528318e+006 1.166118e+009 1.171646e+009
d  1.220786e+000 6.757620e+006 1.821631e+009 1.828389e+009
d  1.212755e+000 8.260276e+006 2.829362e+009 2.837622e+009
d  1.204723e+000 1.009707e+007 4.369445e+009 4.379542e+009
d  1.196692e+000 1.234230e+007 6.709250e+009 6.721592e+009
d  1.188660e+000 1.508679e+007 1.024310e+010 1.025819e+010
d  1.180629e+000 1.844156e+007 1.554887e+010 1.556731e+010
d  1.172597e+000 2.254231e+007 2.346800e+010 2.349055e+010
d  1.164566e+000 2.755492e+007 3.521789e+010 3.524544e+010
d  1.156534e+000 3.368216e+007 5.254849e+010 5.258217e+010
d  1.148503e+000 4.117189e+007 7.795915e+010 7.800032e+010
d  1.140471e+000 5.032706e+007 1.149963e+011 1.150466e+011
d  1.132440e+000 6.151801e+007 1.686593e+011 1.687208e+011
d  1.124408e+000 7.519745e+007 2.459500e+011 2.460252e+011
d  1.116377e+000 9.191870e+007 3.566096e+011 3.567015e+011
d  1.108345e+000 1.123582e+008 5.141018e+011 5.142142e+011
d  1.100314e+000 1.373426e+008 7.369112e+011 7.370485e+011
d  1.092282e+000 1.678828e+008 1.050246e+012 1.050414e+012
d  1.084251e+000 2.052140e+008 1.488253e+012 1.488458e+012
d  1.076219e+000 2.508463e+008 2.096874e+012 2.097125e+012
d  1.068188e+000 3.066257e+008 2.937499e+012 2.937806e+012
d  1.060156e+000 3.748084e+008 4.091598e+012 4.091973e+012
d  1.052125e+000 4.581525e+008 5.666543e+012 5.667001e+012
d  1.044093e+000 5.600294e+008 7.802848e+012 7.803408e+012
d  1.036062e+000 6.845602e+008 1.068312e+013 1.068380e+013
d  1.028030e+000 8.367821e+008 1.454296e+013 1.454380e+013
d  1.019999e+000 1.022853e+009 1.968418e+013 1.968520e+013
d  1.011968e+000 1.250299e+009 2.649060e+013 2.649185e+013
d  1.003936e+000 1.528322e+009 3.544672e+013 3.544825e+013
d  9.959045e-001 1.868166e+009 4.715962e+013 4.716149e+013
d  9.878731e-001 2.283580e+009 6.238416e+013 6.238644e+013
d  9.798416e-001 2.791368e+009 8.205181e+013 8.205460e+013
d  9.718101e-001 3.412069e+009 1.073030e+014 1.073064e+014
d  9.637786e-001 4.170793e+009 1.395229e+014 1.395271e+014
d  9.557471e-001 5.098229e+009 1.803803e+014 1.803854e+014
d  9.477156e-001 6.231895e+009 2.318688e+014 2.318750e+014
d  9.396841e-001 7.617649e+009 2.963504e+014 2.963580e+014
d  9.316526e-001 9.311544e+009 3.765985e+014 3.766078e+014
d  9.236211e-001 1.138210e+010 4.758406e+014 4.758519e+014
d  9.155897e-001 1.391308e+010 5.977977e+014 5.978116e+014
d  9.075582e-001 1.700686e+010 7.467184e+014 7.467354e+014
d  8.995267e-001 2.078858e+010 9.274047e+014 9.274255e+014
d  8.914952e-001 2.541122e+010 1.145227e+015 1.145253e+015
d  8.834637e-001 3.106178e+010 1.406125e+015 1.406156e+015
d  8.754322e-001 3.796882e+010 1.716587e+015 1.716625e+015
d  8.674007e-001 4.641175e+010 2.083617e+015 2.083663e+015
d  8.593692e-001 5.673208e+010 2.514662e+015 2.514719e+015
d  8.513378e-001 6.934728e+010 3.017528e+015 3.017597e+015
d  8.433063e-001 8.476767e+010 3.600251e+015 3.600335e+015
d  8.352748e-001 1.036170e+011 4.270946e+015 4.271050e+015
d  8.272433e-001 1.266578e+011 5.037619e+015 5.037746e+015
d  8.192118e-001 1.548220e+011 5.907944e+015 5.908099e+015
d  8.111803e-001 1.892489e+011 6.889018e+015 6.889207e+015
d  8.031488e-001 2.313312e+011 7.987082e+015 7.987313e+015
d  7.951173e-001 2.827710e+011 9.207225e+015 9.207508e+015
d  7.870858e-001 3.456493e+011 1.055308e+016 1.055343e+016
d  7.790544e-001 4.225095e+011 1.202651e+016 1.202693e+016
d  7.710229e-001 5.164606e+011 1.362730e+016 1.362782e+016
d  7.629914e-001 6.313032e+011 1.535288e+016 1.535352e+016
d  7.549599e-001 7.716827e+011 1.719808e+016 1.719885e+016
d  7.469284e-001 9.432777e+011 1.915489e+016 1.915584e+016
d  7.388969e-001 1.153029e+012 2.121238e+016 2.121353e+016
d  7.308654e-001 1.409422e+012 2.335656e+016 2.335797e+016
d  7.228339e-001 1.722828e+012 2.557045e+016 2.557217e+016
d  7.148025e-001 2.105924e+012 2.783413e+016 2.783623e+016
d  7.067710e-001 2.574207e+012 3.012498e+016 3.012755e+016
d  6.987395e-001 3.146619e+012 3.241796e+016 3.242111e+016
d  6.907080e-001 3.846316e+012 3.468602e+016 3.468987e+016
d  6.826765e-001 4.701601e+012 3.690058e+016 3.690528e+016
d  6.746450e-001 5.747071e+012 3.903208e+016 3.903783e+016
d  6.666135e-001 7.025016e+012 4.105066e+016 4.105769e+016
d  6.585820e-001 8.587131e+012 4.292679e+016 4.293538e+016
d  6.505505e-001 1.049661e+013 4.463202e+016 4.464252e+016
d  6.425191e-001 1.283068e+013 4.613967e+016 4.615251e+016
d  6.344876e-001 1.568377e+013 4.742555e+016 4.744123e+016
d  6.264561e-001 1.917128e+013 4.846856e+016 4.848773e+016
d  6.184246e-001 2.343430e+013 4.925129e+016 4.927473e+016
d  6.103931e-001 2.864526e+013 4.976054e+016 4.978918e+016
d  6.023616e-001 3.501495e+013 4.998761e+016 5.002262e+016
d  5.943301e-001 4.280104e+013 4.992861e+016 4.997141e+016
d  5.862986e-001 5.231847e+013 4.958456e+016 4.963688e+016
d  5.782672e-001 6.395225e+013 4.896135e+016 4.902530e+016
d  5.702357e-001 7.817297e+013 4.806955e+016 4.814773e+016
d  5.622042e-001 9.555587e+013 4.692418e+016 4.701973e+016
d  5.541727e-001 1.168041e+014 4.554420e+016 4.566101e+016
d  5.461412e-001 1.427772e+014 4.395208e+016 4.409485e+016
d  5.381097e-001 1.745258e+014 4.217310e+016 4.234763e+016
d  5.300782e-001 2.133342e+014 4.023478e+016 4.044811e+016
d  5.220467e-001 2.607722e+014 3.816607e+016 3.842684e+016
d  5.140152e-001 3.187587e+014 3.599674e+016 3.631550e+016
d  5.059838e-001 3.896394e+014 3.375661e+016 3.414625e+016
d  4.979523e-001 4.762814e+014 3.147489e+016 3.195117e+016
d  4.899208e-001 5.821895e+014 2.917962e+016 2.976181e+016
d  4.818893e-001 7.116479e+014 2.689706e+016 2.760870e+016
d  4.738578e-001 8.698932e+014 2.465130e+016 2.552119e+016
d  4.658263e-001 1.063327e+015 2.246388e+016 2.352720e+016
d  4.577948e-001 1.299773e+015 2.035352e+016 2.165329e+016
d  4.497633e-001 1.588796e+015 1.833598e+016 1.992477e+016
d  4.417319e-001 1.942089e+015 1.642398e+016 1.836607e+016
d  4.337004e-001 2.373940e+015 1.462726e+016 1.700120e+016
d  4.256689e-001 2.901821e+015 1.295260e+016 1.585442e+016
d  4.176374e-001 3.547083e+015 1.140410e+016 1.495119e+016
d  4.096059e-001 4.335829e+015 9.983321e+015 1.431915e+016
d  4.015744e-001 5.299964e+015 8.689580e+015 1.398954e+016
d  3.935429e-001 6.478488e+015 7.520252e+015 1.399874e+016
d  3.855114e-001 7.919075e+015 6.471067e+015 1.439014e+016
d  3.774799e-001 9.679997e+015 5.536423e+015 1.521642e+016
d  3.694485e-001 1.183249e+016 4.709692e+015 1.654218e+016
d  3.614170e-001 1.446361e+016 3.983507e+015 1.844712e+016
d  3.533855e-001 1.767981e+016 3.350028e+015 2.102984e+016
d  3.453540e-001 2.161117e+016 2.801182e+015 2.441235e+016
d  3.373225e-001 2.641673e+016 2.328863e+015 2.874560e+016
d  3.292910e-001 3.229088e+016 1.925114e+015 3.421599e+016
d  3.212595e-001 3.947123e+016 1.582263e+015 4.105349e+016
d  3.132280e-001 4.824824e+016 1.293037e+015 4.954127e+016
d  3.051966e-001 5.897694e+016 1.050638e+015 6.002757e+016
d  2.971651e-001 7.209132e+016 8.487994e+014 7.294012e+016
d  2.891336e-001 8.812188e+016 6.818155e+014 8.880370e+016
d  2.811021e-001 1.077171e+017 5.445509e+014 1.082616e+017
d  2.730706e-001 1.316695e+017 4.324342e+014 1.321020e+017
d  2.650391e-001 1.609482e+017 3.414377e+014 1.612896e+017
d  2.570076e-001 1.967374e+017 2.680481e+014 1.970054e+017
d  2.489761e-001 2.404848e+017 2.092299e+014 2.406940e+017
d  2.409446e-001 2.939601e+017 1.623846e+014 2.941225e+017
d  2.329132e-001 3.593265e+017 1.253071e+014 3.594518e+017
d  2.248817e-001 4.392280e+017 9.614268e+013 4.393241e+017
d  2.168502e-001 5.368967e+017 7.334437e+013 5.369701e+017
d  2.088187e-001 6.562836e+017 5.563232e+013 6.563392e+017
d  2.007872e-001 8.022178e+017 4.195632e+013 8.022598e+017
d  1.927557e-001 9.806027e+017 3.146136e+013 9.806341e+017
d  1.847242e-001 1.198654e+018 2.345673e+013 1.198677e+018
d  1.766927e-001 1.465192e+018 1.738871e+013 1.465210e+018
d  1.686613e-001 1.790999e+018 1.281673e+013 1.791012e+018
d  1.606298e-001 2.189254e+018 9.392834e+012 2.189264e+018
d  1.525983e-001 2.676067e+018 6.844253e+012 2.676074e+018
d  1.445668e-001 3.271129e+018 4.958671e+012 3.271134e+018
d  1.365353e-001 3.998513e+018 3.572025e+012 3.998516e+018
d  1.285038e-001 4.887641e+018 2.558430e+012 4.887643e+018
d  1.204723e-001 5.974479e+018 1.821975e+012 5.974481e+018
d  1.124408e-001 7.302992e+018 1.290093e+012 7.302993e+018
d  1.044093e-001 8.926919e+018 9.082588e+011 8.926920e+018
d  9.637786e-002 1.091195e+019 6.357817e+011 1.091195e+019
d  8.834637e-002 1.333838e+019 4.425031e+011 1.333838e+019
d  8.031488e-002 1.630437e+019 3.062207e+011 1.630437e+019
d  7.228339e-002 1.992988e+019 2.106990e+011 1.992988e+019
d  6.425191e-002 2.436158e+019 1.441453e+011 2.436158e+019
d  5.622042e-002 2.977874e+019 9.805011e+010 2.977874e+019
d  4.818893e-002 3.640047e+019 6.631407e+010 3.640047e+019
d  4.015744e-002 4.449465e+019 4.459366e+010 4.449465e+019
d  3.212595e-002 5.438869e+019 2.981607e+010 5.438869e+019
d  2.409446e-002 6.648281e+019 1.982155e+010 6.648281e+019
d  1.606298e-002 8.126623e+019 1.310191e+010 8.126623e+019
d  8.031488e-003 9.933697e+019 8.610761e+009 9.933697e+019
d  4.440892e-016 1.214260e+020 5.626759e+009 1.214260e+020
