Probe avg_n vs gate bias
76 2 2
gate bias
Probe avg_n
-3 5.43704e+012
-2.8 5.4382e+012
-2.6 5.44023e+012
-2.4 5.44371e+012
-2.2 5.4497e+012
-2 5.46e+012
-1.8 5.47775e+012
-1.6 5.5084e+012
-1.4 5.56155e+012
-1.2 5.65433e+012
-1 5.8181e+012
-0.95 5.87619e+012
-0.9 5.94355e+012
-0.85 6.0218e+012
-0.8 6.11292e+012
-0.75 6.21927e+012
-0.7 6.34375e+012
-0.65 6.48994e+012
-0.6 6.66224e+012
-0.55 6.86618e+012
-0.5 7.1087e+012
-0.45 7.39886e+012
-0.4 7.74992e+012
-0.35 8.19e+012
-0.3 8.82544e+012
-0.25 1.02263e+013
-0.2 1.56528e+013
-0.15 4.23191e+013
-0.1 1.62661e+014
-0.05 5.74778e+014
-4.24783e-016 1.58361e+015
0.05 3.4715e+015
0.1 6.45906e+015
0.15 1.07621e+016
0.2 1.66454e+016
0.25 2.44506e+016
0.3 3.46083e+016
0.35 4.76409e+016
0.4 6.41489e+016
0.45 8.47714e+016
0.5 1.1011e+017
0.55 1.40633e+017
0.6 1.76603e+017
0.65 2.18058e+017
0.7 2.6486e+017
0.75 3.16756e+017
0.8 3.7343e+017
0.85 4.34558e+017
0.9 4.9984e+017
0.95 5.6903e+017
1 6.41952e+017
1.05 7.185e+017
1.1 7.98636e+017
1.15 8.82371e+017
1.2 9.69736e+017
1.25 1.06075e+018
1.3 1.15538e+018
1.35 1.25355e+018
1.4 1.35512e+018
1.45 1.45988e+018
1.5 1.56763e+018
1.6 1.79118e+018
1.7 2.02401e+018
1.8 2.26454e+018
1.9 2.51146e+018
2 2.76371e+018
2.1 3.02041e+018
2.2 3.28087e+018
2.3 3.54452e+018
2.4 3.81089e+018
2.5 4.07961e+018
2.6 4.35034e+018
2.7 4.62283e+018
2.8 4.89685e+018
2.9 5.17222e+018
3 5.44877e+018
