Conduction Band Energy vs Depth
108 2 2
Depth
Conduction Band Energy
0 3.54176
0.0200769 3.54176
0.0346253 3.54176
0.0451677 3.54176
0.0528071 3.54176
0.0583429 3.54176
0.0623543 3.54176
0.0652611 3.54176
0.0673675 3.54176
0.0688939 3.54176
0.07 0.167818
0.07 0.167818
0.0709987 0.167942
0.0719247 0.16828
0.0727833 0.168788
0.0735795 0.169428
0.0743178 0.170169
0.0750024 0.170985
0.0756372 0.171856
0.0762258 0.172764
0.0767715 0.173693
0.0772776 0.174632
0.0777469 0.17557
0.078182 0.1765
0.0785855 0.177413
0.0789596 0.178306
0.0793065 0.179173
0.0796282 0.180012
0.0799264 0.18082
0.080203 0.181596
0.0804595 0.182338
0.0806973 0.183046
0.0809178 0.18372
0.0811222 0.18436
0.0813118 0.184967
0.0814876 0.18554
0.0816506 0.186082
0.0818017 0.186593
0.0819419 0.187074
0.0820719 0.187526
0.0821924 0.187951
0.0823041 0.18835
0.0824077 0.188724
0.0825038 0.189074
0.0825929 0.189402
0.0826755 0.189709
0.0827521 0.189996
0.0828231 0.190263
0.0828889 0.190513
0.08295 0.190747
0.08295 0.190747
0.0830125 0.19097
0.083075 0.191178
0.0831375 0.191371
0.0832 0.191549
0.0832 0.191549
0.0832595 3.56772
0.0833253 3.5702
0.0833982 3.57294
0.0834789 3.57597
0.0835683 3.57933
0.0836672 3.58305
0.0837767 3.58717
0.083898 3.59173
0.0840323 3.59678
0.0841809 3.60236
0.0843455 3.60855
0.0845277 3.6154
0.0847294 3.62298
0.0849527 3.63138
0.0852 4.54067
0.0852 4.54067
0.0854427 4.54487
0.0856984 4.54929
0.0859678 4.55395
0.0862516 4.55885
0.0865506 4.56402
0.0868656 4.56947
0.0871976 4.57521
0.0875473 4.58125
0.0879157 4.58762
0.0883039 4.59434
0.0887128 4.60141
0.0891437 4.60885
0.0895977 4.6167
0.0900759 4.62497
0.0905798 4.63368
0.0911107 4.64286
0.0916701 4.65253
0.0922594 4.66272
0.0928802 4.67345
0.0935344 4.68476
0.0942235 4.69668
0.0949496 4.70923
0.0957146 4.72246
0.0965206 4.73639
0.0973697 4.75107
0.0982644 4.76654
0.0992069 4.78283
0.1002 4.8
0.1002 0
0.101255 0
0.102979 0
0.105793 0
0.110391 0
0.117901 0
0.130166 0
0.1502 0
