Conduction Band Energy vs Depth
108 2 2
Depth
Conduction Band Energy
0 3.14348
0.0200769 3.14348
0.0346253 3.14348
0.0451677 3.14348
0.0528071 3.14348
0.0583429 3.14348
0.0623543 3.14348
0.0652611 3.14348
0.0673675 3.14348
0.0688939 3.14348
0.07 -0.230457
0.07 -0.230457
0.0709987 -0.231157
0.0719247 -0.233084
0.0727833 -0.236036
0.0735795 -0.239865
0.0743178 -0.244461
0.0750024 -0.249744
0.0756372 -0.255649
0.0762258 -0.26213
0.0767715 -0.269147
0.0772776 -0.276671
0.0777469 -0.284677
0.078182 -0.293144
0.0785855 -0.302054
0.0789596 -0.311387
0.0793065 -0.321128
0.0796282 -0.33126
0.0799264 -0.341768
0.080203 -0.352637
0.0804595 -0.363855
0.0806973 -0.375404
0.0809178 -0.387266
0.0811222 -0.399421
0.0813118 -0.411841
0.0814876 -0.424495
0.0816506 -0.437346
0.0818017 -0.450353
0.0819419 -0.463473
0.0820719 -0.476656
0.0821924 -0.489856
0.0823041 -0.503024
0.0824077 -0.51611
0.0825038 -0.529069
0.0825929 -0.541856
0.0826755 -0.554429
0.0827521 -0.566752
0.0828231 -0.578789
0.0828889 -0.590512
0.08295 -0.601894
0.08295 -0.601894
0.0830125 -0.614103
0.083075 -0.626912
0.0831375 -0.640354
0.0832 -0.654469
0.0832 -0.654469
0.0832595 2.70731
0.0833253 2.69385
0.0833982 2.67894
0.0834789 2.66244
0.0835683 2.64417
0.0836672 2.62394
0.0837767 2.60154
0.083898 2.57675
0.0840323 2.5493
0.0841809 2.5189
0.0843455 2.48525
0.0845277 2.448
0.0847294 2.40675
0.0849527 2.36108
0.0852 3.21052
0.0852 3.21052
0.0854427 3.1877
0.0856984 3.16366
0.0859678 3.13833
0.0862516 3.11164
0.0865506 3.08352
0.0868656 3.0539
0.0871976 3.02268
0.0875473 2.9898
0.0879157 2.95515
0.0883039 2.91865
0.0887128 2.88019
0.0891437 2.83968
0.0895977 2.79699
0.0900759 2.75201
0.0905798 2.70463
0.0911107 2.65471
0.0916701 2.60211
0.0922594 2.5467
0.0928802 2.48831
0.0935344 2.4268
0.0942235 2.362
0.0949496 2.29372
0.0957146 2.22178
0.0965206 2.14599
0.0973697 2.06614
0.0982644 1.98202
0.0992069 1.89338
0.1002 1.8
0.1002 0
0.101255 0
0.102979 0
0.105793 0
0.110391 0
0.117901 0
0.130166 0
0.1502 0
