Conduction Band Energy vs Depth
108 2 2
Depth
Conduction Band Energy
0 3.47994
0.0200769 3.47994
0.0346253 3.47994
0.0451677 3.47994
0.0528071 3.47994
0.0583429 3.47994
0.0623543 3.47994
0.0652611 3.47994
0.0673675 3.47994
0.0688939 3.47994
0.07 0.105998
0.07 0.105998
0.0709987 0.106041
0.0719247 0.106157
0.0727833 0.106332
0.0735795 0.106553
0.0743178 0.10681
0.0750024 0.107094
0.0756372 0.107398
0.0762258 0.107717
0.0767715 0.108045
0.0772776 0.108377
0.0777469 0.108711
0.078182 0.109044
0.0785855 0.109372
0.0789596 0.109694
0.0793065 0.110008
0.0796282 0.110313
0.0799264 0.110608
0.080203 0.110893
0.0804595 0.111166
0.0806973 0.111427
0.0809178 0.111677
0.0811222 0.111914
0.0813118 0.11214
0.0814876 0.112355
0.0816506 0.112558
0.0818017 0.112749
0.0819419 0.11293
0.0820719 0.113101
0.0821924 0.113261
0.0823041 0.113412
0.0824077 0.113554
0.0825038 0.113687
0.0825929 0.113812
0.0826755 0.113929
0.0827521 0.114038
0.0828231 0.11414
0.0828889 0.114236
0.08295 0.114325
0.08295 0.114325
0.0830125 0.114399
0.083075 0.114456
0.0831375 0.114496
0.0832 0.114519
0.0832 0.114519
0.0832595 3.49054
0.0833253 3.49285
0.0833982 3.4954
0.0834789 3.49822
0.0835683 3.50135
0.0836672 3.50482
0.0837767 3.50865
0.083898 3.5129
0.0840323 3.5176
0.0841809 3.5228
0.0843455 3.52856
0.0845277 3.53494
0.0847294 3.542
0.0849527 3.54982
0.0852 4.45848
0.0852 4.45848
0.0854427 4.46239
0.0856984 4.46651
0.0859678 4.47084
0.0862516 4.47541
0.0865506 4.48023
0.0868656 4.4853
0.0871976 4.49064
0.0875473 4.49628
0.0879157 4.50221
0.0883039 4.50846
0.0887128 4.51504
0.0891437 4.52198
0.0895977 4.52929
0.0900759 4.53699
0.0905798 4.5451
0.0911107 4.55365
0.0916701 4.56266
0.0922594 4.57215
0.0928802 4.58214
0.0935344 4.59267
0.0942235 4.60377
0.0949496 4.61546
0.0957146 4.62778
0.0965206 4.64076
0.0973697 4.65443
0.0982644 4.66883
0.0992069 4.68401
0.1002 4.7
0.1002 0
0.101255 0
0.102979 0
0.105793 0
0.110391 0
0.117901 0
0.130166 0
0.1502 0
