drain current vs gate bias
76 2 2
gate bias
drain current
-3 -4.12642e-020
-2.8 9.26583e-021
-2.6 -1.45956e-019
-2.4 6.65274e-022
-2.2 4.70081e-020
-2 5.41821e-020
-1.8 -1.94809e-019
-1.6 -1.22191e-019
-1.4 -4.14692e-019
-1.2 -3.71127e-019
-1 -2.04548e-019
-0.95 1.39167e-018
-0.9 -1.16386e-018
-0.85 -8.28286e-019
-0.8 5.78972e-019
-0.75 7.54141e-019
-0.7 5.99837e-019
-0.65 -9.8864e-019
-0.6 -2.41972e-019
-0.55 3.48435e-019
-0.5 1.13846e-018
-0.45 1.4063e-017
-0.4 9.63195e-017
-0.35 6.43325e-016
-0.3 4.30073e-015
-0.25 2.8294e-014
-0.2 1.79417e-013
-0.15 1.06473e-012
-0.1 5.59021e-012
-0.05 2.39814e-011
-4.24783e-016 8.02911e-011
0.05 2.14102e-010
0.1 4.78446e-010
0.15 9.39937e-010
0.2 1.68246e-009
0.25 2.81312e-009
0.3 4.4693e-009
0.35 6.82613e-009
0.4 1.01028e-008
0.45 1.45652e-008
0.5 2.05212e-008
0.55 2.83073e-008
0.6 3.82674e-008
0.65 5.07294e-008
0.7 6.59856e-008
0.75 8.42814e-008
0.8 1.05814e-007
0.85 1.30734e-007
0.9 1.59146e-007
0.95 1.91105e-007
1 2.26614e-007
1.05 2.6562e-007
1.1 3.08014e-007
1.15 3.53623e-007
1.2 4.02223e-007
1.25 4.53553e-007
1.3 5.07333e-007
1.35 5.63285e-007
1.4 6.2115e-007
1.45 6.80695e-007
1.5 7.41719e-007
1.6 8.67524e-007
1.7 9.97453e-007
1.8 1.13069e-006
1.9 1.26664e-006
2 1.40484e-006
2.1 1.54496e-006
2.2 1.6867e-006
2.3 1.82987e-006
2.4 1.97427e-006
2.5 2.11977e-006
2.6 2.26624e-006
2.7 2.41358e-006
2.8 2.56171e-006
2.9 2.71056e-006
3 2.86005e-006
