source current vs gate bias
76 2 2
gate bias
source current
-3 -6.46893e-020
-2.8 5.66375e-020
-2.6 -2.24876e-019
-2.4 2.85313e-021
-2.2 -2.56453e-019
-2 6.67743e-019
-1.8 5.17317e-018
-1.6 3.00297e-017
-1.4 2.07871e-016
-1.2 -1.11843e-018
-1 8.95445e-020
-0.95 3.197e-017
-0.9 1.72505e-018
-0.85 4.46581e-018
-0.8 1.07366e-017
-0.75 1.97296e-017
-0.7 4.49231e-017
-0.65 3.991e-019
-0.6 -1.63044e-018
-0.55 -3.94101e-019
-0.5 -2.98047e-018
-0.45 -1.44429e-017
-0.4 -9.63038e-017
-0.35 -6.44331e-016
-0.3 -4.30233e-015
-0.25 -2.82919e-014
-0.2 -1.79418e-013
-0.15 -1.06472e-012
-0.1 -5.59021e-012
-0.05 -2.39814e-011
-4.24783e-016 -8.02911e-011
0.05 -2.14102e-010
0.1 -4.78446e-010
0.15 -9.39937e-010
0.2 -1.68246e-009
0.25 -2.81312e-009
0.3 -4.4693e-009
0.35 -6.82613e-009
0.4 -1.01028e-008
0.45 -1.45652e-008
0.5 -2.05212e-008
0.55 -2.83073e-008
0.6 -3.82674e-008
0.65 -5.07294e-008
0.7 -6.59856e-008
0.75 -8.42814e-008
0.8 -1.05814e-007
0.85 -1.30734e-007
0.9 -1.59146e-007
0.95 -1.91105e-007
1 -2.26614e-007
1.05 -2.6562e-007
1.1 -3.08014e-007
1.15 -3.53623e-007
1.2 -4.02223e-007
1.25 -4.53553e-007
1.3 -5.07333e-007
1.35 -5.63285e-007
1.4 -6.2115e-007
1.45 -6.80695e-007
1.5 -7.41719e-007
1.6 -8.67524e-007
1.7 -9.97453e-007
1.8 -1.13069e-006
1.9 -1.26664e-006
2 -1.40484e-006
2.1 -1.54496e-006
2.2 -1.6867e-006
2.3 -1.82987e-006
2.4 -1.97427e-006
2.5 -2.11977e-006
2.6 -2.26624e-006
2.7 -2.41358e-006
2.8 -2.56171e-006
2.9 -2.71056e-006
3 -2.86005e-006
