Electron Conc vs Depth
108 2 2
Depth
Electron Conc
0 0
0.0200769 0
0.0346253 0
0.0451677 0
0.0528071 0
0.0583429 0
0.0623543 0
0.0652611 0
0.0673675 0
0.0688939 0
0.07 0
0.07 3.69727e+015
0.0709987 3.67953e+015
0.0719247 3.63169e+015
0.0727833 3.56113e+015
0.0735795 3.47415e+015
0.0743178 3.37604e+015
0.0750024 3.27111e+015
0.0756372 3.16278e+015
0.0762258 3.05371e+015
0.0767715 2.94592e+015
0.0772776 2.8409e+015
0.0777469 2.73968e+015
0.078182 2.64299e+015
0.0785855 2.55125e+015
0.0789596 2.4647e+015
0.0793065 2.38341e+015
0.0796282 2.30734e+015
0.0799264 2.23635e+015
0.080203 2.17027e+015
0.0804595 2.10887e+015
0.0806973 2.05191e+015
0.0809178 1.99912e+015
0.0811222 1.95025e+015
0.0813118 1.90505e+015
0.0814876 1.86325e+015
0.0816506 1.82462e+015
0.0818017 1.78892e+015
0.0819419 1.75595e+015
0.0820719 1.7255e+015
0.0821924 1.69737e+015
0.0823041 1.67139e+015
0.0824077 1.64739e+015
0.0825038 1.62523e+015
0.0825929 1.60475e+015
0.0826755 1.58583e+015
0.0827521 1.56835e+015
0.0828231 1.55219e+015
0.0828889 1.53725e+015
0.08295 1.52345e+015
0.08295 1.52345e+015
0.0830125 1.51033e+015
0.083075 1.49822e+015
0.0831375 1.48709e+015
0.0832 1.47691e+015
0.0832 0
0.0832595 0
0.0833253 0
0.0833982 0
0.0834789 0
0.0835683 0
0.0836672 0
0.0837767 0
0.083898 0
0.0840323 0
0.0841809 0
0.0843455 0
0.0845277 0
0.0847294 0
0.0849527 0
0.0852 0
0.0852 0
0.0854427 0
0.0856984 0
0.0859678 0
0.0862516 0
0.0865506 0
0.0868656 0
0.0871976 0
0.0875473 0
0.0879157 0
0.0883039 0
0.0887128 0
0.0891437 0
0.0895977 0
0.0900759 0
0.0905798 0
0.0911107 0
0.0916701 0
0.0922594 0
0.0928802 0
0.0935344 0
0.0942235 0
0.0949496 0
0.0957146 0
0.0965206 0
0.0973697 0
0.0982644 0
0.0992069 0
0.1002 0
0.1002 0
0.101255 0
0.102979 0
0.105793 0
0.110391 0
0.117901 0
0.130166 0
0.1502 0
