Electron Conc vs Depth
108 2 2
Depth
Electron Conc
0 0
0.0200769 0
0.0346253 0
0.0451677 0
0.0528071 0
0.0583429 0
0.0623543 0
0.0652611 0
0.0673675 0
0.0688939 0
0.07 0
0.07 7.40955e+015
0.0709987 7.39734e+015
0.0719247 7.36416e+015
0.0727833 7.31459e+015
0.0735795 7.25241e+015
0.0743178 7.18078e+015
0.0750024 7.10235e+015
0.0756372 7.01928e+015
0.0762258 6.93337e+015
0.0767715 6.8461e+015
0.0772776 6.75865e+015
0.0777469 6.67198e+015
0.078182 6.58684e+015
0.0785855 6.50384e+015
0.0789596 6.42341e+015
0.0793065 6.34587e+015
0.0796282 6.27147e+015
0.0799264 6.20035e+015
0.080203 6.13259e+015
0.0804595 6.06822e+015
0.0806973 6.00723e+015
0.0809178 5.94956e+015
0.0811222 5.89515e+015
0.0813118 5.8439e+015
0.0814876 5.7957e+015
0.0816506 5.75043e+015
0.0818017 5.70797e+015
0.0819419 5.66818e+015
0.0820719 5.63093e+015
0.0821924 5.5961e+015
0.0823041 5.56354e+015
0.0824077 5.53314e+015
0.0825038 5.50476e+015
0.0825929 5.47829e+015
0.0826755 5.45361e+015
0.0827521 5.43062e+015
0.0828231 5.4092e+015
0.0828889 5.38925e+015
0.08295 5.37069e+015
0.08295 5.37069e+015
0.0830125 5.35529e+015
0.083075 5.3435e+015
0.0831375 5.33531e+015
0.0832 5.33068e+015
0.0832 0
0.0832595 0
0.0833253 0
0.0833982 0
0.0834789 0
0.0835683 0
0.0836672 0
0.0837767 0
0.083898 0
0.0840323 0
0.0841809 0
0.0843455 0
0.0845277 0
0.0847294 0
0.0849527 0
0.0852 0
0.0852 0
0.0854427 0
0.0856984 0
0.0859678 0
0.0862516 0
0.0865506 0
0.0868656 0
0.0871976 0
0.0875473 0
0.0879157 0
0.0883039 0
0.0887128 0
0.0891437 0
0.0895977 0
0.0900759 0
0.0905798 0
0.0911107 0
0.0916701 0
0.0922594 0
0.0928802 0
0.0935344 0
0.0942235 0
0.0949496 0
0.0957146 0
0.0965206 0
0.0973697 0
0.0982644 0
0.0992069 0
0.1002 0
0.1002 0
0.101255 0
0.102979 0
0.105793 0
0.110391 0
0.117901 0
0.130166 0
0.1502 0
