Valence Band Energy vs Depth
108 2 2
Depth
Valence Band Energy
0 -5.45824
0.0200769 -5.45824
0.0346253 -5.45824
0.0451677 -5.45824
0.0528071 -5.45824
0.0583429 -5.45824
0.0623543 -5.45824
0.0652611 -5.45824
0.0673675 -5.45824
0.0688939 -5.45824
0.07 -2.90824
0.07 -2.90824
0.0709987 -2.90812
0.0719247 -2.90778
0.0727833 -2.90727
0.0735795 -2.90663
0.0743178 -2.90589
0.0750024 -2.90507
0.0756372 -2.9042
0.0762258 -2.9033
0.0767715 -2.90237
0.0772776 -2.90143
0.0777469 -2.90049
0.078182 -2.89956
0.0785855 -2.89865
0.0789596 -2.89775
0.0793065 -2.89689
0.0796282 -2.89605
0.0799264 -2.89524
0.080203 -2.89446
0.0804595 -2.89372
0.0806973 -2.89301
0.0809178 -2.89234
0.0811222 -2.8917
0.0813118 -2.89109
0.0814876 -2.89052
0.0816506 -2.88998
0.0818017 -2.88947
0.0819419 -2.88899
0.0820719 -2.88853
0.0821924 -2.88811
0.0823041 -2.88771
0.0824077 -2.88734
0.0825038 -2.88699
0.0825929 -2.88666
0.0826755 -2.88635
0.0827521 -2.88606
0.0828231 -2.8858
0.0828889 -2.88555
0.08295 -2.88531
0.08295 -2.88531
0.0830125 -2.88509
0.083075 -2.88488
0.0831375 -2.88469
0.0832 -2.88451
0.0832 -2.88451
0.0832595 -5.43228
0.0833253 -5.4298
0.0833982 -5.42706
0.0834789 -5.42403
0.0835683 -5.42067
0.0836672 -5.41695
0.0837767 -5.41283
0.083898 -5.40827
0.0840323 -5.40322
0.0841809 -5.39764
0.0843455 -5.39145
0.0845277 -5.3846
0.0847294 -5.37702
0.0849527 -5.36862
0.0852 -1.15933
0.0852 -1.15933
0.0854427 -1.15513
0.0856984 -1.15071
0.0859678 -1.14605
0.0862516 -1.14115
0.0865506 -1.13598
0.0868656 -1.13053
0.0871976 -1.12479
0.0875473 -1.11875
0.0879157 -1.11238
0.0883039 -1.10566
0.0887128 -1.09859
0.0891437 -1.09115
0.0895977 -1.0833
0.0900759 -1.07503
0.0905798 -1.06632
0.0911107 -1.05714
0.0916701 -1.04747
0.0922594 -1.03728
0.0928802 -1.02655
0.0935344 -1.01524
0.0942235 -1.00332
0.0949496 -0.99077
0.0957146 -0.977545
0.0965206 -0.963611
0.0973697 -0.948931
0.0982644 -0.933464
0.0992069 -0.917168
0.1002 -0.9
0.1002 0
0.101255 0
0.102979 0
0.105793 0
0.110391 0
0.117901 0
0.130166 0
0.1502 0
