Valence Band Energy vs Depth
108 2 2
Depth
Valence Band Energy
0 -5.85652
0.0200769 -5.85652
0.0346253 -5.85652
0.0451677 -5.85652
0.0528071 -5.85652
0.0583429 -5.85652
0.0623543 -5.85652
0.0652611 -5.85652
0.0673675 -5.85652
0.0688939 -5.85652
0.07 -3.30652
0.07 -3.30652
0.0709987 -3.30722
0.0719247 -3.30914
0.0727833 -3.3121
0.0735795 -3.31592
0.0743178 -3.32052
0.0750024 -3.3258
0.0756372 -3.33171
0.0762258 -3.33819
0.0767715 -3.34521
0.0772776 -3.35273
0.0777469 -3.36074
0.078182 -3.3692
0.0785855 -3.37811
0.0789596 -3.38745
0.0793065 -3.39719
0.0796282 -3.40732
0.0799264 -3.41783
0.080203 -3.4287
0.0804595 -3.43991
0.0806973 -3.45146
0.0809178 -3.46333
0.0811222 -3.47548
0.0813118 -3.4879
0.0814876 -3.50055
0.0816506 -3.51341
0.0818017 -3.52641
0.0819419 -3.53953
0.0820719 -3.55272
0.0821924 -3.56592
0.0823041 -3.57908
0.0824077 -3.59217
0.0825038 -3.60513
0.0825929 -3.61792
0.0826755 -3.63049
0.0827521 -3.64281
0.0828231 -3.65485
0.0828889 -3.66657
0.08295 -3.67795
0.08295 -3.67795
0.0830125 -3.69016
0.083075 -3.70297
0.0831375 -3.71641
0.0832 -3.73053
0.0832 -3.73053
0.0832595 -6.29269
0.0833253 -6.30615
0.0833982 -6.32106
0.0834789 -6.33756
0.0835683 -6.35583
0.0836672 -6.37606
0.0837767 -6.39846
0.083898 -6.42325
0.0840323 -6.4507
0.0841809 -6.4811
0.0843455 -6.51475
0.0845277 -6.552
0.0847294 -6.59325
0.0849527 -6.63892
0.0852 -2.48948
0.0852 -2.48948
0.0854427 -2.5123
0.0856984 -2.53634
0.0859678 -2.56167
0.0862516 -2.58836
0.0865506 -2.61648
0.0868656 -2.6461
0.0871976 -2.67732
0.0875473 -2.7102
0.0879157 -2.74485
0.0883039 -2.78135
0.0887128 -2.81981
0.0891437 -2.86032
0.0895977 -2.90301
0.0900759 -2.94799
0.0905798 -2.99537
0.0911107 -3.04529
0.0916701 -3.09789
0.0922594 -3.1533
0.0928802 -3.21169
0.0935344 -3.2732
0.0942235 -3.338
0.0949496 -3.40628
0.0957146 -3.47822
0.0965206 -3.55401
0.0973697 -3.63386
0.0982644 -3.71798
0.0992069 -3.80662
0.1002 -3.9
0.1002 0
0.101255 0
0.102979 0
0.105793 0
0.110391 0
0.117901 0
0.130166 0
0.1502 0
