Valence Band Energy vs Depth
108 2 2
Depth
Valence Band Energy
0 -5.52006
0.0200769 -5.52006
0.0346253 -5.52006
0.0451677 -5.52006
0.0528071 -5.52006
0.0583429 -5.52006
0.0623543 -5.52006
0.0652611 -5.52006
0.0673675 -5.52006
0.0688939 -5.52006
0.07 -2.97006
0.07 -2.97006
0.0709987 -2.97002
0.0719247 -2.9699
0.0727833 -2.96973
0.0735795 -2.96951
0.0743178 -2.96925
0.0750024 -2.96897
0.0756372 -2.96866
0.0762258 -2.96834
0.0767715 -2.96802
0.0772776 -2.96768
0.0777469 -2.96735
0.078182 -2.96702
0.0785855 -2.96669
0.0789596 -2.96637
0.0793065 -2.96605
0.0796282 -2.96575
0.0799264 -2.96545
0.080203 -2.96517
0.0804595 -2.96489
0.0806973 -2.96463
0.0809178 -2.96438
0.0811222 -2.96415
0.0813118 -2.96392
0.0814876 -2.96371
0.0816506 -2.9635
0.0818017 -2.96331
0.0819419 -2.96313
0.0820719 -2.96296
0.0821924 -2.9628
0.0823041 -2.96265
0.0824077 -2.96251
0.0825038 -2.96237
0.0825929 -2.96225
0.0826755 -2.96213
0.0827521 -2.96202
0.0828231 -2.96192
0.0828889 -2.96182
0.08295 -2.96173
0.08295 -2.96173
0.0830125 -2.96166
0.083075 -2.9616
0.0831375 -2.96156
0.0832 -2.96154
0.0832 -2.96154
0.0832595 -5.50946
0.0833253 -5.50715
0.0833982 -5.5046
0.0834789 -5.50178
0.0835683 -5.49865
0.0836672 -5.49518
0.0837767 -5.49135
0.083898 -5.4871
0.0840323 -5.4824
0.0841809 -5.4772
0.0843455 -5.47144
0.0845277 -5.46506
0.0847294 -5.458
0.0849527 -5.45018
0.0852 -1.24152
0.0852 -1.24152
0.0854427 -1.23761
0.0856984 -1.23349
0.0859678 -1.22916
0.0862516 -1.22459
0.0865506 -1.21977
0.0868656 -1.2147
0.0871976 -1.20936
0.0875473 -1.20372
0.0879157 -1.19779
0.0883039 -1.19154
0.0887128 -1.18496
0.0891437 -1.17802
0.0895977 -1.17071
0.0900759 -1.16301
0.0905798 -1.1549
0.0911107 -1.14635
0.0916701 -1.13734
0.0922594 -1.12785
0.0928802 -1.11786
0.0935344 -1.10733
0.0942235 -1.09623
0.0949496 -1.08454
0.0957146 -1.07222
0.0965206 -1.05924
0.0973697 -1.04557
0.0982644 -1.03117
0.0992069 -1.01599
0.1002 -1
0.1002 0
0.101255 0
0.102979 0
0.105793 0
0.110391 0
0.117901 0
0.130166 0
0.1502 0
