Probe avg_n vs gate bias
76 2 2
gate bias
Probe avg_n
-3 8.65118e+012
-2.8 8.71769e+012
-2.6 8.80254e+012
-2.4 8.91086e+012
-2.2 9.04963e+012
-2 9.22817e+012
-1.8 9.45913e+012
-1.6 9.75981e+012
-1.4 1.01544e+013
-1.2 1.06778e+013
-1 1.13819e+013
-0.95 1.15949e+013
-0.9 1.18259e+013
-0.85 1.20767e+013
-0.8 1.23496e+013
-0.75 1.26473e+013
-0.7 1.29726e+013
-0.65 1.33292e+013
-0.6 1.3721e+013
-0.55 1.41528e+013
-0.5 1.46303e+013
-0.45 1.51602e+013
-0.4 1.57503e+013
-0.35 1.641e+013
-0.3 1.71506e+013
-0.25 1.79853e+013
-0.2 1.89296e+013
-0.15 2.00018e+013
-0.1 2.12241e+013
-0.05 2.26283e+013
-4.24783e-016 2.42893e+013
0.05 2.65e+013
0.1 3.06515e+013
0.15 4.35354e+013
0.2 9.82308e+013
0.25 3.4701e+014
0.3 1.35389e+015
0.35 4.45513e+015
0.4 1.14389e+016
0.45 2.38005e+016
0.5 4.26017e+016
0.55 6.87203e+016
0.6 1.03065e+017
0.65 1.46705e+017
0.7 2.00938e+017
0.75 2.67337e+017
0.8 3.47769e+017
0.85 4.44383e+017
0.9 5.59556e+017
0.95 6.95822e+017
1 8.5578e+017
1.05 1.04203e+018
1.1 1.25706e+018
1.15 1.50311e+018
1.2 1.78191e+018
1.25 2.09464e+018
1.3 2.44192e+018
1.35 2.82388e+018
1.4 3.2403e+018
1.45 3.69071e+018
1.5 4.17451e+018
1.6 5.23955e+018
1.7 6.42989e+018
1.8 7.7396e+018
1.9 9.16134e+018
2 1.06857e+019
2.1 1.23012e+019
2.2 1.39958e+019
2.3 1.57573e+019
2.4 1.75748e+019
2.5 1.94385e+019
2.6 2.13402e+019
2.7 2.32732e+019
2.8 2.5232e+019
2.9 2.72119e+019
3 2.92094e+019
