Conduction Band Energy vs Depth
87 2 2
Depth
Conduction Band Energy
0 3.48411
0.0200101 3.48411
0.0343543 3.48411
0.0446368 3.48411
0.0520079 3.48411
0.0572917 3.48411
0.0610795 3.48411
0.0637947 3.48411
0.0657411 3.48411
0.0671363 3.48411
0.0681365 3.48411
0.0688535 3.48411
0.0693675 3.48411
0.0697359 3.48411
0.07 0.437417
0.07 0.437417
0.0702481 0.437431
0.0704686 0.437468
0.0706647 0.437519
0.0708389 0.43758
0.0709938 0.437645
0.0711315 0.437712
0.0712539 0.43778
0.0713627 0.437845
0.0714594 0.437908
0.0715453 0.437968
0.0716217 0.438024
0.0716896 0.438076
0.07175 0.438123
0.07175 0.438123
0.0718125 0.43817
0.071875 0.438214
0.0719375 0.438256
0.072 0.438295
0.072 0.438295
0.0720595 3.48709
0.0721253 3.48942
0.0721982 3.492
0.0722789 3.49486
0.0723683 3.49802
0.0724672 3.50152
0.0725767 3.5054
0.072698 3.5097
0.0728323 3.51445
0.0729809 3.51971
0.0731455 3.52554
0.0733277 3.53199
0.0735294 3.53913
0.0737527 3.54703
0.074 4.45579
0.074 4.45579
0.0742427 4.45974
0.0744984 4.4639
0.0747678 4.46829
0.0750516 4.47291
0.0753506 4.47778
0.0756656 4.48291
0.0759976 4.48831
0.0763473 4.494
0.0767157 4.5
0.0771039 4.50632
0.0775128 4.51298
0.0779437 4.51999
0.0783977 4.52739
0.0788759 4.53517
0.0793798 4.54338
0.0799107 4.55202
0.0804701 4.56113
0.0810594 4.57072
0.0816802 4.58083
0.0823344 4.59148
0.0830235 4.6027
0.0837496 4.61452
0.0845146 4.62697
0.0853206 4.6401
0.0861697 4.65392
0.0870644 4.66849
0.0880069 4.68383
0.089 4.7
0.089 0
0.0900551 0
0.0917786 0
0.0945935 0
0.0991911 0
0.106701 0
0.118966 0
0.139 0
