Conduction Band Energy vs Depth
87 2 2
Depth
Conduction Band Energy
0 2.65117
0.0200101 2.65117
0.0343543 2.65117
0.0446368 2.65117
0.0520079 2.65117
0.0572917 2.65117
0.0610795 2.65117
0.0637947 2.65117
0.0657411 2.65117
0.0671363 2.65117
0.0681365 2.65117
0.0688535 2.65117
0.0693675 2.65117
0.0697359 2.65117
0.07 -0.395516
0.07 -0.395516
0.0702481 -0.397708
0.0704686 -0.403397
0.0706647 -0.411536
0.0708389 -0.421356
0.0709938 -0.432273
0.0711315 -0.44384
0.0712539 -0.45571
0.0713627 -0.467616
0.0714594 -0.47935
0.0715453 -0.490755
0.0716217 -0.501715
0.0716896 -0.512148
0.07175 -0.521997
0.07175 -0.521997
0.0718125 -0.532854
0.071875 -0.544415
0.0719375 -0.556719
0.072 -0.569807
0.072 -0.569807
0.0720595 2.46568
0.0721253 2.45327
0.0721982 2.43953
0.0722789 2.42432
0.0723683 2.40748
0.0724672 2.38884
0.0725767 2.3682
0.072698 2.34534
0.0728323 2.32004
0.0729809 2.29203
0.0731455 2.26102
0.0733277 2.22668
0.0735294 2.18867
0.0737527 2.14658
0.074 2.99998
0.074 2.99998
0.0742427 2.97895
0.0744984 2.95679
0.0747678 2.93345
0.0750516 2.90885
0.0753506 2.88293
0.0756656 2.85563
0.0759976 2.82686
0.0763473 2.79656
0.0767157 2.76463
0.0771039 2.73099
0.0775128 2.69554
0.0779437 2.6582
0.0783977 2.61886
0.0788759 2.57741
0.0793798 2.53374
0.0799107 2.48773
0.0804701 2.43925
0.0810594 2.38818
0.0816802 2.33437
0.0823344 2.27768
0.0830235 2.21795
0.0837496 2.15503
0.0845146 2.08873
0.0853206 2.01888
0.0861697 1.94529
0.0870644 1.86775
0.0880069 1.78606
0.089 1.7
0.089 0
0.0900551 0
0.0917786 0
0.0945935 0
0.0991911 0
0.106701 0
0.118966 0
0.139 0
