Conduction Band Energy vs Depth
87 2 2
Depth
Conduction Band Energy
0 3.04468
0.0200101 3.04468
0.0343543 3.04468
0.0446368 3.04468
0.0520079 3.04468
0.0572917 3.04468
0.0610795 3.04468
0.0637947 3.04468
0.0657411 3.04468
0.0671363 3.04468
0.0681365 3.04468
0.0688535 3.04468
0.0693675 3.04468
0.0697359 3.04468
0.07 -0.00200834
0.07 -0.00200834
0.0702481 -0.00229324
0.0704686 -0.0030277
0.0706647 -0.0040667
0.0708389 -0.00530204
0.0709938 -0.00665288
0.0711315 -0.00805898
0.0712539 -0.00947585
0.0713627 -0.0108711
0.0714594 -0.0122217
0.0715453 -0.0135118
0.0716217 -0.0147311
0.0716896 -0.0158738
0.07175 -0.016937
0.07175 -0.016937
0.0718125 -0.0181426
0.071875 -0.019456
0.0719375 -0.0208786
0.072 -0.0224116
0.072 -0.0224116
0.0720595 3.02478
0.0721253 3.02534
0.0721982 3.02597
0.0722789 3.02665
0.0723683 3.02741
0.0724672 3.02825
0.0725767 3.02919
0.072698 3.03022
0.0728323 3.03136
0.0729809 3.03263
0.0731455 3.03403
0.0733277 3.03558
0.0735294 3.03729
0.0737527 3.03919
0.074 3.9413
0.074 3.9413
0.0742427 3.94225
0.0744984 3.94325
0.0747678 3.9443
0.0750516 3.94541
0.0753506 3.94658
0.0756656 3.94782
0.0759976 3.94912
0.0763473 3.95048
0.0767157 3.95193
0.0771039 3.95344
0.0775128 3.95505
0.0779437 3.95673
0.0783977 3.95851
0.0788759 3.96038
0.0793798 3.96235
0.0799107 3.96443
0.0804701 3.96662
0.0810594 3.96892
0.0816802 3.97135
0.0823344 3.97391
0.0830235 3.97661
0.0837496 3.97945
0.0845146 3.98245
0.0853206 3.9856
0.0861697 3.98892
0.0870644 3.99242
0.0880069 3.99611
0.089 4
0.089 0
0.0900551 0
0.0917786 0
0.0945935 0
0.0991911 0
0.106701 0
0.118966 0
0.139 0
