Probe chan_n vs gate bias
76 2 2
gate bias
Probe chan_n
-3 1.1995e-038
-2.8 1.5623e-036
-2.6 3.50122e-033
-2.4 8.01791e-030
-2.2 1.83399e-026
-2 3.58272e-023
-1.8 7.90952e-020
-1.6 1.81133e-016
-1.4 4.1436e-013
-1.2 5.9828e-010
-1 1.32336e-006
-0.95 9.15449e-006
-0.9 6.3327e-005
-0.85 0.00043807
-0.8 0.00303039
-0.75 0.0209629
-0.7 0.145012
-0.65 1.00313
-0.6 6.93921
-0.55 48.0019
-0.5 332.047
-0.45 2296.76
-0.4 15884.2
-0.35 109818
-0.3 758802
-0.25 5.23873e+006
-0.2 3.61286e+007
-0.15 2.48654e+008
-0.1 1.70077e+009
-0.05 1.14175e+010
-4.24783e-016 7.34391e+010
0.05 4.40878e+011
0.1 2.44939e+012
0.15 1.28021e+013
0.2 6.44635e+013
0.25 3.10892e+014
0.3 1.33187e+015
0.35 4.53256e+015
0.4 1.18108e+016
0.45 2.47205e+016
0.5 4.42991e+016
0.55 7.13389e+016
0.6 1.06612e+017
0.65 1.50999e+017
0.7 2.05565e+017
0.75 2.71601e+017
0.8 3.50654e+017
0.85 4.44527e+017
0.9 5.55267e+017
0.95 6.85116e+017
1 8.3646e+017
1.05 1.01179e+018
1.1 1.21363e+018
1.15 1.44436e+018
1.2 1.70608e+018
1.25 2.00041e+018
1.3 2.32847e+018
1.35 2.69088e+018
1.4 3.08777e+018
1.45 3.5189e+018
1.5 3.9837e+018
1.6 5.01095e+018
1.7 6.16158e+018
1.8 7.42633e+018
1.9 8.79509e+018
2 1.02569e+019
2.1 1.18004e+019
2.2 1.34142e+019
2.3 1.50875e+019
2.4 1.68104e+019
2.5 1.85747e+019
2.6 2.03728e+019
2.7 2.21988e+019
2.8 2.40477e+019
2.9 2.59152e+019
3 2.77979e+019
