drain current vs gate bias
76 2 2
gate bias
drain current
-3 4.0844e-019
-2.8 1.77172e-020
-2.6 -3.61903e-019
-2.4 -3.14893e-019
-2.2 5.89155e-019
-2 -2.07409e-019
-1.8 -1.09091e-018
-1.6 1.81424e-019
-1.4 -1.31438e-018
-1.2 1.29264e-018
-1 7.44594e-019
-0.95 -2.2404e-018
-0.9 3.47729e-019
-0.85 1.52793e-018
-0.8 1.00634e-018
-0.75 2.2111e-019
-0.7 3.56233e-019
-0.65 1.68384e-018
-0.6 1.18492e-018
-0.55 -8.82551e-019
-0.5 -5.5939e-019
-0.45 1.21138e-018
-0.4 8.0507e-019
-0.35 1.85772e-018
-0.3 -3.86462e-018
-0.25 3.04869e-019
-0.2 1.76109e-019
-0.15 3.23899e-018
-0.1 5.14423e-018
-0.05 1.21498e-017
-4.24783e-016 8.27199e-017
0.05 5.21324e-016
0.1 2.99923e-015
0.15 1.62595e-014
0.2 8.41059e-014
0.25 4.1661e-013
0.3 1.89023e-012
0.35 7.2291e-012
0.4 2.22181e-011
0.45 5.57859e-011
0.5 1.19428e-010
0.55 2.26916e-010
0.6 3.94447e-010
0.65 6.41087e-010
0.7 9.89375e-010
0.75 1.46603e-009
0.8 2.10262e-009
0.85 2.93617e-009
0.9 4.00941e-009
0.95 5.37058e-009
1 7.07253e-009
1.05 9.17072e-009
1.1 1.17208e-008
1.15 1.47769e-008
1.2 1.83906e-008
1.25 2.26099e-008
1.3 2.74778e-008
1.35 3.30314e-008
1.4 3.93005e-008
1.45 4.63064e-008
1.5 5.40615e-008
1.6 7.18201e-008
1.7 9.24832e-008
1.8 1.15822e-007
1.9 1.41516e-007
2 1.69205e-007
2.1 1.98539e-007
2.2 2.29204e-007
2.3 2.6094e-007
2.4 2.93531e-007
2.5 3.26812e-007
2.6 3.6065e-007
2.7 3.94944e-007
2.8 4.29615e-007
2.9 4.64601e-007
3 4.99853e-007
