source current vs gate bias
76 2 2
gate bias
source current
-3 -2.02212e-019
-2.8 -1.78589e-019
-2.6 -2.50403e-020
-2.4 -2.14023e-019
-2.2 5.91517e-019
-2 1.21894e-018
-1.8 -6.06636e-019
-1.6 1.39848e-019
-1.4 1.60636e-020
-1.2 -3.3639e-019
-1 -3.76076e-019
-0.95 6.48212e-019
-0.9 -7.23806e-019
-0.85 -6.67111e-019
-0.8 -4.06314e-019
-0.75 6.7656e-019
-0.7 -5.46161e-019
-0.65 2.49458e-019
-0.6 1.24729e-019
-0.55 -1.34178e-019
-0.5 -1.0035e-018
-0.45 -1.30776e-018
-0.4 5.76397e-019
-0.35 8.69311e-019
-0.3 9.4862e-019
-0.25 1.04645e-018
-0.2 6.45079e-020
-0.15 -6.70349e-019
-0.1 -3.70837e-018
-0.05 -1.13198e-017
-4.24783e-016 -8.26554e-017
0.05 -5.1931e-016
0.1 -2.99852e-015
0.15 -1.62578e-014
0.2 -8.41118e-014
0.25 -4.1661e-013
0.3 -1.89023e-012
0.35 -7.22911e-012
0.4 -2.22181e-011
0.45 -5.57859e-011
0.5 -1.19428e-010
0.55 -2.26916e-010
0.6 -3.94447e-010
0.65 -6.41087e-010
0.7 -9.89375e-010
0.75 -1.46603e-009
0.8 -2.10262e-009
0.85 -2.93617e-009
0.9 -4.00941e-009
0.95 -5.37058e-009
1 -7.07253e-009
1.05 -9.17072e-009
1.1 -1.17208e-008
1.15 -1.47769e-008
1.2 -1.83906e-008
1.25 -2.26099e-008
1.3 -2.74778e-008
1.35 -3.30314e-008
1.4 -3.93005e-008
1.45 -4.63064e-008
1.5 -5.40615e-008
1.6 -7.18201e-008
1.7 -9.24832e-008
1.8 -1.15822e-007
1.9 -1.41516e-007
2 -1.69205e-007
2.1 -1.98539e-007
2.2 -2.29204e-007
2.3 -2.6094e-007
2.4 -2.93531e-007
2.5 -3.26812e-007
2.6 -3.6065e-007
2.7 -3.94944e-007
2.8 -4.29615e-007
2.9 -4.64601e-007
3 -4.99853e-007
