Valence Band Energy vs Depth
87 2 2
Depth
Valence Band Energy
0 -5.51589
0.0200101 -5.51589
0.0343543 -5.51589
0.0446368 -5.51589
0.0520079 -5.51589
0.0572917 -5.51589
0.0610795 -5.51589
0.0637947 -5.51589
0.0657411 -5.51589
0.0671363 -5.51589
0.0681365 -5.51589
0.0688535 -5.51589
0.0693675 -5.51589
0.0697359 -5.51589
0.07 -2.96589
0.07 -2.96589
0.0702481 -2.96588
0.0704686 -2.96584
0.0706647 -2.96579
0.0708389 -2.96573
0.0709938 -2.96566
0.0711315 -2.9656
0.0712539 -2.96553
0.0713627 -2.96546
0.0714594 -2.9654
0.0715453 -2.96534
0.0716217 -2.96529
0.0716896 -2.96523
0.07175 -2.96519
0.07175 -2.96519
0.0718125 -2.96514
0.071875 -2.9651
0.0719375 -2.96505
0.072 -2.96502
0.072 -2.96502
0.0720595 -5.51291
0.0721253 -5.51058
0.0721982 -5.508
0.0722789 -5.50514
0.0723683 -5.50198
0.0724672 -5.49848
0.0725767 -5.4946
0.072698 -5.4903
0.0728323 -5.48555
0.0729809 -5.48029
0.0731455 -5.47446
0.0733277 -5.46801
0.0735294 -5.46087
0.0737527 -5.45297
0.074 -1.24421
0.074 -1.24421
0.0742427 -1.24026
0.0744984 -1.2361
0.0747678 -1.23171
0.0750516 -1.22709
0.0753506 -1.22222
0.0756656 -1.21709
0.0759976 -1.21169
0.0763473 -1.206
0.0767157 -1.2
0.0771039 -1.19368
0.0775128 -1.18702
0.0779437 -1.18001
0.0783977 -1.17261
0.0788759 -1.16483
0.0793798 -1.15662
0.0799107 -1.14798
0.0804701 -1.13887
0.0810594 -1.12928
0.0816802 -1.11917
0.0823344 -1.10852
0.0830235 -1.0973
0.0837496 -1.08548
0.0845146 -1.07303
0.0853206 -1.0599
0.0861697 -1.04608
0.0870644 -1.03151
0.0880069 -1.01617
0.089 -1
0.089 0
0.0900551 0
0.0917786 0
0.0945935 0
0.0991911 0
0.106701 0
0.118966 0
0.139 0
