Valence Band Energy vs Depth
87 2 2
Depth
Valence Band Energy
0 -6.34883
0.0200101 -6.34883
0.0343543 -6.34883
0.0446368 -6.34883
0.0520079 -6.34883
0.0572917 -6.34883
0.0610795 -6.34883
0.0637947 -6.34883
0.0657411 -6.34883
0.0671363 -6.34883
0.0681365 -6.34883
0.0688535 -6.34883
0.0693675 -6.34883
0.0697359 -6.34883
0.07 -3.79883
0.07 -3.79883
0.0702481 -3.80102
0.0704686 -3.80671
0.0706647 -3.81485
0.0708389 -3.82467
0.0709938 -3.83558
0.0711315 -3.84715
0.0712539 -3.85902
0.0713627 -3.87093
0.0714594 -3.88266
0.0715453 -3.89407
0.0716217 -3.90503
0.0716896 -3.91546
0.07175 -3.92531
0.07175 -3.92531
0.0718125 -3.93616
0.071875 -3.94773
0.0719375 -3.96003
0.072 -3.97312
0.072 -3.97312
0.0720595 -6.53432
0.0721253 -6.54673
0.0721982 -6.56047
0.0722789 -6.57568
0.0723683 -6.59252
0.0724672 -6.61116
0.0725767 -6.6318
0.072698 -6.65466
0.0728323 -6.67996
0.0729809 -6.70797
0.0731455 -6.73898
0.0733277 -6.77332
0.0735294 -6.81133
0.0737527 -6.85342
0.074 -2.70002
0.074 -2.70002
0.0742427 -2.72105
0.0744984 -2.74321
0.0747678 -2.76655
0.0750516 -2.79115
0.0753506 -2.81707
0.0756656 -2.84437
0.0759976 -2.87314
0.0763473 -2.90344
0.0767157 -2.93537
0.0771039 -2.96901
0.0775128 -3.00446
0.0779437 -3.0418
0.0783977 -3.08114
0.0788759 -3.12259
0.0793798 -3.16626
0.0799107 -3.21227
0.0804701 -3.26075
0.0810594 -3.31182
0.0816802 -3.36563
0.0823344 -3.42232
0.0830235 -3.48205
0.0837496 -3.54497
0.0845146 -3.61127
0.0853206 -3.68112
0.0861697 -3.75471
0.0870644 -3.83225
0.0880069 -3.91394
0.089 -4
0.089 0
0.0900551 0
0.0917786 0
0.0945935 0
0.0991911 0
0.106701 0
0.118966 0
0.139 0
