Valence Band Energy vs Depth
87 2 2
Depth
Valence Band Energy
0 -5.95532
0.0200101 -5.95532
0.0343543 -5.95532
0.0446368 -5.95532
0.0520079 -5.95532
0.0572917 -5.95532
0.0610795 -5.95532
0.0637947 -5.95532
0.0657411 -5.95532
0.0671363 -5.95532
0.0681365 -5.95532
0.0688535 -5.95532
0.0693675 -5.95532
0.0697359 -5.95532
0.07 -3.40532
0.07 -3.40532
0.0702481 -3.4056
0.0704686 -3.40634
0.0706647 -3.40738
0.0708389 -3.40861
0.0709938 -3.40996
0.0711315 -3.41137
0.0712539 -3.41279
0.0713627 -3.41418
0.0714594 -3.41553
0.0715453 -3.41682
0.0716217 -3.41804
0.0716896 -3.41918
0.07175 -3.42025
0.07175 -3.42025
0.0718125 -3.42145
0.071875 -3.42277
0.0719375 -3.42419
0.072 -3.42572
0.072 -3.42572
0.0720595 -5.97522
0.0721253 -5.97466
0.0721982 -5.97403
0.0722789 -5.97335
0.0723683 -5.97259
0.0724672 -5.97175
0.0725767 -5.97081
0.072698 -5.96978
0.0728323 -5.96864
0.0729809 -5.96737
0.0731455 -5.96597
0.0733277 -5.96442
0.0735294 -5.96271
0.0737527 -5.96081
0.074 -1.7587
0.074 -1.7587
0.0742427 -1.75775
0.0744984 -1.75675
0.0747678 -1.7557
0.0750516 -1.75459
0.0753506 -1.75342
0.0756656 -1.75218
0.0759976 -1.75088
0.0763473 -1.74952
0.0767157 -1.74807
0.0771039 -1.74656
0.0775128 -1.74495
0.0779437 -1.74327
0.0783977 -1.74149
0.0788759 -1.73962
0.0793798 -1.73765
0.0799107 -1.73557
0.0804701 -1.73338
0.0810594 -1.73108
0.0816802 -1.72865
0.0823344 -1.72609
0.0830235 -1.72339
0.0837496 -1.72055
0.0845146 -1.71755
0.0853206 -1.7144
0.0861697 -1.71108
0.0870644 -1.70758
0.0880069 -1.70389
0.089 -1.7
0.089 0
0.0900551 0
0.0917786 0
0.0945935 0
0.0991911 0
0.106701 0
0.118966 0
0.139 0
