Probe avg_n vs gate bias
76 2 2
gate bias
Probe avg_n
-3 8.68238e+012
-2.8 8.75755e+012
-2.6 8.85338e+012
-2.4 8.97593e+012
-2.2 9.13327e+012
-2 9.33629e+012
-1.8 9.59992e+012
-1.6 9.94502e+012
-1.4 1.04015e+013
-1.2 1.10137e+013
-1 1.18507e+013
-0.95 1.21069e+013
-0.9 1.23863e+013
-0.85 1.26915e+013
-0.8 1.30258e+013
-0.75 1.33928e+013
-0.7 1.3797e+013
-0.65 1.42434e+013
-0.6 1.47379e+013
-0.55 1.52878e+013
-0.5 1.59015e+013
-0.45 1.6589e+013
-0.4 1.73626e+013
-0.35 1.82366e+013
-0.3 1.92285e+013
-0.25 2.03592e+013
-0.2 2.16544e+013
-0.15 2.31514e+013
-0.1 2.49358e+013
-0.05 2.7369e+013
-4.24783e-016 3.24635e+013
0.05 5.19627e+013
0.1 1.51322e+014
0.15 6.36743e+014
0.2 2.47282e+015
0.25 7.36145e+015
0.3 1.70051e+016
0.35 3.26355e+016
0.4 5.51753e+016
0.45 8.54938e+016
0.5 1.2457e+017
0.55 1.73585e+017
0.6 2.33977e+017
0.65 3.07471e+017
0.7 3.96085e+017
0.75 5.02095e+017
0.8 6.27972e+017
0.85 7.76292e+017
0.9 9.49661e+017
0.95 1.15065e+018
1 1.38164e+018
1.05 1.64464e+018
1.1 1.94109e+018
1.15 2.27187e+018
1.2 2.63734e+018
1.25 3.03743e+018
1.3 3.47177e+018
1.35 3.9398e+018
1.4 4.44087e+018
1.45 4.97428e+018
1.5 5.53936e+018
1.6 6.76166e+018
1.7 8.10157e+018
1.8 9.55125e+018
1.9 1.11007e+019
2 1.27382e+019
2.1 1.44516e+019
2.2 1.62289e+019
2.3 1.80595e+019
2.4 1.9934e+019
2.5 2.18446e+019
2.6 2.3785e+019
2.7 2.57498e+019
2.8 2.77348e+019
2.9 2.97366e+019
3 3.17521e+019
