Conduction Band Energy vs Depth
87 2 2
Depth
Conduction Band Energy
0 2.74211
0.0200101 2.74211
0.0343543 2.74211
0.0446368 2.74211
0.0520079 2.74211
0.0572917 2.74211
0.0610795 2.74211
0.0637947 2.74211
0.0657411 2.74211
0.0671363 2.74211
0.0681365 2.74211
0.0688535 2.74211
0.0693675 2.74211
0.0697359 2.74211
0.07 -0.404583
0.07 -0.404583
0.0702481 -0.406873
0.0704686 -0.41282
0.0706647 -0.421334
0.0708389 -0.43161
0.0709938 -0.443043
0.0711315 -0.455166
0.0712539 -0.467615
0.0713627 -0.480111
0.0714594 -0.492435
0.0715453 -0.504421
0.0716217 -0.515947
0.0716896 -0.526925
0.07175 -0.537295
0.07175 -0.537295
0.0718125 -0.54869
0.071875 -0.560793
0.0719375 -0.573644
0.072 -0.587287
0.072 -0.587287
0.0720595 2.54764
0.0721253 2.53463
0.0721982 2.52021
0.0722789 2.50425
0.0723683 2.48659
0.0724672 2.46702
0.0725767 2.44537
0.072698 2.42139
0.0728323 2.39485
0.0729809 2.36546
0.0731455 2.33292
0.0733277 2.29689
0.0735294 2.25701
0.0737527 2.21285
0.074 3.06396
0.074 3.06396
0.0742427 3.04189
0.0744984 3.01864
0.0747678 2.99414
0.0750516 2.96834
0.0753506 2.94115
0.0756656 2.9125
0.0759976 2.88232
0.0763473 2.85052
0.0767157 2.81702
0.0771039 2.78172
0.0775128 2.74453
0.0779437 2.70535
0.0783977 2.66407
0.0788759 2.62058
0.0793798 2.57477
0.0799107 2.52649
0.0804701 2.47563
0.0810594 2.42204
0.0816802 2.36559
0.0823344 2.30611
0.0830235 2.24344
0.0837496 2.17742
0.0845146 2.10786
0.0853206 2.03457
0.0861697 1.95736
0.0870644 1.87601
0.0880069 1.7903
0.089 1.7
0.089 0
0.0900551 0
0.0917786 0
0.0945935 0
0.0991911 0
0.106701 0
0.118966 0
0.139 0
