Conduction Band Energy vs Depth
87 2 2
Depth
Conduction Band Energy
0 3.11001
0.0200101 3.11001
0.0343543 3.11001
0.0446368 3.11001
0.0520079 3.11001
0.0572917 3.11001
0.0610795 3.11001
0.0637947 3.11001
0.0657411 3.11001
0.0671363 3.11001
0.0681365 3.11001
0.0688535 3.11001
0.0693675 3.11001
0.0697359 3.11001
0.07 -0.0366793
0.07 -0.0366793
0.0702481 -0.0370713
0.0704686 -0.0380826
0.0706647 -0.0395157
0.0708389 -0.0412232
0.0709938 -0.0430948
0.0711315 -0.045048
0.0712539 -0.0470212
0.0713627 -0.0489692
0.0714594 -0.0508597
0.0715453 -0.0526698
0.0716217 -0.0543845
0.0716896 -0.0559948
0.07175 -0.0574961
0.07175 -0.0574961
0.0718125 -0.0591404
0.071875 -0.0608782
0.0719375 -0.0627118
0.072 -0.0646434
0.072 -0.0646434
0.0720595 3.08217
0.0721253 3.0823
0.0721982 3.08245
0.0722789 3.08261
0.0723683 3.08279
0.0724672 3.08299
0.0725767 3.08321
0.072698 3.08345
0.0728323 3.08373
0.0729809 3.08403
0.0731455 3.08436
0.0733277 3.08473
0.0735294 3.08513
0.0737527 3.08558
0.074 3.98608
0.074 3.98608
0.0742427 3.98631
0.0744984 3.98654
0.0747678 3.98679
0.0750516 3.98706
0.0753506 3.98734
0.0756656 3.98763
0.0759976 3.98794
0.0763473 3.98826
0.0767157 3.9886
0.0771039 3.98896
0.0775128 3.98934
0.0779437 3.98974
0.0783977 3.99016
0.0788759 3.99061
0.0793798 3.99107
0.0799107 3.99157
0.0804701 3.99209
0.0810594 3.99263
0.0816802 3.99321
0.0823344 3.99382
0.0830235 3.99445
0.0837496 3.99513
0.0845146 3.99584
0.0853206 3.99659
0.0861697 3.99737
0.0870644 3.9982
0.0880069 3.99908
0.089 4
0.089 0
0.0900551 0
0.0917786 0
0.0945935 0
0.0991911 0
0.106701 0
0.118966 0
0.139 0
