Probe chan_n vs gate bias
76 2 2
gate bias
Probe chan_n
-3 5.75987e-038
-2.8 7.31969e-035
-2.6 1.67548e-031
-2.4 3.8369e-028
-2.2 8.43411e-025
-2 1.65643e-021
-1.8 3.78493e-018
-1.6 8.66822e-015
-1.4 1.88351e-011
-1.2 2.76555e-008
-1 6.33271e-005
-0.95 0.000438071
-0.9 0.00303039
-0.85 0.0209629
-0.8 0.145013
-0.75 1.00313
-0.7 6.93921
-0.65 48.002
-0.6 332.047
-0.55 2296.76
-0.5 15884.2
-0.45 109818
-0.4 758809
-0.35 5.239e+006
-0.3 3.61392e+007
-0.25 2.49031e+008
-0.2 1.71214e+009
-0.15 1.16944e+010
-0.1 7.86492e+010
-0.05 5.15035e+011
-4.24783e-016 3.26176e+012
0.05 1.99517e+013
0.1 1.1622e+014
0.15 6.03941e+014
0.2 2.48696e+015
0.25 7.5665e+015
0.3 1.76362e+016
0.35 3.39413e+016
0.4 5.73463e+016
0.45 8.86084e+016
0.5 1.28543e+017
0.55 1.78121e+017
0.6 2.3852e+017
0.65 3.11162e+017
0.7 3.97729e+017
0.75 5.00156e+017
0.8 6.20597e+017
0.85 7.61377e+017
0.9 9.24943e+017
0.95 1.11382e+018
1 1.33048e+018
1.05 1.5772e+018
1.1 1.85583e+018
1.15 2.16774e+018
1.2 2.51377e+018
1.25 2.89429e+018
1.3 3.30922e+018
1.35 3.75813e+018
1.4 4.24031e+018
1.45 4.75488e+018
1.5 5.30083e+018
1.6 6.48237e+018
1.7 7.77545e+018
1.8 9.16975e+018
1.9 1.06542e+019
2 1.22172e+019
2.1 1.38477e+019
2.2 1.55349e+019
2.3 1.72696e+019
2.4 1.90435e+019
2.5 2.08496e+019
2.6 2.26821e+019
2.7 2.45364e+019
2.8 2.64083e+019
2.9 2.82947e+019
3 3.01928e+019
