drain current vs gate bias
76 2 2
gate bias
drain current
-3 8.22077e-020
-2.8 -2.22055e-020
-2.6 2.28197e-019
-2.4 2.67411e-019
-2.2 -7.15774e-019
-2 -7.0349e-019
-1.8 1.21044e-018
-1.6 1.18587e-018
-1.4 8.39085e-019
-1.2 -4.01589e-019
-1 8.39085e-019
-0.95 5.0364e-019
-0.9 -1.26524e-018
-0.85 -4.5167e-019
-0.8 -1.68006e-018
-0.75 2.0807e-018
-0.7 1.64982e-018
-0.65 -5.91517e-019
-0.6 -1.64604e-018
-0.55 8.61763e-019
-0.5 -7.18117e-020
-0.45 -2.31503e-018
-0.4 7.25784e-019
-0.35 6.33699e-019
-0.3 3.80208e-019
-0.25 2.32998e-018
-0.2 2.18919e-018
-0.15 1.18504e-017
-0.1 8.49137e-017
-0.05 5.80302e-016
-4.24783e-016 3.75458e-015
0.05 2.33802e-014
0.1 1.39547e-013
0.15 7.63961e-013
0.2 3.51028e-012
0.25 1.26119e-011
0.3 3.55952e-011
0.35 8.28231e-011
0.4 1.66993e-010
0.45 3.03095e-010
0.5 5.08738e-010
0.55 8.04691e-010
0.6 1.21555e-009
0.65 1.77046e-009
0.7 2.50373e-009
0.75 3.45532e-009
0.8 4.67088e-009
0.85 6.20125e-009
0.9 8.10094e-009
0.95 1.04258e-008
1 1.3231e-008
1.05 1.65692e-008
1.1 2.04903e-008
1.15 2.50401e-008
1.2 3.02586e-008
1.25 3.61793e-008
1.3 4.28276e-008
1.35 5.02205e-008
1.4 5.83653e-008
1.45 6.72597e-008
1.5 7.68916e-008
1.6 9.82753e-008
1.7 1.22259e-007
1.8 1.48506e-007
1.9 1.76655e-007
2 2.06364e-007
2.1 2.37332e-007
2.2 2.69309e-007
2.3 3.02094e-007
2.4 3.35531e-007
2.5 3.69497e-007
2.6 4.03897e-007
2.7 4.38655e-007
2.8 4.73715e-007
2.9 5.09029e-007
3 5.44561e-007
