source current vs gate bias
76 2 2
gate bias
source current
-3 -4.15763e-019
-2.8 -1.40792e-019
-2.6 1.61581e-019
-2.4 2.32449e-019
-2.2 3.19382e-019
-2 9.47751e-019
-1.8 8.06013e-019
-1.6 3.21933e-018
-1.4 1.07248e-017
-1.2 3.21271e-019
-1 6.23644e-020
-0.95 9.43026e-019
-0.9 -2.89144e-019
-0.85 4.34661e-019
-0.8 -5.10255e-019
-0.75 9.63814e-019
-0.7 3.02373e-020
-0.65 -9.50585e-019
-0.6 9.97831e-019
-0.55 2.74025e-019
-0.5 7.78609e-019
-0.45 -4.27113e-019
-0.4 1.16406e-018
-0.35 1.50757e-018
-0.3 2.56288e-018
-0.25 -3.67871e-019
-0.2 -9.03616e-019
-0.15 -1.18827e-017
-0.1 -8.70332e-017
-0.05 -5.85949e-016
-4.24783e-016 -3.75537e-015
0.05 -2.33833e-014
0.1 -1.39547e-013
0.15 -7.63962e-013
0.2 -3.51028e-012
0.25 -1.26119e-011
0.3 -3.55952e-011
0.35 -8.28231e-011
0.4 -1.66993e-010
0.45 -3.03095e-010
0.5 -5.08738e-010
0.55 -8.04691e-010
0.6 -1.21555e-009
0.65 -1.77046e-009
0.7 -2.50373e-009
0.75 -3.45532e-009
0.8 -4.67088e-009
0.85 -6.20125e-009
0.9 -8.10094e-009
0.95 -1.04258e-008
1 -1.3231e-008
1.05 -1.65692e-008
1.1 -2.04903e-008
1.15 -2.50401e-008
1.2 -3.02586e-008
1.25 -3.61793e-008
1.3 -4.28276e-008
1.35 -5.02205e-008
1.4 -5.83653e-008
1.45 -6.72597e-008
1.5 -7.68916e-008
1.6 -9.82753e-008
1.7 -1.22259e-007
1.8 -1.48506e-007
1.9 -1.76655e-007
2 -2.06364e-007
2.1 -2.37332e-007
2.2 -2.69309e-007
2.3 -3.02094e-007
2.4 -3.35531e-007
2.5 -3.69497e-007
2.6 -4.03897e-007
2.7 -4.38655e-007
2.8 -4.73715e-007
2.9 -5.09029e-007
3 -5.44561e-007
