Valence Band Energy vs Depth
87 2 2
Depth
Valence Band Energy
0 -5.51406
0.0200101 -5.51406
0.0343543 -5.51406
0.0446368 -5.51406
0.0520079 -5.51406
0.0572917 -5.51406
0.0610795 -5.51406
0.0637947 -5.51406
0.0657411 -5.51406
0.0671363 -5.51406
0.0681365 -5.51406
0.0688535 -5.51406
0.0693675 -5.51406
0.0697359 -5.51406
0.07 -3.06406
0.07 -3.06406
0.0702481 -3.06404
0.0704686 -3.06401
0.0706647 -3.06396
0.0708389 -3.0639
0.0709938 -3.06384
0.0711315 -3.06377
0.0712539 -3.06371
0.0713627 -3.06365
0.0714594 -3.06359
0.0715453 -3.06353
0.0716217 -3.06348
0.0716896 -3.06343
0.07175 -3.06338
0.07175 -3.06338
0.0718125 -3.06334
0.071875 -3.0633
0.0719375 -3.06327
0.072 -3.06324
0.072 -3.06324
0.0720595 -5.51115
0.0721253 -5.50883
0.0721982 -5.50626
0.0722789 -5.50342
0.0723683 -5.50027
0.0724672 -5.49679
0.0725767 -5.49294
0.072698 -5.48867
0.0728323 -5.48394
0.0729809 -5.47871
0.0731455 -5.47292
0.0733277 -5.4665
0.0735294 -5.4594
0.0737527 -5.45154
0.074 -1.24283
0.074 -1.24283
0.0742427 -1.23891
0.0744984 -1.23477
0.0747678 -1.23041
0.0750516 -1.22581
0.0753506 -1.22097
0.0756656 -1.21587
0.0759976 -1.2105
0.0763473 -1.20484
0.0767157 -1.19887
0.0771039 -1.19259
0.0775128 -1.18597
0.0779437 -1.17899
0.0783977 -1.17164
0.0788759 -1.1639
0.0793798 -1.15574
0.0799107 -1.14715
0.0804701 -1.13809
0.0810594 -1.12855
0.0816802 -1.1185
0.0823344 -1.10791
0.0830235 -1.09675
0.0837496 -1.085
0.0845146 -1.07261
0.0853206 -1.05957
0.0861697 -1.04582
0.0870644 -1.03134
0.0880069 -1.01608
0.089 -1
0.089 0
0.0900551 0
0.0917786 0
0.0945935 0
0.0991911 0
0.106701 0
0.118966 0
0.139 0
