Valence Band Energy vs Depth
87 2 2
Depth
Valence Band Energy
0 -6.25789
0.0200101 -6.25789
0.0343543 -6.25789
0.0446368 -6.25789
0.0520079 -6.25789
0.0572917 -6.25789
0.0610795 -6.25789
0.0637947 -6.25789
0.0657411 -6.25789
0.0671363 -6.25789
0.0681365 -6.25789
0.0688535 -6.25789
0.0693675 -6.25789
0.0697359 -6.25789
0.07 -3.80789
0.07 -3.80789
0.0702481 -3.81018
0.0704686 -3.81613
0.0706647 -3.82464
0.0708389 -3.83492
0.0709938 -3.84635
0.0711315 -3.85848
0.0712539 -3.87093
0.0713627 -3.88342
0.0714594 -3.89574
0.0715453 -3.90773
0.0716217 -3.91926
0.0716896 -3.93023
0.07175 -3.94061
0.07175 -3.94061
0.0718125 -3.952
0.071875 -3.9641
0.0719375 -3.97695
0.072 -3.9906
0.072 -3.9906
0.0720595 -6.45236
0.0721253 -6.46537
0.0721982 -6.47979
0.0722789 -6.49575
0.0723683 -6.51341
0.0724672 -6.53298
0.0725767 -6.55463
0.072698 -6.57861
0.0728323 -6.60515
0.0729809 -6.63454
0.0731455 -6.66708
0.0733277 -6.70311
0.0735294 -6.74299
0.0737527 -6.78715
0.074 -2.63604
0.074 -2.63604
0.0742427 -2.65811
0.0744984 -2.68136
0.0747678 -2.70586
0.0750516 -2.73166
0.0753506 -2.75885
0.0756656 -2.7875
0.0759976 -2.81768
0.0763473 -2.84948
0.0767157 -2.88298
0.0771039 -2.91828
0.0775128 -2.95547
0.0779437 -2.99465
0.0783977 -3.03593
0.0788759 -3.07942
0.0793798 -3.12523
0.0799107 -3.17351
0.0804701 -3.22437
0.0810594 -3.27796
0.0816802 -3.33441
0.0823344 -3.39389
0.0830235 -3.45656
0.0837496 -3.52258
0.0845146 -3.59214
0.0853206 -3.66543
0.0861697 -3.74264
0.0870644 -3.82399
0.0880069 -3.9097
0.089 -4
0.089 0
0.0900551 0
0.0917786 0
0.0945935 0
0.0991911 0
0.106701 0
0.118966 0
0.139 0
