Valence Band Energy vs Depth
87 2 2
Depth
Valence Band Energy
0 -5.88999
0.0200101 -5.88999
0.0343543 -5.88999
0.0446368 -5.88999
0.0520079 -5.88999
0.0572917 -5.88999
0.0610795 -5.88999
0.0637947 -5.88999
0.0657411 -5.88999
0.0671363 -5.88999
0.0681365 -5.88999
0.0688535 -5.88999
0.0693675 -5.88999
0.0697359 -5.88999
0.07 -3.43999
0.07 -3.43999
0.0702481 -3.44038
0.0704686 -3.44139
0.0706647 -3.44283
0.0708389 -3.44453
0.0709938 -3.4464
0.0711315 -3.44836
0.0712539 -3.45033
0.0713627 -3.45228
0.0714594 -3.45417
0.0715453 -3.45598
0.0716217 -3.45769
0.0716896 -3.4593
0.07175 -3.46081
0.07175 -3.46081
0.0718125 -3.46245
0.071875 -3.46419
0.0719375 -3.46602
0.072 -3.46795
0.072 -3.46795
0.0720595 -5.91783
0.0721253 -5.9177
0.0721982 -5.91755
0.0722789 -5.91739
0.0723683 -5.91721
0.0724672 -5.91701
0.0725767 -5.91679
0.072698 -5.91655
0.0728323 -5.91627
0.0729809 -5.91597
0.0731455 -5.91564
0.0733277 -5.91527
0.0735294 -5.91487
0.0737527 -5.91442
0.074 -1.71392
0.074 -1.71392
0.0742427 -1.71369
0.0744984 -1.71346
0.0747678 -1.71321
0.0750516 -1.71294
0.0753506 -1.71266
0.0756656 -1.71237
0.0759976 -1.71206
0.0763473 -1.71174
0.0767157 -1.7114
0.0771039 -1.71104
0.0775128 -1.71066
0.0779437 -1.71026
0.0783977 -1.70984
0.0788759 -1.70939
0.0793798 -1.70893
0.0799107 -1.70843
0.0804701 -1.70791
0.0810594 -1.70737
0.0816802 -1.70679
0.0823344 -1.70618
0.0830235 -1.70555
0.0837496 -1.70487
0.0845146 -1.70416
0.0853206 -1.70341
0.0861697 -1.70263
0.0870644 -1.7018
0.0880069 -1.70092
0.089 -1.7
0.089 0
0.0900551 0
0.0917786 0
0.0945935 0
0.0991911 0
0.106701 0
0.118966 0
0.139 0
