Probe avg_n vs gate bias
76 2 2
gate bias
Probe avg_n
-3 7.76185e+012
-2.8 7.76322e+012
-2.6 7.7656e+012
-2.4 7.76973e+012
-2.2 7.77691e+012
-2 7.78935e+012
-1.8 7.811e+012
-1.6 7.84872e+012
-1.4 7.91472e+012
-1.2 8.03103e+012
-1 8.2382e+012
-0.95 8.31195e+012
-0.9 8.39749e+012
-0.85 8.49675e+012
-0.8 8.61201e+012
-0.75 8.74588e+012
-0.7 8.90147e+012
-0.65 9.08246e+012
-0.6 9.29331e+012
-0.55 9.53951e+012
-0.5 9.82781e+012
-0.45 1.01667e+013
-0.4 1.05674e+013
-0.35 1.10497e+013
-0.3 1.16698e+013
-0.25 1.2653e+013
-0.2 1.49518e+013
-0.15 2.25264e+013
-0.1 5.16198e+013
-0.05 1.65842e+014
-4.24783e-016 5.74802e+014
0.05 1.75463e+015
0.1 4.35627e+015
0.15 8.94633e+015
0.2 1.5937e+016
0.25 2.56777e+016
0.3 3.85464e+016
0.35 5.50024e+016
0.4 7.56144e+016
0.45 1.01067e+017
0.5 1.32143e+017
0.55 1.69674e+017
0.6 2.14471e+017
0.65 2.67237e+017
0.7 3.28512e+017
0.75 3.98653e+017
0.8 4.77857e+017
0.85 5.66169e+017
0.9 6.63502e+017
0.95 7.69665e+017
1 8.84417e+017
1.05 1.00751e+018
1.1 1.13872e+018
1.15 1.2779e+018
1.2 1.42491e+018
1.25 1.57971e+018
1.3 1.74225e+018
1.35 1.91246e+018
1.4 2.09025e+018
1.45 2.27545e+018
1.5 2.46784e+018
1.6 2.87297e+018
1.7 3.30288e+018
1.8 3.75454e+018
1.9 4.22506e+018
2 4.71183e+018
2.1 5.21257e+018
2.2 5.72537e+018
2.3 6.24858e+018
2.4 6.78084e+018
2.5 7.32099e+018
2.6 7.86804e+018
2.7 8.42116e+018
2.8 8.97964e+018
2.9 9.54288e+018
3 1.01104e+019
