Conduction Band Energy vs Depth
92 2 2
Depth
Conduction Band Energy
0 3.5271
0.0199902 3.5271
0.0344313 3.5271
0.0448638 3.5271
0.0524003 3.5271
0.0578448 3.5271
0.061778 3.5271
0.0646194 3.5271
0.066672 3.5271
0.0681549 3.5271
0.0692261 3.5271
0.07 0.199505
0.07 0.199505
0.0707848 0.199573
0.0714745 0.199747
0.0720807 0.199987
0.0726135 0.200267
0.0730818 0.200566
0.0734934 0.20087
0.0738552 0.20117
0.0741731 0.201458
0.0744526 0.201731
0.0746982 0.201986
0.0749141 0.202222
0.0751038 0.202439
0.0752706 0.202636
0.0754172 0.202815
0.075546 0.202977
0.0756592 0.203122
0.0757587 0.203253
0.0758462 0.203369
0.0759231 0.203473
0.0759906 0.203566
0.07605 0.203648
0.07605 0.203648
0.0761125 0.203656
0.076175 0.203584
0.0762375 0.203431
0.0763 0.203197
0.0763 0.203197
0.0763595 3.5326
0.0764253 3.53459
0.0764982 3.53679
0.0765789 3.53924
0.0766683 3.54194
0.0767672 3.54493
0.0768767 3.54825
0.076998 3.55191
0.0771323 3.55598
0.0772809 3.56047
0.0774455 3.56545
0.0776277 3.57096
0.0778294 3.57707
0.0780527 3.58382
0.0783 4.4913
0.0783 4.4913
0.0785427 4.49468
0.0787984 4.49824
0.0790678 4.50199
0.0793516 4.50593
0.0796506 4.51009
0.0799656 4.51448
0.0802976 4.5191
0.0806473 4.52396
0.0810157 4.52909
0.0814039 4.53449
0.0818128 4.54018
0.0822437 4.54617
0.0826977 4.55249
0.0831759 4.55914
0.0836798 4.56615
0.0842107 4.57354
0.0847701 4.58132
0.0853594 4.58952
0.0859802 4.59816
0.0866344 4.60726
0.0873235 4.61685
0.0880496 4.62695
0.0888146 4.63759
0.0896206 4.64881
0.0904697 4.66062
0.0913644 4.67307
0.0923069 4.68618
0.0933 4.7
0.0933 0
0.0943551 0
0.0960786 0
0.0988935 0
0.103491 0
0.111001 0
0.123266 0
0.1433 0
