Conduction Band Energy vs Depth
92 2 2
Depth
Conduction Band Energy
0 3.0479
0.0199902 3.0479
0.0344313 3.0479
0.0448638 3.0479
0.0524003 3.0479
0.0578448 3.0479
0.061778 3.0479
0.0646194 3.0479
0.066672 3.0479
0.0681549 3.0479
0.0692261 3.0479
0.07 -0.279702
0.07 -0.279702
0.0707848 -0.282345
0.0714745 -0.289241
0.0720807 -0.299276
0.0726135 -0.311701
0.0730818 -0.325974
0.0734934 -0.341669
0.0738552 -0.358436
0.0741731 -0.375978
0.0744526 -0.39403
0.0746982 -0.412351
0.0749141 -0.430717
0.0751038 -0.448916
0.0752706 -0.466758
0.0754172 -0.484075
0.075546 -0.500723
0.0756592 -0.516587
0.0757587 -0.531581
0.0758462 -0.545648
0.0759231 -0.558753
0.0759906 -0.570886
0.07605 -0.582057
0.07605 -0.582057
0.0761125 -0.594448
0.076175 -0.607524
0.0762375 -0.621322
0.0763 -0.635882
0.0763 -0.635882
0.0763595 2.67907
0.0764253 2.66508
0.0764982 2.64958
0.0765789 2.63242
0.0766683 2.61342
0.0767672 2.59239
0.0768767 2.56911
0.076998 2.54333
0.0771323 2.51478
0.0772809 2.48318
0.0774455 2.4482
0.0776277 2.40946
0.0778294 2.36658
0.0780527 2.3191
0.0783 3.16653
0.0783 3.16653
0.0785427 3.1428
0.0787984 3.11781
0.0790678 3.09147
0.0793516 3.06372
0.0796506 3.03449
0.0799656 3.00368
0.0802976 2.97123
0.0806473 2.93704
0.0810157 2.90102
0.0814039 2.86307
0.0818128 2.82309
0.0822437 2.78096
0.0826977 2.73658
0.0831759 2.68982
0.0836798 2.64055
0.0842107 2.58865
0.0847701 2.53396
0.0853594 2.47635
0.0859802 2.41564
0.0866344 2.35169
0.0873235 2.28431
0.0880496 2.21332
0.0888146 2.13853
0.0896206 2.05973
0.0904697 1.97671
0.0913644 1.88924
0.0923069 1.79709
0.0933 1.7
0.0933 0
0.0943551 0
0.0960786 0
0.0988935 0
0.103491 0
0.111001 0
0.123266 0
0.1433 0
