Conduction Band Energy vs Depth
92 2 2
Depth
Conduction Band Energy
0 3.3013
0.0199902 3.3013
0.0344313 3.3013
0.0448638 3.30131
0.0524003 3.30131
0.0578448 3.30131
0.061778 3.30131
0.0646194 3.30131
0.066672 3.30131
0.0681549 3.30131
0.0692261 3.30131
0.07 -0.0262933
0.07 -0.0262933
0.0707848 -0.0272057
0.0714745 -0.0295482
0.0720807 -0.032867
0.0726135 -0.0368373
0.0730818 -0.0412195
0.0734934 -0.0458332
0.0738552 -0.05054
0.0741731 -0.0552342
0.0744526 -0.0598347
0.0746982 -0.0642809
0.0749141 -0.0685282
0.0751038 -0.0725456
0.0752706 -0.0763133
0.0754172 -0.0798205
0.075546 -0.083064
0.0756592 -0.0860461
0.0757587 -0.0887739
0.0758462 -0.0912576
0.0759231 -0.09351
0.0759906 -0.0955452
0.07605 -0.0973782
0.07605 -0.0973782
0.0761125 -0.0994478
0.076175 -0.101663
0.0762375 -0.104025
0.0763 -0.106537
0.0763 -0.106537
0.0763595 3.22059
0.0764253 3.22006
0.0764982 3.21948
0.0765789 3.21884
0.0766683 3.21812
0.0767672 3.21733
0.0768767 3.21646
0.076998 3.21549
0.0771323 3.21442
0.0772809 3.21323
0.0774455 3.21192
0.0776277 3.21046
0.0778294 3.20885
0.0780527 3.20707
0.0783 4.10509
0.0783 4.10509
0.0785427 4.1042
0.0787984 4.10326
0.0790678 4.10227
0.0793516 4.10123
0.0796506 4.10013
0.0799656 4.09897
0.0802976 4.09775
0.0806473 4.09647
0.0810157 4.09512
0.0814039 4.09369
0.0818128 4.09219
0.0822437 4.09061
0.0826977 4.08894
0.0831759 4.08718
0.0836798 4.08533
0.0842107 4.08338
0.0847701 4.08133
0.0853594 4.07916
0.0859802 4.07688
0.0866344 4.07448
0.0873235 4.07195
0.0880496 4.06928
0.0888146 4.06647
0.0896206 4.06351
0.0904697 4.06039
0.0913644 4.05711
0.0923069 4.05365
0.0933 4.05
0.0933 0
0.0943551 0
0.0960786 0
0.0988935 0
0.103491 0
0.111001 0
0.123266 0
0.1433 0
