Probe chan_n vs gate bias
76 2 2
gate bias
Probe chan_n
-3 1.76367e-033
-2.8 1.76035e-031
-2.6 3.91637e-028
-2.4 8.96859e-025
-2.2 2.05138e-021
-2 4.06461e-018
-1.8 9.08888e-015
-1.6 2.08096e-011
-1.4 3.43343e-008
-1.2 6.46341e-005
-1 0.148004
-0.95 1.0238
-0.9 7.08197
-0.85 48.9882
-0.8 338.838
-0.75 2343.03
-0.7 16190.7
-0.65 111720
-0.6 769026
-0.55 5.27654e+006
-0.5 3.60802e+007
-0.45 2.45732e+008
-0.4 1.65809e+009
-0.35 1.08785e+010
-0.3 6.69269e+010
-0.25 3.72222e+011
-0.2 1.85503e+012
-0.15 8.47414e+012
-0.1 3.66276e+013
-0.05 1.51153e+014
-4.24783e-016 5.68905e+014
0.05 1.78754e+015
0.1 4.46641e+015
0.15 9.09113e+015
0.2 1.58608e+016
0.25 2.47862e+016
0.3 3.57961e+016
0.35 4.88003e+016
0.4 6.37213e+016
0.45 8.05052e+016
0.5 9.91191e+016
0.55 1.19539e+017
0.6 1.41734e+017
0.65 1.65655e+017
0.7 1.91237e+017
0.75 2.18407e+017
0.8 2.47094e+017
0.85 2.77239e+017
0.9 3.08789e+017
0.95 3.417e+017
1 3.75942e+017
1.05 4.11502e+017
1.1 4.48385e+017
1.15 4.86613e+017
1.2 5.26223e+017
1.25 5.67263e+017
1.3 6.09788e+017
1.35 6.53853e+017
1.4 6.99504e+017
1.45 7.46778e+017
1.5 7.95696e+017
1.6 8.98489e+017
1.7 1.00781e+018
1.8 1.12343e+018
1.9 1.24507e+018
2 1.37237e+018
2.1 1.50501e+018
2.2 1.64262e+018
2.3 1.78486e+018
2.4 1.9314e+018
2.5 2.08194e+018
2.6 2.23616e+018
2.7 2.39378e+018
2.8 2.55454e+018
2.9 2.71818e+018
3 2.88445e+018
