source current vs gate bias
76 2 2
gate bias
source current
-3 -1.13295e-020
-2.8 -1.41189e-020
-2.6 1.44726e-020
-2.4 2.75305e-021
-2.2 -2.38551e-021
-2 8.39646e-020
-1.8 1.97249e-019
-1.6 8.65886e-019
-1.4 7.2452e-018
-1.2 7.11216e-020
-1 -8.87633e-020
-0.95 -1.64212e-020
-0.9 1.25822e-019
-0.85 -5.43676e-020
-0.8 1.54892e-019
-0.75 -2.41892e-020
-0.7 -9.7204e-020
-0.65 -1.58941e-019
-0.6 5.5995e-020
-0.55 3.56853e-020
-0.5 -1.20032e-019
-0.45 -6.21309e-019
-0.4 -4.59015e-018
-0.35 -3.26874e-017
-0.3 -2.04309e-016
-0.25 -1.18936e-015
-0.2 -6.27986e-015
-0.15 -3.02949e-014
-0.1 -1.36652e-013
-0.05 -5.8451e-013
-4.24783e-016 -2.32097e-012
0.05 -8.07132e-012
0.1 -2.34847e-011
0.15 -5.72959e-011
0.2 -1.20851e-010
0.25 -2.2793e-010
0.3 -3.9508e-010
0.35 -6.42287e-010
0.4 -9.93829e-010
0.45 -1.47914e-009
0.5 -2.13345e-009
0.55 -2.99792e-009
0.6 -4.11903e-009
0.65 -5.54707e-009
0.7 -7.33383e-009
0.75 -9.52966e-009
0.8 -1.21807e-008
0.85 -1.53273e-008
0.9 -1.90034e-008
0.95 -2.3237e-008
1 -2.8049e-008
1.05 -3.34537e-008
1.1 -3.94573e-008
1.15 -4.60581e-008
1.2 -5.32459e-008
1.25 -6.1002e-008
1.3 -6.93002e-008
1.35 -7.81085e-008
1.4 -8.73909e-008
1.45 -9.71098e-008
1.5 -1.07228e-007
1.6 -1.2852e-007
1.7 -1.51013e-007
1.8 -1.74498e-007
1.9 -1.9881e-007
2 -2.23817e-007
2.1 -2.49415e-007
2.2 -2.75521e-007
2.3 -3.02068e-007
2.4 -3.29001e-007
2.5 -3.56273e-007
2.6 -3.83847e-007
2.7 -4.11691e-007
2.8 -4.39778e-007
2.9 -4.68084e-007
3 -4.96589e-007
