Valence Band Energy vs Depth
92 2 2
Depth
Valence Band Energy
0 -5.4729
0.0199902 -5.4729
0.0344313 -5.4729
0.0448638 -5.4729
0.0524003 -5.4729
0.0578448 -5.4729
0.061778 -5.4729
0.0646194 -5.4729
0.066672 -5.4729
0.0681549 -5.4729
0.0692261 -5.4729
0.07 -2.9229
0.07 -2.9229
0.0707848 -2.92283
0.0714745 -2.92265
0.0720807 -2.92241
0.0726135 -2.92213
0.0730818 -2.92183
0.0734934 -2.92153
0.0738552 -2.92123
0.0741731 -2.92094
0.0744526 -2.92067
0.0746982 -2.92041
0.0749141 -2.92018
0.0751038 -2.91996
0.0752706 -2.91976
0.0754172 -2.91958
0.075546 -2.91942
0.0756592 -2.91928
0.0757587 -2.91915
0.0758462 -2.91903
0.0759231 -2.91893
0.0759906 -2.91883
0.07605 -2.91875
0.07605 -2.91875
0.0761125 -2.91874
0.076175 -2.91882
0.0762375 -2.91897
0.0763 -2.9192
0.0763 -2.9192
0.0763595 -5.4674
0.0764253 -5.46541
0.0764982 -5.46321
0.0765789 -5.46076
0.0766683 -5.45806
0.0767672 -5.45507
0.0768767 -5.45175
0.076998 -5.44809
0.0771323 -5.44402
0.0772809 -5.43953
0.0774455 -5.43455
0.0776277 -5.42904
0.0778294 -5.42293
0.0780527 -5.41618
0.0783 -1.2087
0.0783 -1.2087
0.0785427 -1.20532
0.0787984 -1.20176
0.0790678 -1.19801
0.0793516 -1.19407
0.0796506 -1.18991
0.0799656 -1.18552
0.0802976 -1.1809
0.0806473 -1.17604
0.0810157 -1.17091
0.0814039 -1.16551
0.0818128 -1.15982
0.0822437 -1.15383
0.0826977 -1.14751
0.0831759 -1.14086
0.0836798 -1.13385
0.0842107 -1.12646
0.0847701 -1.11868
0.0853594 -1.11048
0.0859802 -1.10184
0.0866344 -1.09274
0.0873235 -1.08315
0.0880496 -1.07305
0.0888146 -1.06241
0.0896206 -1.05119
0.0904697 -1.03938
0.0913644 -1.02693
0.0923069 -1.01382
0.0933 -1
0.0933 0
0.0943551 0
0.0960786 0
0.0988935 0
0.103491 0
0.111001 0
0.123266 0
0.1433 0
