Valence Band Energy vs Depth
92 2 2
Depth
Valence Band Energy
0 -5.9521
0.0199902 -5.9521
0.0344313 -5.9521
0.0448638 -5.9521
0.0524003 -5.9521
0.0578448 -5.9521
0.061778 -5.9521
0.0646194 -5.9521
0.066672 -5.9521
0.0681549 -5.9521
0.0692261 -5.9521
0.07 -3.4021
0.07 -3.4021
0.0707848 -3.40474
0.0714745 -3.41164
0.0720807 -3.42168
0.0726135 -3.4341
0.0730818 -3.44837
0.0734934 -3.46407
0.0738552 -3.48084
0.0741731 -3.49838
0.0744526 -3.51643
0.0746982 -3.53475
0.0749141 -3.55312
0.0751038 -3.57132
0.0752706 -3.58916
0.0754172 -3.60647
0.075546 -3.62312
0.0756592 -3.63899
0.0757587 -3.65398
0.0758462 -3.66805
0.0759231 -3.68115
0.0759906 -3.69329
0.07605 -3.70446
0.07605 -3.70446
0.0761125 -3.71685
0.076175 -3.72992
0.0762375 -3.74372
0.0763 -3.75828
0.0763 -3.75828
0.0763595 -6.32093
0.0764253 -6.33492
0.0764982 -6.35042
0.0765789 -6.36758
0.0766683 -6.38658
0.0767672 -6.40761
0.0768767 -6.43089
0.076998 -6.45667
0.0771323 -6.48522
0.0772809 -6.51682
0.0774455 -6.5518
0.0776277 -6.59054
0.0778294 -6.63342
0.0780527 -6.6809
0.0783 -2.53347
0.0783 -2.53347
0.0785427 -2.5572
0.0787984 -2.58219
0.0790678 -2.60853
0.0793516 -2.63628
0.0796506 -2.66551
0.0799656 -2.69632
0.0802976 -2.72877
0.0806473 -2.76296
0.0810157 -2.79898
0.0814039 -2.83693
0.0818128 -2.87691
0.0822437 -2.91904
0.0826977 -2.96342
0.0831759 -3.01018
0.0836798 -3.05945
0.0842107 -3.11135
0.0847701 -3.16604
0.0853594 -3.22365
0.0859802 -3.28436
0.0866344 -3.34831
0.0873235 -3.41569
0.0880496 -3.48668
0.0888146 -3.56147
0.0896206 -3.64027
0.0904697 -3.72329
0.0913644 -3.81076
0.0923069 -3.90291
0.0933 -4
0.0933 0
0.0943551 0
0.0960786 0
0.0988935 0
0.103491 0
0.111001 0
0.123266 0
0.1433 0
