Valence Band Energy vs Depth
92 2 2
Depth
Valence Band Energy
0 -5.6987
0.0199902 -5.6987
0.0344313 -5.6987
0.0448638 -5.69869
0.0524003 -5.69869
0.0578448 -5.69869
0.061778 -5.69869
0.0646194 -5.69869
0.066672 -5.69869
0.0681549 -5.69869
0.0692261 -5.69869
0.07 -3.14869
0.07 -3.14869
0.0707848 -3.14961
0.0714745 -3.15195
0.0720807 -3.15527
0.0726135 -3.15924
0.0730818 -3.16362
0.0734934 -3.16823
0.0738552 -3.17294
0.0741731 -3.17763
0.0744526 -3.18223
0.0746982 -3.18668
0.0749141 -3.19093
0.0751038 -3.19495
0.0752706 -3.19871
0.0754172 -3.20222
0.075546 -3.20546
0.0756592 -3.20845
0.0757587 -3.21117
0.0758462 -3.21366
0.0759231 -3.21591
0.0759906 -3.21795
0.07605 -3.21978
0.07605 -3.21978
0.0761125 -3.22185
0.076175 -3.22406
0.0762375 -3.22643
0.0763 -3.22894
0.0763 -3.22894
0.0763595 -5.77941
0.0764253 -5.77994
0.0764982 -5.78052
0.0765789 -5.78116
0.0766683 -5.78188
0.0767672 -5.78267
0.0768767 -5.78354
0.076998 -5.78451
0.0771323 -5.78558
0.0772809 -5.78677
0.0774455 -5.78808
0.0776277 -5.78954
0.0778294 -5.79115
0.0780527 -5.79293
0.0783 -1.59491
0.0783 -1.59491
0.0785427 -1.5958
0.0787984 -1.59674
0.0790678 -1.59773
0.0793516 -1.59877
0.0796506 -1.59987
0.0799656 -1.60103
0.0802976 -1.60225
0.0806473 -1.60353
0.0810157 -1.60488
0.0814039 -1.60631
0.0818128 -1.60781
0.0822437 -1.60939
0.0826977 -1.61106
0.0831759 -1.61282
0.0836798 -1.61467
0.0842107 -1.61662
0.0847701 -1.61867
0.0853594 -1.62084
0.0859802 -1.62312
0.0866344 -1.62552
0.0873235 -1.62805
0.0880496 -1.63072
0.0888146 -1.63353
0.0896206 -1.63649
0.0904697 -1.63961
0.0913644 -1.64289
0.0923069 -1.64635
0.0933 -1.65
0.0933 0
0.0943551 0
0.0960786 0
0.0988935 0
0.103491 0
0.111001 0
0.123266 0
0.1433 0
