Probe avg_n vs gate bias
76 2 2
gate bias
Probe avg_n
-3 1.73094e+013
-2.8 1.74441e+013
-2.6 1.76157e+013
-2.4 1.78346e+013
-2.2 1.81146e+013
-2 1.84744e+013
-1.8 1.89391e+013
-1.6 1.95433e+013
-1.4 2.03356e+013
-1.2 2.13859e+013
-1 2.27998e+013
-0.95 2.32276e+013
-0.9 2.36914e+013
-0.85 2.41952e+013
-0.8 2.47432e+013
-0.75 2.53406e+013
-0.7 2.59933e+013
-0.65 2.67081e+013
-0.6 2.74927e+013
-0.55 2.83563e+013
-0.5 2.93097e+013
-0.45 3.03654e+013
-0.4 3.15381e+013
-0.35 3.28453e+013
-0.3 3.43076e+013
-0.25 3.59492e+013
-0.2 3.77988e+013
-0.15 3.98901e+013
-0.1 4.22641e+013
-0.05 4.4978e+013
-4.24783e-016 4.81584e+013
0.05 5.23254e+013
0.1 6.03402e+013
0.15 8.87377e+013
0.2 2.27633e+014
0.25 8.74749e+014
0.3 3.16138e+015
0.35 8.86175e+015
0.4 1.96015e+016
0.45 3.65319e+016
0.5 6.05474e+016
0.55 9.25259e+016
0.6 1.33476e+017
0.65 1.8462e+017
0.7 2.47443e+017
0.75 3.23724e+017
0.8 4.1553e+017
0.85 5.25181e+017
0.9 6.5518e+017
0.95 8.08122e+017
1 9.8663e+017
1.05 1.19327e+018
1.1 1.43039e+018
1.15 1.69992e+018
1.2 2.0032e+018
1.25 2.341e+018
1.3 2.71359e+018
1.35 3.12082e+018
1.4 3.56227e+018
1.45 4.03734e+018
1.5 4.54534e+018
1.6 5.65732e+018
1.7 6.89253e+018
1.8 8.24465e+018
1.9 9.70562e+018
2 1.12653e+019
2.1 1.29118e+019
2.2 1.4633e+019
2.3 1.6417e+019
2.4 1.82532e+019
2.5 2.01325e+019
2.6 2.20472e+019
2.7 2.3991e+019
2.8 2.59587e+019
2.9 2.79462e+019
3 2.99501e+019
