Conduction Band Energy vs Depth
87 2 2
Depth
Conduction Band Energy
0 3.47245
0.0200101 3.47245
0.0343543 3.47245
0.0446368 3.47245
0.0520079 3.47245
0.0572917 3.47245
0.0610795 3.47245
0.0637947 3.47245
0.0657411 3.47245
0.0671363 3.47245
0.0681365 3.47245
0.0688535 3.47245
0.0693675 3.47245
0.0697359 3.47245
0.07 0.425763
0.07 0.425763
0.0702481 0.425792
0.0704686 0.425867
0.0706647 0.425972
0.0708389 0.426096
0.0709938 0.426231
0.0711315 0.426369
0.0712539 0.426507
0.0713627 0.426642
0.0714594 0.426771
0.0715453 0.426893
0.0716217 0.427008
0.0716896 0.427114
0.07175 0.427213
0.07175 0.427213
0.0718125 0.427316
0.071875 0.427422
0.0719375 0.427529
0.072 0.427638
0.072 0.427638
0.0720595 3.4765
0.0721253 3.47891
0.0721982 3.48158
0.0722789 3.48454
0.0723683 3.48781
0.0724672 3.49143
0.0725767 3.49544
0.072698 3.49987
0.0728323 3.50479
0.0729809 3.51023
0.0731455 3.51625
0.0733277 3.52292
0.0735294 3.5303
0.0737527 3.53848
0.074 4.44753
0.074 4.44753
0.0742427 4.45161
0.0744984 4.45591
0.0747678 4.46045
0.0750516 4.46523
0.0753506 4.47026
0.0756656 4.47556
0.0759976 4.48115
0.0763473 4.48703
0.0767157 4.49324
0.0771039 4.49977
0.0775128 4.50665
0.0779437 4.51391
0.0783977 4.52155
0.0788759 4.5296
0.0793798 4.53808
0.0799107 4.54701
0.0804701 4.55643
0.0810594 4.56635
0.0816802 4.5768
0.0823344 4.58781
0.0830235 4.59941
0.0837496 4.61163
0.0845146 4.6245
0.0853206 4.63807
0.0861697 4.65236
0.0870644 4.66742
0.0880069 4.68329
0.089 4.7
0.089 0
0.0900551 0
0.0917786 0
0.0945935 0
0.0991911 0
0.106701 0
0.118966 0
0.139 0
