Conduction Band Energy vs Depth
87 2 2
Depth
Conduction Band Energy
0 2.64827
0.0200101 2.64827
0.0343543 2.64827
0.0446368 2.64827
0.0520079 2.64827
0.0572917 2.64827
0.0610795 2.64827
0.0637947 2.64827
0.0657411 2.64827
0.0671363 2.64827
0.0681365 2.64827
0.0688535 2.64827
0.0693675 2.64827
0.0697359 2.64827
0.07 -0.398418
0.07 -0.398418
0.0702481 -0.400628
0.0704686 -0.406363
0.0706647 -0.414571
0.0708389 -0.424474
0.0709938 -0.435487
0.0711315 -0.447158
0.0712539 -0.459139
0.0713627 -0.471157
0.0714594 -0.483005
0.0715453 -0.494522
0.0716217 -0.505592
0.0716896 -0.516131
0.07175 -0.526083
0.07175 -0.526083
0.0718125 -0.537015
0.071875 -0.548622
0.0719375 -0.560942
0.072 -0.574016
0.072 -0.574016
0.0720595 2.46149
0.0721253 2.44912
0.0721982 2.43541
0.0722789 2.42024
0.0723683 2.40345
0.0724672 2.38485
0.0725767 2.36426
0.072698 2.34147
0.0728323 2.31623
0.0729809 2.28829
0.0731455 2.25735
0.0733277 2.2231
0.0735294 2.18518
0.0737527 2.1432
0.074 2.99672
0.074 2.99672
0.0742427 2.97574
0.0744984 2.95364
0.0747678 2.93035
0.0750516 2.90581
0.0753506 2.87996
0.0756656 2.85273
0.0759976 2.82404
0.0763473 2.7938
0.0767157 2.76195
0.0771039 2.7284
0.0775128 2.69304
0.0779437 2.6558
0.0783977 2.61655
0.0788759 2.57521
0.0793798 2.53164
0.0799107 2.48575
0.0804701 2.4374
0.0810594 2.38645
0.0816802 2.33278
0.0823344 2.27623
0.0830235 2.21665
0.0837496 2.15388
0.0845146 2.08775
0.0853206 2.01808
0.0861697 1.94467
0.0870644 1.86733
0.0880069 1.78585
0.089 1.7
0.089 0
0.0900551 0
0.0917786 0
0.0945935 0
0.0991911 0
0.106701 0
0.118966 0
0.139 0
