Conduction Band Energy vs Depth
87 2 2
Depth
Conduction Band Energy
0 3.03418
0.0200101 3.03418
0.0343543 3.03418
0.0446368 3.03418
0.0520079 3.03418
0.0572917 3.03418
0.0610795 3.03418
0.0637947 3.03418
0.0657411 3.03418
0.0671363 3.03418
0.0681365 3.03418
0.0688535 3.03418
0.0693675 3.03418
0.0697359 3.03418
0.07 -0.0125105
0.07 -0.0125105
0.0702481 -0.0128125
0.0704686 -0.0135914
0.0706647 -0.0146937
0.0708389 -0.0160052
0.0709938 -0.0174405
0.0711315 -0.0189356
0.0712539 -0.0204434
0.0713627 -0.0219294
0.0714594 -0.023369
0.0715453 -0.0247451
0.0716217 -0.0260466
0.0716896 -0.0272671
0.07175 -0.0284034
0.07175 -0.0284034
0.0718125 -0.0296508
0.071875 -0.0309718
0.0719375 -0.0323678
0.072 -0.0338402
0.072 -0.0338402
0.0720595 3.01343
0.0721253 3.01408
0.0721982 3.01479
0.0722789 3.01558
0.0723683 3.01646
0.0724672 3.01743
0.0725767 3.0185
0.072698 3.01969
0.0728323 3.021
0.0729809 3.02246
0.0731455 3.02407
0.0733277 3.02585
0.0735294 3.02783
0.0737527 3.03002
0.074 3.93244
0.074 3.93244
0.0742427 3.93353
0.0744984 3.93468
0.0747678 3.9359
0.0750516 3.93717
0.0753506 3.93852
0.0756656 3.93994
0.0759976 3.94144
0.0763473 3.94301
0.0767157 3.94467
0.0771039 3.94642
0.0775128 3.94826
0.0779437 3.9502
0.0783977 3.95225
0.0788759 3.9544
0.0793798 3.95667
0.0799107 3.95906
0.0804701 3.96158
0.0810594 3.96423
0.0816802 3.96703
0.0823344 3.96998
0.0830235 3.97308
0.0837496 3.97635
0.0845146 3.9798
0.0853206 3.98343
0.0861697 3.98725
0.0870644 3.99128
0.0880069 3.99553
0.089 4
0.089 0
0.0900551 0
0.0917786 0
0.0945935 0
0.0991911 0
0.106701 0
0.118966 0
0.139 0
