Probe chan_n vs gate bias
76 2 2
gate bias
Probe chan_n
-3 1.32596e-038
-2.8 2.25656e-036
-2.6 5.09061e-033
-2.4 1.16577e-029
-2.2 2.66482e-026
-2 5.17105e-023
-1.8 1.14998e-019
-1.6 2.63359e-016
-1.4 6.02145e-013
-1.2 8.57271e-010
-1 1.92412e-006
-0.95 1.33103e-005
-0.9 9.20752e-005
-0.85 0.000636938
-0.8 0.00440607
-0.75 0.0304794
-0.7 0.210843
-0.65 1.45852
-0.6 10.0894
-0.55 69.793
-0.5 482.781
-0.45 3339.31
-0.4 23093.4
-0.35 159645
-0.3 1.10295e+006
-0.25 7.61375e+006
-0.2 5.25114e+007
-0.15 3.61755e+008
-0.1 2.48531e+009
-0.05 1.69413e+010
-4.24783e-016 1.13477e+011
0.05 7.38791e+011
0.1 4.64923e+012
0.15 2.82325e+013
0.2 1.62026e+014
0.25 8.12683e+014
0.3 3.16274e+015
0.35 9.09404e+015
0.4 2.03144e+016
0.45 3.79773e+016
0.5 6.29125e+016
0.55 9.5881e+016
0.6 1.37724e+017
0.65 1.89447e+017
0.7 2.52276e+017
0.75 3.2768e+017
0.8 4.17393e+017
0.85 5.234e+017
0.9 6.47899e+017
0.95 7.93251e+017
1 9.61935e+017
1.05 1.15649e+018
1.1 1.3794e+018
1.15 1.63284e+018
1.2 1.91861e+018
1.25 2.23796e+018
1.3 2.59164e+018
1.35 2.97989e+018
1.4 3.40255e+018
1.45 3.8591e+018
1.5 4.34877e+018
1.6 5.4236e+018
1.7 6.6184e+018
1.8 7.92355e+018
1.9 9.32865e+018
2 1.08226e+019
2.1 1.2394e+019
2.2 1.40316e+019
2.3 1.5725e+019
2.4 1.74648e+019
2.5 1.92431e+019
2.6 2.10529e+019
2.7 2.28886e+019
2.8 2.47456e+019
2.9 2.66198e+019
3 2.85082e+019
