drain current vs gate bias
76 2 2
gate bias
drain current
-3 -2.73081e-019
-2.8 -6.08053e-019
-2.6 -9.02395e-019
-2.4 8.08375e-019
-2.2 -6.84119e-019
-2 -2.32449e-019
-1.8 9.58145e-019
-1.6 3.3828e-019
-1.4 1.10177e-018
-1.2 -2.58907e-018
-1 -3.64171e-018
-0.95 4.19543e-019
-0.9 1.81235e-018
-0.85 -3.67761e-018
-0.8 8.01289e-019
-0.75 -1.43249e-018
-0.7 1.47785e-018
-0.65 -4.05369e-018
-0.6 -3.23539e-018
-0.55 3.68895e-018
-0.5 5.97187e-018
-0.45 6.04747e-019
-0.4 6.00969e-019
-0.35 -6.30824e-018
-0.3 -2.5587e-018
-0.25 3.55755e-018
-0.2 -4.89239e-018
-0.15 -4.99254e-019
-0.1 -1.68494e-018
-0.05 1.76276e-017
-4.24783e-016 1.26253e-016
0.05 8.34082e-016
0.1 5.35965e-015
0.15 3.31094e-014
0.2 1.95313e-013
0.25 1.04158e-012
0.3 4.57884e-012
0.35 1.56619e-011
0.4 4.24058e-011
0.45 9.56306e-011
0.5 1.88435e-010
0.55 3.36235e-010
0.6 5.57135e-010
0.65 8.725e-010
0.7 1.30763e-009
0.75 1.89249e-009
0.8 2.66231e-009
0.85 3.65801e-009
0.9 4.92619e-009
0.95 6.51847e-009
1 8.48981e-009
1.05 1.08961e-008
1.1 1.37922e-008
1.15 1.72307e-008
1.2 2.12608e-008
1.25 2.59277e-008
1.3 3.12704e-008
1.35 3.73212e-008
1.4 4.41044e-008
1.45 5.16352e-008
1.5 5.99195e-008
1.6 7.87226e-008
1.7 1.0037e-007
1.8 1.24593e-007
1.9 1.51051e-007
2 1.79381e-007
2.1 2.09241e-007
2.2 2.40333e-007
2.3 2.72414e-007
2.4 3.05286e-007
2.5 3.38795e-007
2.6 3.72822e-007
2.7 4.07274e-007
2.8 4.42079e-007
2.9 4.77179e-007
3 5.1253e-007
