source current vs gate bias
76 2 2
gate bias
source current
-3 1.33233e-019
-2.8 9.06174e-019
-2.6 -2.92924e-019
-2.4 9.07119e-019
-2.2 1.47029e-018
-2 1.25485e-018
-1.8 5.51075e-018
-1.6 1.73751e-017
-1.4 4.86424e-017
-1.2 1.0961e-018
-1 -1.81424e-019
-0.95 -3.59068e-019
-0.9 -6.04746e-019
-0.85 -3.06531e-018
-0.8 3.00483e-018
-0.75 -1.87093e-018
-0.7 1.74242e-018
-0.65 -2.12039e-018
-0.6 3.01239e-018
-0.55 -2.00322e-019
-0.5 4.08204e-019
-0.45 -1.05831e-019
-0.4 1.47407e-018
-0.35 3.82878e-018
-0.3 5.4615e-018
-0.25 7.07477e-018
-0.2 1.08727e-017
-0.15 -2.27273e-018
-0.1 -1.67563e-018
-0.05 -1.71931e-017
-4.24783e-016 -1.26058e-016
0.05 -8.38866e-016
0.1 -5.35481e-015
0.15 -3.31139e-014
0.2 -1.95317e-013
0.25 -1.04158e-012
0.3 -4.57884e-012
0.35 -1.56619e-011
0.4 -4.24058e-011
0.45 -9.56306e-011
0.5 -1.88435e-010
0.55 -3.36235e-010
0.6 -5.57135e-010
0.65 -8.725e-010
0.7 -1.30763e-009
0.75 -1.89249e-009
0.8 -2.66231e-009
0.85 -3.65801e-009
0.9 -4.92619e-009
0.95 -6.51847e-009
1 -8.48981e-009
1.05 -1.08961e-008
1.1 -1.37922e-008
1.15 -1.72307e-008
1.2 -2.12608e-008
1.25 -2.59277e-008
1.3 -3.12704e-008
1.35 -3.73212e-008
1.4 -4.41044e-008
1.45 -5.16352e-008
1.5 -5.99195e-008
1.6 -7.87226e-008
1.7 -1.0037e-007
1.8 -1.24593e-007
1.9 -1.51051e-007
2 -1.79381e-007
2.1 -2.09241e-007
2.2 -2.40333e-007
2.3 -2.72414e-007
2.4 -3.05286e-007
2.5 -3.38795e-007
2.6 -3.72822e-007
2.7 -4.07274e-007
2.8 -4.42079e-007
2.9 -4.77179e-007
3 -5.1253e-007
