Valence Band Energy vs Depth
87 2 2
Depth
Valence Band Energy
0 -5.52755
0.0200101 -5.52755
0.0343543 -5.52755
0.0446368 -5.52755
0.0520079 -5.52755
0.0572917 -5.52755
0.0610795 -5.52755
0.0637947 -5.52755
0.0657411 -5.52755
0.0671363 -5.52755
0.0681365 -5.52755
0.0688535 -5.52755
0.0693675 -5.52755
0.0697359 -5.52755
0.07 -2.97755
0.07 -2.97755
0.0702481 -2.97752
0.0704686 -2.97744
0.0706647 -2.97734
0.0708389 -2.97721
0.0709938 -2.97708
0.0711315 -2.97694
0.0712539 -2.9768
0.0713627 -2.97667
0.0714594 -2.97654
0.0715453 -2.97642
0.0716217 -2.9763
0.0716896 -2.9762
0.07175 -2.9761
0.07175 -2.9761
0.0718125 -2.97599
0.071875 -2.97589
0.0719375 -2.97578
0.072 -2.97567
0.072 -2.97567
0.0720595 -5.5235
0.0721253 -5.52109
0.0721982 -5.51842
0.0722789 -5.51546
0.0723683 -5.51219
0.0724672 -5.50857
0.0725767 -5.50456
0.072698 -5.50013
0.0728323 -5.49521
0.0729809 -5.48977
0.0731455 -5.48375
0.0733277 -5.47708
0.0735294 -5.4697
0.0737527 -5.46152
0.074 -1.25247
0.074 -1.25247
0.0742427 -1.24839
0.0744984 -1.24409
0.0747678 -1.23955
0.0750516 -1.23477
0.0753506 -1.22974
0.0756656 -1.22444
0.0759976 -1.21885
0.0763473 -1.21297
0.0767157 -1.20676
0.0771039 -1.20023
0.0775128 -1.19335
0.0779437 -1.18609
0.0783977 -1.17845
0.0788759 -1.1704
0.0793798 -1.16192
0.0799107 -1.15299
0.0804701 -1.14357
0.0810594 -1.13365
0.0816802 -1.1232
0.0823344 -1.11219
0.0830235 -1.10059
0.0837496 -1.08837
0.0845146 -1.0755
0.0853206 -1.06193
0.0861697 -1.04764
0.0870644 -1.03258
0.0880069 -1.01671
0.089 -1
0.089 0
0.0900551 0
0.0917786 0
0.0945935 0
0.0991911 0
0.106701 0
0.118966 0
0.139 0
