Valence Band Energy vs Depth
87 2 2
Depth
Valence Band Energy
0 -6.35173
0.0200101 -6.35173
0.0343543 -6.35173
0.0446368 -6.35173
0.0520079 -6.35173
0.0572917 -6.35173
0.0610795 -6.35173
0.0637947 -6.35173
0.0657411 -6.35173
0.0671363 -6.35173
0.0681365 -6.35173
0.0688535 -6.35173
0.0693675 -6.35173
0.0697359 -6.35173
0.07 -3.80173
0.07 -3.80173
0.0702481 -3.80394
0.0704686 -3.80967
0.0706647 -3.81788
0.0708389 -3.82778
0.0709938 -3.8388
0.0711315 -3.85047
0.0712539 -3.86245
0.0713627 -3.87447
0.0714594 -3.88631
0.0715453 -3.89783
0.0716217 -3.9089
0.0716896 -3.91944
0.07175 -3.92939
0.07175 -3.92939
0.0718125 -3.94033
0.071875 -3.95193
0.0719375 -3.96425
0.072 -3.97733
0.072 -3.97733
0.0720595 -6.53851
0.0721253 -6.55088
0.0721982 -6.56459
0.0722789 -6.57976
0.0723683 -6.59655
0.0724672 -6.61515
0.0725767 -6.63574
0.072698 -6.65853
0.0728323 -6.68377
0.0729809 -6.71171
0.0731455 -6.74265
0.0733277 -6.7769
0.0735294 -6.81482
0.0737527 -6.8568
0.074 -2.70328
0.074 -2.70328
0.0742427 -2.72426
0.0744984 -2.74636
0.0747678 -2.76965
0.0750516 -2.79419
0.0753506 -2.82004
0.0756656 -2.84727
0.0759976 -2.87596
0.0763473 -2.9062
0.0767157 -2.93805
0.0771039 -2.9716
0.0775128 -3.00696
0.0779437 -3.0442
0.0783977 -3.08345
0.0788759 -3.12479
0.0793798 -3.16836
0.0799107 -3.21425
0.0804701 -3.2626
0.0810594 -3.31355
0.0816802 -3.36722
0.0823344 -3.42377
0.0830235 -3.48335
0.0837496 -3.54612
0.0845146 -3.61225
0.0853206 -3.68192
0.0861697 -3.75533
0.0870644 -3.83267
0.0880069 -3.91415
0.089 -4
0.089 0
0.0900551 0
0.0917786 0
0.0945935 0
0.0991911 0
0.106701 0
0.118966 0
0.139 0
