Valence Band Energy vs Depth
87 2 2
Depth
Valence Band Energy
0 -5.96582
0.0200101 -5.96582
0.0343543 -5.96582
0.0446368 -5.96582
0.0520079 -5.96582
0.0572917 -5.96582
0.0610795 -5.96582
0.0637947 -5.96582
0.0657411 -5.96582
0.0671363 -5.96582
0.0681365 -5.96582
0.0688535 -5.96582
0.0693675 -5.96582
0.0697359 -5.96582
0.07 -3.41582
0.07 -3.41582
0.0702481 -3.41612
0.0704686 -3.4169
0.0706647 -3.418
0.0708389 -3.41932
0.0709938 -3.42075
0.0711315 -3.42225
0.0712539 -3.42375
0.0713627 -3.42524
0.0714594 -3.42668
0.0715453 -3.42806
0.0716217 -3.42936
0.0716896 -3.43058
0.07175 -3.43171
0.07175 -3.43171
0.0718125 -3.43296
0.071875 -3.43428
0.0719375 -3.43568
0.072 -3.43715
0.072 -3.43715
0.0720595 -5.98657
0.0721253 -5.98592
0.0721982 -5.98521
0.0722789 -5.98442
0.0723683 -5.98354
0.0724672 -5.98257
0.0725767 -5.9815
0.072698 -5.98031
0.0728323 -5.979
0.0729809 -5.97754
0.0731455 -5.97593
0.0733277 -5.97415
0.0735294 -5.97217
0.0737527 -5.96998
0.074 -1.76756
0.074 -1.76756
0.0742427 -1.76647
0.0744984 -1.76532
0.0747678 -1.7641
0.0750516 -1.76283
0.0753506 -1.76148
0.0756656 -1.76006
0.0759976 -1.75856
0.0763473 -1.75699
0.0767157 -1.75533
0.0771039 -1.75358
0.0775128 -1.75174
0.0779437 -1.7498
0.0783977 -1.74775
0.0788759 -1.7456
0.0793798 -1.74333
0.0799107 -1.74094
0.0804701 -1.73842
0.0810594 -1.73577
0.0816802 -1.73297
0.0823344 -1.73002
0.0830235 -1.72692
0.0837496 -1.72365
0.0845146 -1.7202
0.0853206 -1.71657
0.0861697 -1.71275
0.0870644 -1.70872
0.0880069 -1.70447
0.089 -1.7
0.089 0
0.0900551 0
0.0917786 0
0.0945935 0
0.0991911 0
0.106701 0
0.118966 0
0.139 0
