v ATLAS
# This file was created by ATLAS version 5.28.1.R on Fri Sep 25 06:38:36 2026.
#SSF 2.0 generic
##############################################################################
#                    Copyright (c) 1984 - 2019                               #
#                    Silvaco Inc. All rights reserved                        #
#                                                                            #
# This file format and the following Key are copyright Silvaco Inc.          #
# You may not use, this format or key without reproducing this message in    #
# full and obtaining express written permission from Silvaco Inc.            #
#                                                                            #
# To obtain such permission please contact: Silvaco Inc.                     #
#                                           support@silvaco.com              #
#                                                                            #
# KEY=SVC86hn7562asdx                       PROD=345                         #
##############################################################################
p 4 74 76 75 205
d  3.122400e+000 2.655885e-014 1.483361e-071 2.655885e-014
d  3.114248e+000 3.256294e-014 4.617370e-071 3.256294e-014
d  3.106095e+000 3.992437e-014 1.432808e-070 3.992437e-014
d  3.097943e+000 4.894998e-014 4.432279e-070 4.894998e-014
d  3.089790e+000 6.001598e-014 1.366821e-069 6.001598e-014
d  3.081638e+000 7.358365e-014 4.201863e-069 7.358365e-014
d  3.073485e+000 9.021854e-014 1.287709e-068 9.021854e-014
d  3.065333e+000 1.106140e-013 3.934041e-068 1.106140e-013
d  3.057180e+000 1.356203e-013 1.198135e-067 1.356203e-013
d  3.049028e+000 1.662796e-013 3.637627e-067 1.662796e-013
d  3.040875e+000 2.038701e-013 1.100972e-066 2.038701e-013
d  3.032723e+000 2.499585e-013 3.321848e-066 2.499585e-013
d  3.024570e+000 3.064660e-013 9.991459e-066 3.064660e-013
d  3.016418e+000 3.757481e-013 2.995875e-065 3.757481e-013
d  3.008265e+000 4.606926e-013 8.954967e-065 4.606926e-013
d  3.000113e+000 5.648403e-013 2.668393e-064 5.648403e-013
d  2.991960e+000 6.925324e-013 7.926497e-064 6.925324e-013
d  2.983808e+000 8.490916e-013 2.347244e-063 8.490916e-013
d  2.975655e+000 1.041044e-012 6.929165e-063 1.041044e-012
d  2.967503e+000 1.276390e-012 2.039150e-062 1.276390e-012
d  2.959350e+000 1.564940e-012 5.982226e-062 1.564940e-012
d  2.951198e+000 1.918723e-012 1.749533e-061 1.918723e-012
d  2.943045e+000 2.352484e-012 5.100668e-061 2.352484e-012
d  2.934893e+000 2.884305e-012 1.482441e-060 2.884305e-012
d  2.926740e+000 3.536352e-012 4.295102e-060 3.536352e-012
d  2.918588e+000 4.335807e-012 1.240552e-059 4.335807e-012
d  2.910436e+000 5.315993e-012 3.571925e-059 5.315993e-012
d  2.902283e+000 6.517767e-012 1.025262e-058 6.517767e-012
d  2.894131e+000 7.991223e-012 2.933684e-058 7.991223e-012
d  2.885978e+000 9.797780e-012 8.368301e-058 9.797780e-012
d  2.877826e+000 1.201274e-011 2.379615e-057 1.201274e-011
d  2.869673e+000 1.472843e-011 6.745619e-057 1.472843e-011
d  2.861521e+000 1.805806e-011 1.906261e-056 1.805806e-011
d  2.853368e+000 2.214040e-011 5.370177e-056 2.214040e-011
d  2.845216e+000 2.714563e-011 1.508136e-055 2.714563e-011
d  2.837063e+000 3.328237e-011 4.222189e-055 3.328237e-011
d  2.828911e+000 4.080644e-011 1.178367e-054 4.080644e-011
d  2.820758e+000 5.003146e-011 3.278454e-054 5.003146e-011
d  2.812606e+000 6.134195e-011 9.092915e-054 6.134195e-011
d  2.804453e+000 7.520938e-011 2.514101e-053 7.520938e-011
d  2.796301e+000 9.221179e-011 6.929597e-053 9.221179e-011
d  2.788148e+000 1.130579e-010 1.904052e-052 1.130579e-010
d  2.779996e+000 1.386166e-010 5.215490e-052 1.386166e-010
d  2.771843e+000 1.699534e-010 1.424154e-051 1.699534e-010
d  2.763691e+000 2.083743e-010 3.876721e-051 2.083743e-010
d  2.755538e+000 2.554810e-010 1.052004e-050 2.554810e-010
d  2.747386e+000 3.132370e-010 2.845877e-050 3.132370e-010
d  2.739233e+000 3.840497e-010 7.674682e-050 3.840497e-010
d  2.731081e+000 4.708709e-010 2.063242e-049 4.708709e-010
d  2.722928e+000 5.773196e-010 5.529496e-049 5.773196e-010
d  2.714776e+000 7.078329e-010 1.477292e-048 7.078329e-010
d  2.706623e+000 8.678510e-010 3.934531e-048 8.678510e-010
d  2.698471e+000 1.064044e-009 1.044636e-047 1.064044e-009
d  2.690319e+000 1.304590e-009 2.764921e-047 1.304590e-009
d  2.682166e+000 1.599516e-009 7.295346e-047 1.599516e-009
d  2.674014e+000 1.961114e-009 1.918910e-046 1.961114e-009
d  2.665861e+000 2.404459e-009 5.031634e-046 2.404459e-009
d  2.657709e+000 2.948029e-009 1.315252e-045 2.948029e-009
d  2.649556e+000 3.614483e-009 3.427319e-045 3.614483e-009
d  2.641404e+000 4.431601e-009 8.903189e-045 4.431601e-009
d  2.633251e+000 5.433442e-009 2.305591e-044 5.433442e-009
d  2.625099e+000 6.661768e-009 5.952021e-044 6.661768e-009
d  2.616946e+000 8.167778e-009 1.531766e-043 8.167778e-009
d  2.608794e+000 1.001425e-008 3.929757e-043 1.001425e-008
d  2.600641e+000 1.227815e-008 1.005043e-042 1.227815e-008
d  2.592489e+000 1.505384e-008 2.562413e-042 1.505384e-008
d  2.584336e+000 1.845702e-008 6.512672e-042 1.845702e-008
d  2.576184e+000 2.262956e-008 1.650118e-041 2.262956e-008
d  2.568031e+000 2.774537e-008 4.167889e-041 2.774537e-008
d  2.559879e+000 3.401770e-008 1.049453e-040 3.401770e-008
d  2.551726e+000 4.170800e-008 2.634240e-040 4.170800e-008
d  2.543574e+000 5.113683e-008 6.591637e-040 5.113683e-008
d  2.535421e+000 6.269722e-008 1.644284e-039 6.269722e-008
d  2.527269e+000 7.687103e-008 4.088895e-039 7.687103e-008
d  2.519116e+000 9.424908e-008 1.013633e-038 9.424908e-008
d  2.510964e+000 1.155557e-007 2.504960e-038 1.155557e-007
d  2.502811e+000 1.416792e-007 6.171158e-038 1.416792e-007
d  2.494659e+000 1.737082e-007 1.515577e-037 1.737082e-007
d  2.486507e+000 2.129780e-007 3.710522e-037 2.129780e-007
d  2.478354e+000 2.611255e-007 9.056024e-037 2.611255e-007
d  2.470202e+000 3.201575e-007 2.203361e-036 3.201575e-007
d  2.462049e+000 3.925348e-007 5.344159e-036 3.925348e-007
d  2.453897e+000 4.812742e-007 1.292167e-035 4.812742e-007
d  2.445744e+000 5.900747e-007 3.114608e-035 5.900747e-007
d  2.437592e+000 7.234715e-007 7.484002e-035 7.234715e-007
d  2.429439e+000 8.870250e-007 1.792709e-034 8.870250e-007
d  2.421287e+000 1.087553e-006 4.280864e-034 1.087553e-006
d  2.413134e+000 1.333413e-006 1.019057e-033 1.333413e-006
d  2.404982e+000 1.634855e-006 2.418306e-033 1.634855e-006
d  2.396829e+000 2.004442e-006 5.720968e-033 2.004442e-006
d  2.388677e+000 2.457582e-006 1.349191e-032 2.457582e-006
d  2.380524e+000 3.013162e-006 3.171924e-032 3.013162e-006
d  2.372372e+000 3.694340e-006 7.433917e-032 3.694340e-006
d  2.364219e+000 4.529511e-006 1.736834e-031 4.529511e-006
d  2.356067e+000 5.553487e-006 4.045241e-031 5.553487e-006
d  2.347914e+000 6.808950e-006 9.392390e-031 6.808950e-006
d  2.339762e+000 8.348234e-006 2.173969e-030 8.348234e-006
d  2.331609e+000 1.023550e-005 5.016216e-030 1.023550e-005
d  2.323457e+000 1.254941e-005 1.153838e-029 1.254941e-005
d  2.315304e+000 1.538643e-005 2.645810e-029 1.538643e-005
d  2.307152e+000 1.886481e-005 6.048090e-029 1.886481e-005
d  2.298999e+000 2.312953e-005 1.378235e-028 2.312953e-005
d  2.290847e+000 2.835837e-005 3.130936e-028 2.835837e-005
d  2.282695e+000 3.476927e-005 7.090395e-028 3.476927e-005
d  2.274542e+000 4.262948e-005 1.600709e-027 4.262948e-005
d  2.266390e+000 5.226663e-005 3.602465e-027 5.226663e-005
d  2.258237e+000 6.408242e-005 8.082258e-027 6.408242e-005
d  2.250085e+000 7.856939e-005 1.807637e-026 7.856939e-005
d  2.241932e+000 9.633138e-005 4.030282e-026 9.633138e-005
d  2.233780e+000 1.181088e-004 8.957879e-026 1.181088e-004
d  2.225627e+000 1.448094e-004 1.984817e-025 1.448094e-004
d  2.217475e+000 1.775461e-004 4.384109e-025 1.775461e-004
d  2.209322e+000 2.176835e-004 9.653567e-025 2.176835e-004
d  2.201170e+000 2.668947e-004 2.119043e-024 2.668947e-004
d  2.193017e+000 3.272310e-004 4.637003e-024 3.272310e-004
d  2.184865e+000 4.012073e-004 1.011534e-023 4.012073e-004
d  2.176712e+000 4.919073e-004 2.199730e-023 4.919073e-004
d  2.168560e+000 6.031116e-004 4.768740e-023 6.031116e-004
d  2.160407e+000 7.394556e-004 1.030584e-022 7.394556e-004
d  2.152255e+000 9.066226e-004 2.220286e-022 9.066226e-004
d  2.144102e+000 1.111581e-003 4.768480e-022 1.111581e-003
d  2.135950e+000 1.362873e-003 1.020931e-021 1.362873e-003
d  2.127797e+000 1.670975e-003 2.179008e-021 1.670975e-003
d  2.119645e+000 2.048728e-003 4.636246e-021 2.048728e-003
d  2.111492e+000 2.511879e-003 9.833765e-021 2.511879e-003
d  2.103340e+000 3.079733e-003 2.079307e-020 3.079733e-003
d  2.095187e+000 3.775961e-003 4.382916e-020 3.775961e-003
d  2.087035e+000 4.629584e-003 9.209864e-020 4.629584e-003
d  2.078883e+000 5.676183e-003 1.929251e-019 5.676183e-003
d  2.070730e+000 6.959385e-003 4.028747e-019 6.959385e-003
d  2.062578e+000 8.532676e-003 8.386809e-019 8.532676e-003
d  2.054425e+000 1.046164e-002 1.740480e-018 1.046164e-002
d  2.046273e+000 1.282668e-002 3.600701e-018 1.282668e-002
d  2.038120e+000 1.572637e-002 7.425924e-018 1.572637e-002
d  2.029968e+000 1.928160e-002 1.526720e-017 1.928160e-002
d  2.021815e+000 2.364054e-002 3.129062e-017 2.364054e-002
d  2.013663e+000 2.898490e-002 6.393142e-017 2.898490e-002
d  2.005510e+000 3.553745e-002 1.302147e-016 3.553745e-002
d  1.997358e+000 4.357132e-002 2.643939e-016 4.357132e-002
d  1.989205e+000 5.342139e-002 5.351658e-016 5.342139e-002
d  1.981053e+000 6.549823e-002 1.079868e-015 6.549823e-002
d  1.972900e+000 8.030527e-002 2.172195e-015 8.030527e-002
d  1.964748e+000 9.845969e-002 4.355846e-015 9.845969e-002
d  1.956595e+000 1.207182e-001 8.707465e-015 1.207182e-001
d  1.948443e+000 1.480087e-001 1.735228e-014 1.480087e-001
d  1.940290e+000 1.814687e-001 3.447203e-014 1.814687e-001
d  1.932138e+000 2.224929e-001 6.826888e-014 2.224929e-001
d  1.923985e+000 2.727914e-001 1.347796e-013 2.727914e-001
d  1.915833e+000 3.344607e-001 2.652598e-013 3.344607e-001
d  1.907680e+000 4.100714e-001 5.204320e-013 4.100714e-001
d  1.899528e+000 5.027753e-001 1.017893e-012 5.027753e-001
d  1.891375e+000 6.164365e-001 1.984659e-012 6.164365e-001
d  1.883223e+000 7.557928e-001 3.857584e-012 7.557928e-001
d  1.875070e+000 9.266531e-001 7.474640e-012 9.266531e-001
d  1.866918e+000 1.136139e+000 1.443813e-011 1.136139e+000
d  1.858766e+000 1.392984e+000 2.780205e-011 1.392984e+000
d  1.850613e+000 1.707892e+000 5.336893e-011 1.707892e+000
d  1.842461e+000 2.093992e+000 1.021282e-010 2.093992e+000
d  1.834308e+000 2.567375e+000 1.948267e-010 2.567375e+000
d  1.826156e+000 3.147776e+000 3.705074e-010 3.147776e+000
d  1.818003e+000 3.859386e+000 7.024103e-010 3.859386e+000
d  1.809851e+000 4.731868e+000 1.327487e-009 4.731868e+000
d  1.801698e+000 5.801591e+000 2.501010e-009 5.801591e+000
d  1.793546e+000 7.113143e+000 4.697277e-009 7.113143e+000
d  1.785393e+000 8.721194e+000 8.794727e-009 8.721194e+000
d  1.777241e+000 1.069277e+001 1.641512e-008 1.069277e+001
d  1.769088e+000 1.311006e+001 3.054299e-008 1.311006e+001
d  1.760936e+000 1.607383e+001 5.665321e-008 1.607383e+001
d  1.752783e+000 1.970760e+001 1.047570e-007 1.970760e+001
d  1.744631e+000 2.416285e+001 1.931022e-007 2.416285e+001
d  1.736478e+000 2.962529e+001 3.548435e-007 2.962529e+001
d  1.728326e+000 3.632260e+001 6.500280e-007 3.632260e+001
d  1.720173e+000 4.453397e+001 1.187061e-006 4.453397e+001
d  1.712021e+000 5.460166e+001 2.161022e-006 5.460166e+001
d  1.703868e+000 6.694533e+001 3.921852e-006 6.694533e+001
d  1.695716e+000 8.207950e+001 7.095267e-006 8.207951e+001
d  1.687563e+000 1.006350e+002 1.279652e-005 1.006350e+002
d  1.679411e+000 1.233853e+002 2.300703e-005 1.233854e+002
d  1.671258e+000 1.512788e+002 4.123583e-005 1.512788e+002
d  1.663106e+000 1.854780e+002 7.367746e-005 1.854781e+002
d  1.654954e+000 2.274086e+002 1.312321e-004 2.274087e+002
d  1.646801e+000 2.788183e+002 2.330188e-004 2.788185e+002
d  1.638649e+000 3.418501e+002 4.124654e-004 3.418505e+002
d  1.630496e+000 4.191314e+002 7.278295e-004 4.191321e+002
d  1.622344e+000 5.138834e+002 1.280317e-003 5.138847e+002
d  1.614191e+000 6.300558e+002 2.245177e-003 6.300580e+002
d  1.606039e+000 7.724910e+002 3.924908e-003 7.724949e+002
d  1.597886e+000 9.471262e+002 6.839965e-003 9.471331e+002
d  1.589734e+000 1.161241e+003 1.188294e-002 1.161253e+003
d  1.581581e+000 1.423760e+003 2.057972e-002 1.423780e+003
d  1.573429e+000 1.745626e+003 3.553044e-002 1.745661e+003
d  1.565276e+000 2.140255e+003 6.115152e-002 2.140317e+003
d  1.557124e+000 2.624098e+003 1.049203e-001 2.624203e+003
d  1.548971e+000 3.217322e+003 1.794557e-001 3.217501e+003
d  1.540819e+000 3.944654e+003 3.059854e-001 3.944960e+003
d  1.532666e+000 4.836412e+003 5.201035e-001 4.836932e+003
d  1.524514e+000 5.929769e+003 8.813011e-001 5.930650e+003
d  1.516361e+000 7.270298e+003 1.488691e+000 7.271786e+003
d  1.508209e+000 8.913877e+003 2.506861e+000 8.916383e+003
d  1.500056e+000 1.092902e+004 4.208249e+000 1.093322e+004
d  1.491904e+000 1.339971e+004 7.042362e+000 1.340675e+004
d  1.483751e+000 1.642895e+004 1.174845e+001 1.644070e+004
d  1.475599e+000 2.014301e+004 1.953839e+001 2.016255e+004
d  1.467446e+000 2.469669e+004 3.239234e+001 2.472908e+004
d  1.459294e+000 3.027981e+004 5.353545e+001 3.033335e+004
d  1.451142e+000 3.712510e+004 8.820358e+001 3.721330e+004
d  1.442989e+000 4.551788e+004 1.448693e+002 4.566275e+004
d  1.434837e+000 5.580801e+004 2.371987e+002 5.604520e+004
d  1.426684e+000 6.842439e+004 3.871630e+002 6.881155e+004
d  1.418532e+000 8.389293e+004 6.299714e+002 8.452290e+004
d  1.410379e+000 1.028584e+005 1.021865e+003 1.038803e+005
d  1.402227e+000 1.261114e+005 1.652386e+003 1.277638e+005
d  1.394074e+000 1.546211e+005 2.663639e+003 1.572847e+005
d  1.385922e+000 1.895759e+005 4.280402e+003 1.938563e+005
d  1.377769e+000 2.324329e+005 6.857084e+003 2.392899e+005
d  1.369617e+000 2.849784e+005 1.095065e+004 2.959291e+005
d  1.361464e+000 3.494028e+005 1.743355e+004 3.668364e+005
d  1.353312e+000 4.283915e+005 2.766799e+004 4.560595e+005
d  1.345159e+000 5.252369e+005 4.377385e+004 5.690108e+005
d  1.337007e+000 6.439760e+005 6.903947e+004 7.130155e+005
d  1.328854e+000 7.895581e+005 1.085490e+005 8.981071e+005
d  1.320702e+000 9.680517e+005 1.701373e+005 1.138189e+006
d  1.312549e+000 1.186897e+006 2.658393e+005 1.452736e+006
d  1.304397e+000 1.455216e+006 4.140799e+005 1.869296e+006
d  1.296244e+000 1.784193e+006 6.429760e+005 2.427169e+006
d  1.288092e+000 2.187541e+006 9.952930e+005 3.182834e+006
d  1.279939e+000 2.682074e+006 1.535864e+006 4.217937e+006
d  1.271787e+000 3.288404e+006 2.362653e+006 5.651057e+006
d  1.263634e+000 4.031805e+006 3.623205e+006 7.655010e+006
d  1.255482e+000 4.943266e+006 5.539000e+006 1.048227e+007
d  1.247330e+000 6.060779e+006 8.441418e+006 1.450220e+007
d  1.239177e+000 7.430925e+006 1.282464e+007 2.025556e+007
d  1.231025e+000 9.110816e+006 1.942318e+007 2.853399e+007
d  1.222872e+000 1.117048e+007 2.932520e+007 4.049568e+007
d  1.214720e+000 1.369576e+007 4.413746e+007 5.783322e+007
d  1.206567e+000 1.679193e+007 6.622458e+007 8.301651e+007
d  1.198415e+000 2.058804e+007 9.905507e+007 1.196431e+008
d  1.190262e+000 2.524233e+007 1.476998e+008 1.729421e+008
d  1.182110e+000 3.094880e+007 2.195474e+008 2.504963e+008
d  1.173957e+000 3.794533e+007 3.253289e+008 3.632742e+008
d  1.165805e+000 4.652354e+007 4.805763e+008 5.270999e+008
d  1.157652e+000 5.704101e+007 7.076976e+008 7.647386e+008
d  1.149500e+000 6.993613e+007 1.038912e+009 1.108848e+009
d  1.141347e+000 8.574643e+007 1.520390e+009 1.606137e+009
d  1.133195e+000 1.051309e+008 2.218080e+009 2.323211e+009
d  1.125042e+000 1.288976e+008 3.225855e+009 3.354752e+009
d  1.116890e+000 1.580372e+008 4.676899e+009 4.834937e+009
d  1.108737e+000 1.937643e+008 6.759535e+009 6.953299e+009
d  1.100585e+000 2.375681e+008 9.739152e+009 9.976720e+009
d  1.092432e+000 2.912746e+008 1.398850e+010 1.427977e+010
d  1.084280e+000 3.571224e+008 2.002934e+010 2.038646e+010
d  1.076127e+000 4.378562e+008 2.858957e+010 2.902743e+010
d  1.067975e+000 5.368413e+008 4.068125e+010 4.121809e+010
d  1.059822e+000 6.582037e+008 5.770674e+010 5.836494e+010
d  1.051670e+000 8.070023e+008 8.160266e+010 8.240966e+010
d  1.043517e+000 9.894394e+008 1.150344e+011 1.160238e+011
d  1.035365e+000 1.213120e+009 1.616578e+011 1.628709e+011
d  1.027213e+000 1.487367e+009 2.264702e+011 2.279576e+011
d  1.019060e+000 1.823612e+009 3.162796e+011 3.181032e+011
d  1.010908e+000 2.235872e+009 4.403286e+011 4.425644e+011
d  1.002755e+000 2.741330e+009 6.111223e+011 6.138636e+011
d  9.946026e-001 3.361056e+009 8.455220e+011 8.488830e+011
d  9.864501e-001 4.120883e+009 1.166185e+012 1.170305e+012
d  9.782977e-001 5.052481e+009 1.603449e+012 1.608502e+012
d  9.701452e-001 6.194683e+009 2.197803e+012 2.203998e+012
d  9.619927e-001 7.595101e+009 3.003086e+012 3.010682e+012
d  9.538402e-001 9.312107e+009 4.090652e+012 4.099964e+012
d  9.456877e-001 1.141727e+010 5.554727e+012 5.566145e+012
d  9.375352e-001 1.399835e+010 7.519320e+012 7.533318e+012
d  9.293828e-001 1.716292e+010 1.014705e+013 1.016422e+013
d  9.212303e-001 2.104290e+010 1.365045e+013 1.367149e+013
d  9.130778e-001 2.580002e+010 1.830625e+013 1.833205e+013
d  9.049253e-001 3.163258e+010 2.447358e+013 2.450521e+013
d  8.967728e-001 3.878368e+010 3.261679e+013 3.265557e+013
d  8.886204e-001 4.755141e+010 4.333417e+013 4.338172e+013
d  8.804679e-001 5.830125e+010 5.739384e+013 5.745214e+013
d  8.723154e-001 7.148127e+010 7.577844e+013 7.584992e+013
d  8.641629e-001 8.764088e+010 9.974052e+013 9.982816e+013
d  8.560104e-001 1.074536e+011 1.308709e+014 1.309784e+014
d  8.478580e-001 1.317454e+011 1.711829e+014 1.713146e+014
d  8.397055e-001 1.615288e+011 2.232148e+014 2.233763e+014
d  8.315530e-001 1.980453e+011 2.901558e+014 2.903538e+014
d  8.234005e-001 2.428169e+011 3.759976e+014 3.762404e+014
d  8.152480e-001 2.977099e+011 4.857183e+014 4.860160e+014
d  8.070956e-001 3.650125e+011 6.255031e+014 6.258681e+014
d  7.989431e-001 4.475300e+011 8.030082e+014 8.034558e+014
d  7.907906e-001 5.487021e+011 1.027676e+015 1.028225e+015
d  7.826381e-001 6.727458e+011 1.311106e+015 1.311779e+015
d  7.744856e-001 8.248319e+011 1.667497e+015 1.668322e+015
d  7.663332e-001 1.011300e+012 2.114160e+015 2.115172e+015
d  7.581807e-001 1.239922e+012 2.672122e+015 2.673362e+015
d  7.500282e-001 1.520228e+012 3.366823e+015 3.368344e+015
d  7.418757e-001 1.863902e+012 4.228924e+015 4.230788e+015
d  7.337232e-001 2.285270e+012 5.295233e+015 5.297518e+015
d  7.255708e-001 2.801896e+012 6.609761e+015 6.612563e+015
d  7.174183e-001 3.435314e+012 8.224926e+015 8.228362e+015
d  7.092658e-001 4.211928e+012 1.020291e+016 1.020712e+016
d  7.011133e-001 5.164108e+012 1.261715e+016 1.262232e+016
d  6.929608e-001 6.331546e+012 1.555408e+016 1.556041e+016
d  6.848084e-001 7.762904e+012 1.911494e+016 1.912270e+016
d  6.766559e-001 9.517845e+012 2.341785e+016 2.342737e+016
d  6.685034e-001 1.166952e+013 2.860005e+016 2.861172e+016
d  6.603509e-001 1.430762e+013 3.482026e+016 3.483457e+016
d  6.521984e-001 1.754211e+013 4.226130e+016 4.227884e+016
d  6.440460e-001 2.150782e+013 5.113277e+016 5.115428e+016
d  6.358935e-001 2.637004e+013 6.167389e+016 6.170026e+016
d  6.277410e-001 3.233145e+013 7.415644e+016 7.418878e+016
d  6.195885e-001 3.964055e+013 8.888778e+016 8.892742e+016
d  6.114360e-001 4.860199e+013 1.062138e+017 1.062624e+017
d  6.032836e-001 5.958933e+013 1.265217e+017 1.265813e+017
d  5.951311e-001 7.306055e+013 1.502432e+017 1.503163e+017
d  5.869786e-001 8.957718e+013 1.778568e+017 1.779463e+017
d  5.788261e-001 1.098277e+014 2.098898e+017 2.099997e+017
d  5.706736e-001 1.346562e+014 2.469210e+017 2.470556e+017
d  5.625211e-001 1.650976e+014 2.895811e+017 2.897462e+017
d  5.543687e-001 2.024208e+014 3.385540e+017 3.387564e+017
d  5.462162e-001 2.481816e+014 3.945765e+017 3.948247e+017
d  5.380637e-001 3.042874e+014 4.584375e+017 4.587417e+017
d  5.299112e-001 3.730769e+014 5.309756e+017 5.313487e+017
d  5.217587e-001 4.574176e+014 6.130764e+017 6.135338e+017
d  5.136063e-001 5.608249e+014 7.056676e+017 7.062284e+017
d  5.054538e-001 6.876092e+014 8.097135e+017 8.104011e+017
d  4.973013e-001 8.430554e+014 9.262071e+017 9.270501e+017
d  4.891488e-001 1.033643e+015 1.056162e+018 1.057195e+018
d  4.809963e-001 1.267316e+015 1.200600e+018 1.201867e+018
d  4.728439e-001 1.553815e+015 1.360541e+018 1.362095e+018
d  4.646914e-001 1.905083e+015 1.536989e+018 1.538894e+018
d  4.565389e-001 2.335760e+015 1.730914e+018 1.733250e+018
d  4.483864e-001 2.863800e+015 1.943236e+018 1.946100e+018
d  4.402339e-001 3.511213e+015 2.174810e+018 2.178321e+018
d  4.320815e-001 4.304984e+015 2.426402e+018 2.430707e+018
d  4.239290e-001 5.278202e+015 2.698669e+018 2.703947e+018
d  4.157765e-001 6.471433e+015 2.992141e+018 2.998613e+018
d  4.076240e-001 7.934414e+015 3.307197e+018 3.315132e+018
d  3.994715e-001 9.728129e+015 3.644045e+018 3.653773e+018
d  3.913191e-001 1.192734e+016 4.002699e+018 4.014626e+018
d  3.831666e-001 1.462373e+016 4.382962e+018 4.397586e+018
d  3.750141e-001 1.792968e+016 4.784406e+018 4.802336e+018
d  3.668616e-001 2.198300e+016 5.206357e+018 5.228340e+018
d  3.587091e-001 2.695265e+016 5.647880e+018 5.674832e+018
d  3.505567e-001 3.304577e+016 6.107768e+018 6.140813e+018
d  3.424042e-001 4.051635e+016 6.584535e+018 6.625052e+018
d  3.342517e-001 4.967579e+016 7.076416e+018 7.126091e+018
d  3.260992e-001 6.090587e+016 7.581360e+018 7.642266e+018
d  3.179467e-001 7.467472e+016 8.097043e+018 8.171718e+018
d  3.097943e-001 9.155626e+016 8.620876e+018 8.712432e+018
d  3.016418e-001 1.122542e+017 9.150017e+018 9.262271e+018
d  2.934893e-001 1.376312e+017 9.681395e+018 9.819026e+018
d  2.853368e-001 1.687452e+017 1.021174e+019 1.038048e+019
d  2.771843e-001 2.068930e+017 1.073759e+019 1.094448e+019
d  2.690319e-001 2.536648e+017 1.125537e+019 1.150903e+019
d  2.608794e-001 3.110102e+017 1.176137e+019 1.207238e+019
d  2.527269e-001 3.813195e+017 1.225186e+019 1.263318e+019
d  2.445744e-001 4.675236e+017 1.272305e+019 1.319058e+019
d  2.364219e-001 5.732155e+017 1.317123e+019 1.374445e+019
d  2.282695e-001 7.028010e+017 1.359274e+019 1.429554e+019
d  2.201170e-001 8.616815e+017 1.398406e+019 1.484574e+019
d  2.119645e-001 1.056480e+018 1.434185e+019 1.539833e+019
d  2.038120e-001 1.295316e+018 1.466299e+019 1.595830e+019
d  1.956595e-001 1.588145e+018 1.494464e+019 1.653278e+019
d  1.875070e-001 1.947173e+018 1.518427e+019 1.713144e+019
d  1.793546e-001 2.387366e+018 1.537971e+019 1.776707e+019
d  1.712021e-001 2.927072e+018 1.552915e+019 1.845622e+019
d  1.630496e-001 3.588788e+018 1.563122e+019 1.922001e+019
d  1.548971e-001 4.400097e+018 1.568497e+019 2.008507e+019
d  1.467446e-001 5.394816e+018 1.568990e+019 2.108471e+019
d  1.385922e-001 6.614410e+018 1.564596e+019 2.226037e+019
d  1.304397e-001 8.109714e+018 1.555355e+019 2.366327e+019
d  1.222872e-001 9.943058e+018 1.541355e+019 2.535661e+019
d  1.141347e-001 1.219086e+019 1.522725e+019 2.741811e+019
d  1.059822e-001 1.494682e+019 1.499635e+019 2.994317e+019
d  9.782977e-002 1.832581e+019 1.472297e+019 3.304878e+019
d  8.967728e-002 2.246869e+019 1.440956e+019 3.687825e+019
d  8.152480e-002 2.754813e+019 1.405891e+019 4.160704e+019
d  7.337232e-002 3.377587e+019 1.367409e+019 4.744996e+019
d  6.521984e-002 4.141150e+019 1.325838e+019 5.466988e+019
d  5.706736e-002 5.077330e+019 1.281528e+019 6.358858e+019
d  4.891488e-002 6.225150e+019 1.234842e+019 7.459992e+019
d  4.076240e-002 7.632456e+019 1.186152e+019 8.818607e+019
d  3.260992e-002 9.357907e+019 1.135833e+019 1.049374e+020
d  2.445744e-002 1.147343e+020 1.084263e+019 1.255769e+020
d  1.630496e-002 1.406720e+020 1.031811e+019 1.509901e+020
d  8.152480e-003 1.724734e+020 9.788389e+018 1.822617e+020
d  0.000000e+000 2.114640e+020 9.256950e+018 2.207210e+020
