Probe avg_n vs gate bias
76 2 2
gate bias
Probe avg_n
-3 7.76083e+012
-2.8 7.76143e+012
-2.6 7.76248e+012
-2.4 7.76432e+012
-2.2 7.76752e+012
-2 7.77306e+012
-1.8 7.78269e+012
-1.6 7.7994e+012
-1.4 7.8285e+012
-1.2 7.8793e+012
-1 7.96846e+012
-0.95 7.99985e+012
-0.9 8.03607e+012
-0.85 8.0779e+012
-0.8 8.12626e+012
-0.75 8.18223e+012
-0.7 8.24706e+012
-0.65 8.32227e+012
-0.6 8.40965e+012
-0.55 8.51135e+012
-0.5 8.62993e+012
-0.45 8.76852e+012
-0.4 8.93091e+012
-0.35 9.12173e+012
-0.3 9.34672e+012
-0.25 9.61302e+012
-0.2 9.92963e+012
-0.15 1.03082e+013
-0.1 1.07647e+013
-0.05 1.13281e+013
-4.24783e-016 1.20885e+013
0.05 1.34998e+013
0.1 1.82251e+013
0.15 4.13534e+013
0.2 1.55159e+014
0.25 6.02645e+014
0.3 1.85565e+015
0.35 4.40434e+015
0.4 8.55199e+015
0.45 1.4453e+016
0.5 2.22195e+016
0.55 3.19883e+016
0.6 4.39552e+016
0.65 5.83944e+016
0.7 7.56715e+016
0.75 9.62497e+016
0.8 1.20687e+017
0.85 1.49621e+017
0.9 1.83738e+017
0.95 2.23741e+017
1 2.70317e+017
1.05 3.24087e+017
1.1 3.85543e+017
1.15 4.55005e+017
1.2 5.32624e+017
1.25 6.18416e+017
1.3 7.123e+017
1.35 8.14147e+017
1.4 9.23805e+017
1.45 1.04114e+018
1.5 1.16602e+018
1.6 1.43813e+018
1.7 1.73961e+018
1.8 2.06974e+018
1.9 2.42717e+018
2 2.80993e+018
2.1 3.21562e+018
2.2 3.64176e+018
2.3 4.08596e+018
2.4 4.54602e+018
2.5 5.02003e+018
2.6 5.5063e+018
2.7 6.00337e+018
2.8 6.50997e+018
2.9 7.02504e+018
3 7.54764e+018
