Conduction Band Energy vs Depth
92 2 2
Depth
Conduction Band Energy
0 3.74731
0.0199902 3.74731
0.0344313 3.74731
0.0448638 3.74731
0.0524003 3.74731
0.0578448 3.74731
0.061778 3.74731
0.0646194 3.74731
0.066672 3.74731
0.0681549 3.74731
0.0692261 3.74731
0.07 0.41971
0.07 0.41971
0.0707848 0.419861
0.0714745 0.420243
0.0720807 0.420771
0.0726135 0.421384
0.0730818 0.422038
0.0734934 0.422701
0.0738552 0.423353
0.0741731 0.423978
0.0744526 0.424569
0.0746982 0.42512
0.0749141 0.425629
0.0751038 0.426095
0.0752706 0.426519
0.0754172 0.426903
0.075546 0.427249
0.0756592 0.42756
0.0757587 0.427838
0.0758462 0.428087
0.0759231 0.428309
0.0759906 0.428506
0.07605 0.428682
0.07605 0.428682
0.0761125 0.428867
0.076175 0.429052
0.0762375 0.429238
0.0763 0.429424
0.0763 0.429424
0.0763595 3.75731
0.0764253 3.75763
0.0764982 3.75798
0.0765789 3.75837
0.0766683 3.7588
0.0767672 3.75928
0.0768767 3.75981
0.076998 3.76039
0.0771323 3.76104
0.0772809 3.76176
0.0774455 3.76256
0.0776277 3.76344
0.0778294 3.76441
0.0780527 3.76549
0.0783 4.66668
0.0783 4.66668
0.0785427 4.66722
0.0787984 4.66779
0.0790678 4.66839
0.0793516 4.66902
0.0796506 4.66968
0.0799656 4.67038
0.0802976 4.67112
0.0806473 4.6719
0.0810157 4.67271
0.0814039 4.67358
0.0818128 4.67449
0.0822437 4.67544
0.0826977 4.67645
0.0831759 4.67751
0.0836798 4.67863
0.0842107 4.67981
0.0847701 4.68105
0.0853594 4.68236
0.0859802 4.68374
0.0866344 4.68519
0.0873235 4.68673
0.0880496 4.68834
0.0888146 4.69004
0.0896206 4.69183
0.0904697 4.69371
0.0913644 4.6957
0.0923069 4.69779
0.0933 4.7
0.0933 0
0.0943551 0
0.0960786 0
0.0988935 0
0.103491 0
0.111001 0
0.123266 0
0.1433 0
