Conduction Band Energy vs Depth
92 2 2
Depth
Conduction Band Energy
0 3.07316
0.0199902 3.07316
0.0344313 3.07316
0.0448638 3.07317
0.0524003 3.07317
0.0578448 3.07317
0.061778 3.07317
0.0646194 3.07317
0.066672 3.07317
0.0681549 3.07317
0.0692261 3.07317
0.07 -0.254434
0.07 -0.254434
0.0707848 -0.256912
0.0714745 -0.263399
0.0720807 -0.272894
0.0726135 -0.284736
0.0730818 -0.298437
0.0734934 -0.313589
0.0738552 -0.329819
0.0741731 -0.346788
0.0744526 -0.364193
0.0746982 -0.38177
0.0749141 -0.399292
0.0751038 -0.416557
0.0752706 -0.433394
0.0754172 -0.449654
0.075546 -0.465218
0.0756592 -0.47999
0.0757587 -0.493905
0.0758462 -0.506918
0.0759231 -0.51901
0.0759906 -0.530179
0.07605 -0.54044
0.07605 -0.54044
0.0761125 -0.551727
0.076175 -0.563543
0.0762375 -0.575919
0.0763 -0.588888
0.0763 -0.588888
0.0763595 2.72575
0.0764253 2.71141
0.0764982 2.69553
0.0765789 2.67794
0.0766683 2.65847
0.0767672 2.63692
0.0768767 2.61306
0.076998 2.58663
0.0771323 2.55738
0.0772809 2.525
0.0774455 2.48914
0.0776277 2.44945
0.0778294 2.4055
0.0780527 2.35684
0.0783 3.20296
0.0783 3.20296
0.0785427 3.17865
0.0787984 3.15303
0.0790678 3.12604
0.0793516 3.0976
0.0796506 3.06764
0.0799656 3.03607
0.0802976 3.00281
0.0806473 2.96777
0.0810157 2.93086
0.0814039 2.89196
0.0818128 2.85099
0.0822437 2.80781
0.0826977 2.76233
0.0831759 2.71441
0.0836798 2.66392
0.0842107 2.61072
0.0847701 2.55468
0.0853594 2.49563
0.0859802 2.43342
0.0866344 2.36788
0.0873235 2.29883
0.0880496 2.22607
0.0888146 2.14942
0.0896206 2.06867
0.0904697 1.98359
0.0913644 1.89394
0.0923069 1.7995
0.0933 1.7
0.0933 0
0.0943551 0
0.0960786 0
0.0988935 0
0.103491 0
0.111001 0
0.123266 0
0.1433 0
