Conduction Band Energy vs Depth
92 2 2
Depth
Conduction Band Energy
0 3.35584
0.0199902 3.35584
0.0344313 3.35584
0.0448638 3.35584
0.0524003 3.35584
0.0578448 3.35584
0.061778 3.35584
0.0646194 3.35584
0.066672 3.35584
0.0681549 3.35584
0.0692261 3.35584
0.07 0.0282399
0.07 0.0282399
0.0707848 0.0276938
0.0714745 0.0262965
0.0720807 0.0243287
0.0726135 0.0219926
0.0730818 0.0194369
0.0734934 0.0167722
0.0738552 0.0140809
0.0741731 0.0114244
0.0744526 0.00884728
0.0746982 0.00638132
0.0749141 0.00404804
0.0751038 0.00186086
0.0752706 -0.000173133
0.0754172 -0.00205177
0.075546 -0.00377667
0.0756592 -0.00535221
0.0757587 -0.00678483
0.0758462 -0.00808228
0.0759231 -0.00925318
0.0759906 -0.0103066
0.07605 -0.0112517
0.07605 -0.0112517
0.0761125 -0.0122917
0.076175 -0.0133784
0.0762375 -0.0145126
0.0763 -0.0156947
0.0763 -0.0156947
0.0763595 3.31082
0.0764253 3.30963
0.0764982 3.3083
0.0765789 3.30683
0.0766683 3.3052
0.0767672 3.3034
0.0768767 3.30141
0.076998 3.29921
0.0771323 3.29676
0.0772809 3.29406
0.0774455 3.29106
0.0776277 3.28775
0.0778294 3.28408
0.0780527 3.28001
0.0783 4.17552
0.0783 4.17552
0.0785427 4.17348
0.0787984 4.17134
0.0790678 4.16909
0.0793516 4.16672
0.0796506 4.16421
0.0799656 4.16158
0.0802976 4.1588
0.0806473 4.15587
0.0810157 4.15279
0.0814039 4.14954
0.0818128 4.14612
0.0822437 4.14252
0.0826977 4.13872
0.0831759 4.13471
0.0836798 4.1305
0.0842107 4.12606
0.0847701 4.12138
0.0853594 4.11644
0.0859802 4.11125
0.0866344 4.10578
0.0873235 4.10001
0.0880496 4.09393
0.0888146 4.08753
0.0896206 4.08079
0.0904697 4.07368
0.0913644 4.0662
0.0923069 4.05831
0.0933 4.05
0.0933 0
0.0943551 0
0.0960786 0
0.0988935 0
0.103491 0
0.111001 0
0.123266 0
0.1433 0
