Probe chan_n vs gate bias
76 2 2
gate bias
Probe chan_n
-3 5.61667e-034
-2.8 9.87218e-034
-2.6 8.37152e-033
-2.4 1.03483e-029
-2.2 2.36863e-026
-2 4.93822e-023
-1.8 1.01155e-019
-1.6 2.31434e-016
-1.4 5.30042e-013
-1.2 1.19368e-009
-1 1.70755e-006
-0.95 1.18089e-005
-0.9 8.16883e-005
-0.85 0.000565085
-0.8 0.00390901
-0.75 0.0270408
-0.7 0.187056
-0.65 1.29393
-0.6 8.95067
-0.55 61.9163
-0.5 428.306
-0.45 2962.8
-0.4 20495
-0.35 141771
-0.3 980625
-0.25 6.78191e+006
-0.2 4.68822e+007
-0.15 3.23713e+008
-0.1 2.22908e+009
-0.05 1.5261e+010
-4.24783e-016 1.03335e+011
0.05 6.86165e+011
0.1 4.4046e+012
0.15 2.65613e+013
0.2 1.41532e+014
0.25 6.03267e+014
0.3 1.907e+015
0.35 4.53874e+015
0.4 8.7126e+015
0.45 1.44007e+016
0.5 2.14613e+016
0.55 2.97257e+016
0.6 3.90422e+016
0.65 4.92952e+016
0.7 6.04103e+016
0.75 7.2352e+016
0.8 8.51146e+016
0.85 9.87125e+016
0.9 1.13169e+017
0.95 1.28511e+017
1 1.44761e+017
1.05 1.61936e+017
1.1 1.8004e+017
1.15 1.99057e+017
1.2 2.18967e+017
1.25 2.39744e+017
1.3 2.61373e+017
1.35 2.83845e+017
1.4 3.07161e+017
1.45 3.31336e+017
1.5 3.56393e+017
1.6 4.09286e+017
1.7 4.66148e+017
1.8 5.27288e+017
1.9 5.92942e+017
2 6.63244e+017
2.1 7.38236e+017
2.2 8.17894e+017
2.3 9.02151e+017
2.4 9.90912e+017
2.5 1.08406e+018
2.6 1.18148e+018
2.7 1.28303e+018
2.8 1.38857e+018
2.9 1.49796e+018
3 1.61105e+018
