Probe chan_mob vs gate bias
76 2 2
gate bias
Probe chan_mob
-3 14.0288
-2.8 14.0288
-2.6 14.0288
-2.4 14.0288
-2.2 14.0288
-2 14.0288
-1.8 14.0288
-1.6 14.0288
-1.4 14.0288
-1.2 14.0288
-1 14.0288
-0.95 14.0288
-0.9 14.0288
-0.85 14.0288
-0.8 14.0288
-0.75 14.0288
-0.7 14.0288
-0.65 14.0288
-0.6 14.0288
-0.55 14.0288
-0.5 14.0288
-0.45 14.0288
-0.4 14.0288
-0.35 14.0288
-0.3 14.0288
-0.25 14.0288
-0.2 14.0288
-0.15 14.0288
-0.1 14.0288
-0.05 14.0288
-4.24783e-016 14.0288
0.05 14.0288
0.1 14.0288
0.15 14.0288
0.2 14.0288
0.25 14.0288
0.3 14.0288
0.35 14.0288
0.4 14.0288
0.45 14.0288
0.5 14.0288
0.55 14.0288
0.6 14.0288
0.65 14.0288
0.7 14.0288
0.75 14.0288
0.8 14.0288
0.85 14.0288
0.9 14.0288
0.95 14.0288
1 14.0288
1.05 14.0288
1.1 14.0288
1.15 14.0288
1.2 14.0288
1.25 14.0288
1.3 14.0288
1.35 14.0288
1.4 14.0288
1.45 14.0288
1.5 14.0288
1.6 14.0288
1.7 14.0288
1.8 14.0288
1.9 14.0288
2 14.0288
2.1 14.0288
2.2 14.0288
2.3 14.0288
2.4 14.0288
2.5 14.0288
2.6 14.0288
2.7 14.0288
2.8 14.0288
2.9 14.0288
3 14.0288
