drain current vs gate bias
76 2 2
gate bias
drain current
-3 3.1065e-021
-2.8 4.95827e-021
-2.6 5.18364e-022
-2.4 4.70255e-021
-2.2 1.08614e-020
-2 2.36436e-020
-1.8 2.55368e-020
-1.6 3.78007e-020
-1.4 7.79453e-021
-1.2 -6.69886e-020
-1 2.58523e-020
-0.95 -4.54357e-020
-0.9 1.88428e-019
-0.85 9.11766e-020
-0.8 -2.63072e-019
-0.75 -1.03964e-019
-0.7 1.24768e-019
-0.65 -2.99576e-020
-0.6 -2.57858e-019
-0.55 -1.2033e-019
-0.5 -7.48937e-020
-0.45 -1.23711e-019
-0.4 1.07198e-019
-0.35 7.38978e-020
-0.3 -5.93665e-020
-0.25 3.12805e-019
-0.2 5.72347e-020
-0.15 1.14249e-018
-0.1 7.55645e-018
-0.05 5.48046e-017
-4.24783e-016 3.75897e-016
0.05 2.5121e-015
0.1 1.63732e-014
0.15 1.01583e-013
0.2 5.72929e-013
0.25 2.71952e-012
0.3 1.01372e-011
0.35 2.94779e-011
0.4 6.9819e-011
0.45 1.41813e-010
0.5 2.57456e-010
0.55 4.30367e-010
0.6 6.76363e-010
0.65 1.0142e-009
0.7 1.46643e-009
0.75 2.06026e-009
0.8 2.8283e-009
0.85 3.80896e-009
0.9 5.04616e-009
0.95 6.58804e-009
1 8.48455e-009
1.05 1.0785e-008
1.1 1.3537e-008
1.15 1.67852e-008
1.2 2.05711e-008
1.25 2.49315e-008
1.3 2.98979e-008
1.35 3.54954e-008
1.4 4.17416e-008
1.45 4.86464e-008
1.5 5.62112e-008
1.6 7.32827e-008
1.7 9.28021e-008
1.8 1.14521e-007
1.9 1.38155e-007
2 1.63424e-007
2.1 1.90083e-007
2.2 2.17923e-007
2.3 2.46776e-007
2.4 2.76499e-007
2.5 3.06978e-007
2.6 3.38118e-007
2.7 3.69841e-007
2.8 4.0208e-007
2.9 4.3478e-007
3 4.67893e-007
