source current vs gate bias
76 2 2
gate bias
source current
-3 8.26435e-021
-2.8 2.09079e-021
-2.6 -1.42992e-020
-2.4 2.81338e-020
-2.2 -4.986e-021
-2 -4.35634e-020
-1.8 2.18302e-020
-1.6 9.21475e-020
-1.4 7.89661e-019
-1.2 6.93919e-018
-1 6.34567e-017
-0.95 2.40327e-019
-0.9 -1.2904e-019
-0.85 1.85959e-019
-0.8 8.80976e-020
-0.75 2.54973e-019
-0.7 3.36191e-019
-0.65 2.07262e-019
-0.6 9.35122e-019
-0.55 1.82054e-018
-0.5 3.32641e-018
-0.45 6.33149e-018
-0.4 1.3571e-017
-0.35 2.79173e-017
-0.3 5.66615e-017
-0.25 -9.80122e-020
-0.2 -2.43484e-019
-0.15 -9.38921e-019
-0.1 -8.23935e-018
-0.05 -5.47901e-017
-4.24783e-016 -3.74759e-016
0.05 -2.51241e-015
0.1 -1.63737e-014
0.15 -1.01583e-013
0.2 -5.72929e-013
0.25 -2.71952e-012
0.3 -1.01372e-011
0.35 -2.94779e-011
0.4 -6.9819e-011
0.45 -1.41813e-010
0.5 -2.57456e-010
0.55 -4.30367e-010
0.6 -6.76363e-010
0.65 -1.0142e-009
0.7 -1.46643e-009
0.75 -2.06026e-009
0.8 -2.8283e-009
0.85 -3.80896e-009
0.9 -5.04616e-009
0.95 -6.58804e-009
1 -8.48455e-009
1.05 -1.0785e-008
1.1 -1.3537e-008
1.15 -1.67852e-008
1.2 -2.05711e-008
1.25 -2.49315e-008
1.3 -2.98979e-008
1.35 -3.54954e-008
1.4 -4.17416e-008
1.45 -4.86464e-008
1.5 -5.62112e-008
1.6 -7.32827e-008
1.7 -9.28021e-008
1.8 -1.14521e-007
1.9 -1.38155e-007
2 -1.63424e-007
2.1 -1.90083e-007
2.2 -2.17923e-007
2.3 -2.46776e-007
2.4 -2.76499e-007
2.5 -3.06978e-007
2.6 -3.38118e-007
2.7 -3.69841e-007
2.8 -4.0208e-007
2.9 -4.3478e-007
3 -4.67893e-007
