Electron Conc vs Depth
92 2 2
Depth
Electron Conc
0 0
0.0199902 0
0.0344313 0
0.0448638 0
0.0524003 0
0.0578448 0
0.061778 0
0.0646194 0
0.066672 0
0.0681549 0
0.0692261 0
0.07 0
0.07 3.19349e+017
0.0707848 3.49991e+017
0.0714745 4.44023e+017
0.0720807 6.25254e+017
0.0726135 9.45899e+017
0.0730818 1.49142e+018
0.0734934 2.37649e+018
0.0738552 3.71834e+018
0.0741731 5.59447e+018
0.0744526 8.01662e+018
0.0746982 1.09386e+019
0.0749141 1.42808e+019
0.0751038 1.7951e+019
0.0752706 2.18562e+019
0.0754172 2.59082e+019
0.075546 3.00263e+019
0.0756592 3.41392e+019
0.0757587 3.81855e+019
0.0758462 4.21144e+019
0.0759231 4.58858e+019
0.0759906 4.94692e+019
0.07605 5.28436e+019
0.07605 5.28436e+019
0.0761125 5.66439e+019
0.076175 6.07194e+019
0.0762375 6.50917e+019
0.0763 6.97847e+019
0.0763 0
0.0763595 0
0.0764253 0
0.0764982 0
0.0765789 0
0.0766683 0
0.0767672 0
0.0768767 0
0.076998 0
0.0771323 0
0.0772809 0
0.0774455 0
0.0776277 0
0.0778294 0
0.0780527 0
0.0783 0
0.0783 0
0.0785427 0
0.0787984 0
0.0790678 0
0.0793516 0
0.0796506 0
0.0799656 0
0.0802976 0
0.0806473 0
0.0810157 0
0.0814039 0
0.0818128 0
0.0822437 0
0.0826977 0
0.0831759 0
0.0836798 0
0.0842107 0
0.0847701 0
0.0853594 0
0.0859802 0
0.0866344 0
0.0873235 0
0.0880496 0
0.0888146 0
0.0896206 0
0.0904697 0
0.0913644 0
0.0923069 0
0.0933 0
0.0933 0
0.0943551 0
0.0960786 0
0.0988935 0
0.103491 0
0.111001 0
0.123266 0
0.1433 0
