Valence Band Energy vs Depth
92 2 2
Depth
Valence Band Energy
0 -5.25269
0.0199902 -5.25269
0.0344313 -5.25269
0.0448638 -5.25269
0.0524003 -5.25269
0.0578448 -5.25269
0.061778 -5.25269
0.0646194 -5.25269
0.066672 -5.25269
0.0681549 -5.25269
0.0692261 -5.25269
0.07 -2.70269
0.07 -2.70269
0.0707848 -2.70254
0.0714745 -2.70216
0.0720807 -2.70163
0.0726135 -2.70102
0.0730818 -2.70036
0.0734934 -2.6997
0.0738552 -2.69905
0.0741731 -2.69842
0.0744526 -2.69783
0.0746982 -2.69728
0.0749141 -2.69677
0.0751038 -2.69631
0.0752706 -2.69588
0.0754172 -2.6955
0.075546 -2.69515
0.0756592 -2.69484
0.0757587 -2.69456
0.0758462 -2.69431
0.0759231 -2.69409
0.0759906 -2.69389
0.07605 -2.69372
0.07605 -2.69372
0.0761125 -2.69353
0.076175 -2.69335
0.0762375 -2.69316
0.0763 -2.69298
0.0763 -2.69298
0.0763595 -5.24269
0.0764253 -5.24237
0.0764982 -5.24202
0.0765789 -5.24163
0.0766683 -5.2412
0.0767672 -5.24072
0.0768767 -5.24019
0.076998 -5.23961
0.0771323 -5.23896
0.0772809 -5.23824
0.0774455 -5.23744
0.0776277 -5.23656
0.0778294 -5.23559
0.0780527 -5.23451
0.0783 -1.03332
0.0783 -1.03332
0.0785427 -1.03278
0.0787984 -1.03221
0.0790678 -1.03161
0.0793516 -1.03098
0.0796506 -1.03032
0.0799656 -1.02962
0.0802976 -1.02888
0.0806473 -1.0281
0.0810157 -1.02729
0.0814039 -1.02642
0.0818128 -1.02551
0.0822437 -1.02456
0.0826977 -1.02355
0.0831759 -1.02249
0.0836798 -1.02137
0.0842107 -1.02019
0.0847701 -1.01895
0.0853594 -1.01764
0.0859802 -1.01626
0.0866344 -1.01481
0.0873235 -1.01327
0.0880496 -1.01166
0.0888146 -1.00996
0.0896206 -1.00817
0.0904697 -1.00629
0.0913644 -1.0043
0.0923069 -1.00221
0.0933 -1
0.0933 0
0.0943551 0
0.0960786 0
0.0988935 0
0.103491 0
0.111001 0
0.123266 0
0.1433 0
