Valence Band Energy vs Depth
92 2 2
Depth
Valence Band Energy
0 -5.92684
0.0199902 -5.92684
0.0344313 -5.92684
0.0448638 -5.92683
0.0524003 -5.92683
0.0578448 -5.92683
0.061778 -5.92683
0.0646194 -5.92683
0.066672 -5.92683
0.0681549 -5.92683
0.0692261 -5.92683
0.07 -3.37683
0.07 -3.37683
0.0707848 -3.37931
0.0714745 -3.3858
0.0720807 -3.39529
0.0726135 -3.40714
0.0730818 -3.42084
0.0734934 -3.43599
0.0738552 -3.45222
0.0741731 -3.46919
0.0744526 -3.48659
0.0746982 -3.50417
0.0749141 -3.52169
0.0751038 -3.53896
0.0752706 -3.55579
0.0754172 -3.57205
0.075546 -3.58762
0.0756592 -3.60239
0.0757587 -3.6163
0.0758462 -3.62932
0.0759231 -3.64141
0.0759906 -3.65258
0.07605 -3.66284
0.07605 -3.66284
0.0761125 -3.67413
0.076175 -3.68594
0.0762375 -3.69832
0.0763 -3.71129
0.0763 -3.71129
0.0763595 -6.27425
0.0764253 -6.28859
0.0764982 -6.30447
0.0765789 -6.32206
0.0766683 -6.34153
0.0767672 -6.36308
0.0768767 -6.38694
0.076998 -6.41337
0.0771323 -6.44262
0.0772809 -6.475
0.0774455 -6.51086
0.0776277 -6.55055
0.0778294 -6.5945
0.0780527 -6.64316
0.0783 -2.49704
0.0783 -2.49704
0.0785427 -2.52135
0.0787984 -2.54697
0.0790678 -2.57396
0.0793516 -2.6024
0.0796506 -2.63236
0.0799656 -2.66393
0.0802976 -2.69719
0.0806473 -2.73223
0.0810157 -2.76914
0.0814039 -2.80804
0.0818128 -2.84901
0.0822437 -2.89219
0.0826977 -2.93767
0.0831759 -2.98559
0.0836798 -3.03608
0.0842107 -3.08928
0.0847701 -3.14532
0.0853594 -3.20437
0.0859802 -3.26658
0.0866344 -3.33212
0.0873235 -3.40117
0.0880496 -3.47393
0.0888146 -3.55058
0.0896206 -3.63133
0.0904697 -3.71641
0.0913644 -3.80606
0.0923069 -3.9005
0.0933 -4
0.0933 0
0.0943551 0
0.0960786 0
0.0988935 0
0.103491 0
0.111001 0
0.123266 0
0.1433 0
