Valence Band Energy vs Depth
92 2 2
Depth
Valence Band Energy
0 -5.64416
0.0199902 -5.64416
0.0344313 -5.64416
0.0448638 -5.64416
0.0524003 -5.64416
0.0578448 -5.64416
0.061778 -5.64416
0.0646194 -5.64416
0.066672 -5.64416
0.0681549 -5.64416
0.0692261 -5.64416
0.07 -3.09416
0.07 -3.09416
0.0707848 -3.09471
0.0714745 -3.0961
0.0720807 -3.09807
0.0726135 -3.10041
0.0730818 -3.10296
0.0734934 -3.10563
0.0738552 -3.10832
0.0741731 -3.11098
0.0744526 -3.11355
0.0746982 -3.11602
0.0749141 -3.11835
0.0751038 -3.12054
0.0752706 -3.12257
0.0754172 -3.12445
0.075546 -3.12618
0.0756592 -3.12775
0.0757587 -3.12918
0.0758462 -3.13048
0.0759231 -3.13165
0.0759906 -3.13271
0.07605 -3.13365
0.07605 -3.13365
0.0761125 -3.13469
0.076175 -3.13578
0.0762375 -3.13691
0.0763 -3.13809
0.0763 -3.13809
0.0763595 -5.68918
0.0764253 -5.69037
0.0764982 -5.6917
0.0765789 -5.69317
0.0766683 -5.6948
0.0767672 -5.6966
0.0768767 -5.69859
0.076998 -5.70079
0.0771323 -5.70324
0.0772809 -5.70594
0.0774455 -5.70894
0.0776277 -5.71225
0.0778294 -5.71592
0.0780527 -5.71999
0.0783 -1.52448
0.0783 -1.52448
0.0785427 -1.52652
0.0787984 -1.52866
0.0790678 -1.53091
0.0793516 -1.53328
0.0796506 -1.53579
0.0799656 -1.53842
0.0802976 -1.5412
0.0806473 -1.54413
0.0810157 -1.54721
0.0814039 -1.55046
0.0818128 -1.55388
0.0822437 -1.55748
0.0826977 -1.56128
0.0831759 -1.56529
0.0836798 -1.5695
0.0842107 -1.57394
0.0847701 -1.57862
0.0853594 -1.58356
0.0859802 -1.58875
0.0866344 -1.59422
0.0873235 -1.59999
0.0880496 -1.60607
0.0888146 -1.61247
0.0896206 -1.61921
0.0904697 -1.62632
0.0913644 -1.6338
0.0923069 -1.64169
0.0933 -1.65
0.0933 0
0.0943551 0
0.0960786 0
0.0988935 0
0.103491 0
0.111001 0
0.123266 0
0.1433 0
