Probe avg_n vs gate bias
121 2 2
gate bias
Probe avg_n
-3 5.43711e+012
-2.95 5.43736e+012
-2.9 5.43766e+012
-2.85 5.438e+012
-2.8 5.43839e+012
-2.75 5.43883e+012
-2.7 5.43935e+012
-2.65 5.43994e+012
-2.6 5.44062e+012
-2.55 5.4414e+012
-2.5 5.4423e+012
-2.45 5.44333e+012
-2.4 5.44451e+012
-2.35 5.44588e+012
-2.3 5.44744e+012
-2.25 5.44924e+012
-2.2 5.45131e+012
-2.15 5.45369e+012
-2.1 5.45643e+012
-2.05 5.45957e+012
-2 5.46319e+012
-1.95 5.46734e+012
-1.9 5.47213e+012
-1.85 5.47763e+012
-1.8 5.48396e+012
-1.75 5.49125e+012
-1.7 5.49964e+012
-1.65 5.50929e+012
-1.6 5.52042e+012
-1.55 5.53323e+012
-1.5 5.54801e+012
-1.45 5.56504e+012
-1.4 5.5847e+012
-1.35 5.60739e+012
-1.3 5.63361e+012
-1.25 5.66393e+012
-1.2 5.69901e+012
-1.15 5.73965e+012
-1.1 5.78678e+012
-1.05 5.84152e+012
-1 5.9052e+012
-0.95 5.97941e+012
-0.9 6.06608e+012
-0.85 6.16756e+012
-0.8 6.28671e+012
-0.75 6.42705e+012
-0.7 6.59297e+012
-0.65 6.78995e+012
-0.6 7.02491e+012
-0.55 7.30686e+012
-0.5 7.6489e+012
-0.45 8.07849e+012
-0.4 8.69997e+012
-0.35 1.00781e+013
-0.3 1.5461e+013
-0.25 4.20475e+013
-0.2 1.62324e+014
-0.15 5.74792e+014
-0.1 1.58556e+015
-0.05 3.47881e+015
0 6.47741e+015
0.05 1.08e+016
0.1 1.67153e+016
0.15 2.45704e+016
0.2 3.48028e+016
0.25 4.79402e+016
0.3 6.45818e+016
0.35 8.53506e+016
0.4 1.10814e+017
0.45 1.41395e+017
0.5 1.77311e+017
0.55 2.18575e+017
0.6 2.65046e+017
0.65 3.16482e+017
0.7 3.72593e+017
0.75 4.33078e+017
0.8 4.9766e+017
0.85 5.66114e+017
0.9 6.3828e+017
0.95 7.14067e+017
1 7.93444e+017
1.05 8.76428e+017
1.1 9.63046e+017
1.15 1.05331e+018
1.2 1.14719e+018
1.25 1.24459e+018
1.3 1.34536e+018
1.35 1.44932e+018
1.4 1.55626e+018
1.45 1.66595e+018
1.5 1.77818e+018
1.55 1.89272e+018
1.6 2.00938e+018
1.65 2.12797e+018
1.7 2.24832e+018
1.75 2.37028e+018
1.8 2.49371e+018
1.85 2.61848e+018
1.9 2.74448e+018
1.95 2.87162e+018
2 2.99978e+018
2.05 3.1289e+018
2.1 3.2589e+018
2.15 3.38971e+018
2.2 3.52128e+018
2.25 3.65353e+018
2.3 3.78643e+018
2.35 3.91993e+018
2.4 4.05399e+018
2.45 4.18856e+018
2.5 4.32361e+018
2.55 4.45912e+018
2.6 4.59505e+018
2.65 4.73137e+018
2.7 4.86807e+018
2.75 5.00511e+018
2.8 5.14247e+018
2.85 5.28014e+018
2.9 5.4181e+018
2.95 5.55633e+018
3 5.69481e+018
