Conduction Band Energy vs Depth
89 2 2
Depth
Conduction Band Energy
0 0.139856
0.000998669 0.139837
0.00192469 0.139785
0.00278335 0.139706
0.00357954 0.139607
0.00431782 0.139491
0.00500239 0.139363
0.00563716 0.139225
0.00622576 0.13908
0.00677153 0.13893
0.00727761 0.138778
0.00774687 0.138624
0.00818199 0.138471
0.00858546 0.138319
0.00895958 0.138169
0.00930649 0.138023
0.00962816 0.13788
0.00992643 0.137741
0.010203 0.137607
0.0104595 0.137478
0.0106973 0.137354
0.0109178 0.137235
0.0111222 0.137122
0.0113118 0.137014
0.0114876 0.136911
0.0116506 0.136814
0.0118017 0.136721
0.0119419 0.136634
0.0120719 0.136552
0.0121924 0.136474
0.0123041 0.136401
0.0124077 0.136332
0.0125038 0.136267
0.0125929 0.136206
0.0126755 0.136149
0.0127521 0.136096
0.0128231 0.136046
0.0128889 0.135999
0.01295 0.135955
0.01295 0.135955
0.0130125 0.135892
0.013075 0.13581
0.0131375 0.135708
0.0132 0.135588
0.0132 0.135588
0.0132595 3.51147
0.0133253 3.51362
0.0133982 3.516
0.0134789 3.51863
0.0135683 3.52155
0.0136672 3.52478
0.0137767 3.52836
0.013898 3.53231
0.0140323 3.5367
0.0141809 3.54155
0.0143455 3.54692
0.0145277 3.55287
0.0147294 3.55945
0.0149527 3.56674
0.0152 3.57482
0.0152 3.57482
0.0154427 3.57846
0.0156984 3.5823
0.0159678 3.58634
0.0162516 3.5906
0.0165506 3.59509
0.0168656 3.59982
0.0171976 3.6048
0.0175473 3.61005
0.0179157 3.61558
0.0183039 3.62141
0.0187128 3.62755
0.0191437 3.63402
0.0195977 3.64083
0.0200759 3.64801
0.0205798 3.65558
0.0211107 3.66355
0.0216701 3.67195
0.0222594 3.68079
0.0228802 3.69011
0.0235344 3.69993
0.0242235 3.71028
0.0249496 3.72118
0.0257146 3.73266
0.0265206 3.74476
0.0273697 3.75751
0.0282644 3.77094
0.0292069 3.78509
0.0302 3.8
