Probe chan_mob vs gate bias
121 2 2
gate bias
Probe chan_mob
-3 59.2376
-2.95 59.2376
-2.9 59.2376
-2.85 59.2376
-2.8 59.2376
-2.75 59.2376
-2.7 59.2376
-2.65 59.2376
-2.6 59.2376
-2.55 59.2376
-2.5 59.2376
-2.45 59.2376
-2.4 59.2376
-2.35 59.2376
-2.3 59.2376
-2.25 59.2376
-2.2 59.2376
-2.15 59.2376
-2.1 59.2376
-2.05 59.2376
-2 59.2376
-1.95 59.2376
-1.9 59.2376
-1.85 59.2376
-1.8 59.2376
-1.75 59.2376
-1.7 59.2376
-1.65 59.2376
-1.6 59.2376
-1.55 59.2376
-1.5 59.2376
-1.45 59.2376
-1.4 59.2376
-1.35 59.2376
-1.3 59.2376
-1.25 59.2376
-1.2 59.2376
-1.15 59.2376
-1.1 59.2376
-1.05 59.2376
-1 59.2376
-0.95 59.2376
-0.9 59.2376
-0.85 59.2376
-0.8 59.2376
-0.75 59.2376
-0.7 59.2376
-0.65 59.2376
-0.6 59.2376
-0.55 59.2376
-0.5 59.2376
-0.45 59.2376
-0.4 59.2376
-0.35 59.2376
-0.3 59.2376
-0.25 59.2376
-0.2 59.2376
-0.15 59.2376
-0.1 59.2376
-0.05 59.2376
0 59.2376
0.05 59.2376
0.1 59.2376
0.15 59.2376
0.2 59.2376
0.25 59.2376
0.3 59.2376
0.35 59.2376
0.4 59.2376
0.45 59.2376
0.5 59.2376
0.55 59.2376
0.6 59.2376
0.65 59.2376
0.7 59.2376
0.75 59.2376
0.8 59.2376
0.85 59.2376
0.9 59.2376
0.95 59.2376
1 59.2376
1.05 59.2376
1.1 59.2376
1.15 59.2376
1.2 59.2376
1.25 59.2376
1.3 59.2376
1.35 59.2376
1.4 59.2376
1.45 59.2376
1.5 59.2376
1.55 59.2376
1.6 59.2376
1.65 59.2376
1.7 59.2376
1.75 59.2376
1.8 59.2376
1.85 59.2376
1.9 59.2376
1.95 59.2376
2 59.2376
2.05 59.2376
2.1 59.2376
2.15 59.2376
2.2 59.2376
2.25 59.2376
2.3 59.2376
2.35 59.2376
2.4 59.2376
2.45 59.2376
2.5 59.2376
2.55 59.2376
2.6 59.2376
2.65 59.2376
2.7 59.2376
2.75 59.2376
2.8 59.2376
2.85 59.2376
2.9 59.2376
2.95 59.2376
3 59.2376
