Probe chan_n vs gate bias
121 2 2
gate bias
Probe chan_n
-3 5.31327e-032
-2.95 1.14882e-031
-2.9 4.20815e-031
-2.85 2.41847e-030
-2.8 1.61922e-029
-2.75 1.11466e-028
-2.7 7.70538e-028
-2.65 5.32974e-027
-2.6 3.6868e-026
-2.55 2.55027e-025
-2.5 1.76395e-024
-2.45 1.21971e-023
-2.4 8.42455e-023
-2.35 5.79394e-022
-2.3 3.92805e-021
-2.25 2.56951e-020
-2.2 1.59296e-019
-2.15 9.65363e-019
-2.1 6.10199e-018
-2.05 4.06725e-017
-2 2.78316e-016
-1.95 1.92037e-015
-1.9 1.32777e-014
-1.85 9.18428e-014
-1.8 6.35333e-013
-1.75 4.39493e-012
-1.7 3.03963e-011
-1.65 2.09955e-010
-1.6 1.43799e-009
-1.55 9.45103e-009
-1.5 5.87231e-008
-1.45 3.86402e-007
-1.4 2.6586e-006
-1.35 1.83871e-005
-1.3 0.000127194
-1.25 0.000879878
-1.2 0.00608665
-1.15 0.0421049
-1.1 0.291248
-1.05 2.01372
-1 13.9278
-0.95 96.333
-0.9 666.065
-0.85 4600.63
-0.8 31700.7
-0.75 217422
-0.7 1.48073e+006
-0.65 1.00029e+007
-0.6 6.71425e+007
-0.55 4.49723e+008
-0.5 3.01823e+009
-0.45 2.02881e+010
-0.4 1.35413e+011
-0.35 8.82357e+011
-0.3 5.48682e+012
-0.25 3.14301e+013
-0.2 1.54475e+014
-0.15 5.90854e+014
-0.1 1.6863e+015
-0.05 3.74155e+015
0 6.89275e+015
0.05 1.11186e+016
0.1 1.62906e+016
0.15 2.22246e+016
0.2 2.87234e+016
0.25 3.56065e+016
0.3 4.27228e+016
0.35 4.99511e+016
0.4 5.71935e+016
0.45 6.43704e+016
0.5 7.1419e+016
0.55 7.82962e+016
0.6 8.49789e+016
0.65 9.14609e+016
0.7 9.77475e+016
0.75 1.03851e+017
0.8 1.09788e+017
0.85 1.15577e+017
0.9 1.21239e+017
0.95 1.26794e+017
1 1.32262e+017
1.05 1.37661e+017
1.1 1.43009e+017
1.15 1.4832e+017
1.2 1.53603e+017
1.25 1.58866e+017
1.3 1.64113e+017
1.35 1.69344e+017
1.4 1.74561e+017
1.45 1.79761e+017
1.5 1.84943e+017
1.55 1.90105e+017
1.6 1.95246e+017
1.65 2.00363e+017
1.7 2.05455e+017
1.75 2.10522e+017
1.8 2.15562e+017
1.85 2.20575e+017
1.9 2.2556e+017
1.95 2.30517e+017
2 2.35446e+017
2.05 2.40346e+017
2.1 2.45219e+017
2.15 2.50063e+017
2.2 2.5488e+017
2.25 2.59669e+017
2.3 2.6443e+017
2.35 2.69165e+017
2.4 2.73874e+017
2.45 2.78557e+017
2.5 2.83214e+017
2.55 2.87845e+017
2.6 2.92452e+017
2.65 2.97035e+017
2.7 3.01594e+017
2.75 3.06129e+017
2.8 3.10641e+017
2.85 3.15131e+017
2.9 3.19598e+017
2.95 3.24043e+017
3 3.28468e+017
