drain current vs gate bias
121 2 2
gate bias
drain current
-3 1.95484e-020
-2.95 7.93048e-020
-2.9 1.23508e-019
-2.85 -8.09097e-020
-2.8 -9.2552e-020
-2.75 -7.09614e-020
-2.7 -9.86629e-020
-2.65 -1.70461e-019
-2.6 2.12613e-021
-2.55 -1.90371e-019
-2.5 -1.26752e-019
-2.45 -1.83808e-021
-2.4 1.86345e-019
-2.35 1.05772e-019
-2.3 4.13499e-019
-2.25 1.66456e-019
-2.2 -1.97017e-019
-2.15 -1.0772e-019
-2.1 -7.06425e-020
-2.05 1.24495e-019
-2 4.71837e-019
-1.95 1.92504e-019
-1.9 -2.03286e-019
-1.85 -5.38584e-019
-1.8 -2.12065e-019
-1.75 5.87636e-019
-1.7 -4.75157e-019
-1.65 -5.47473e-019
-1.6 -4.71316e-020
-1.55 2.19307e-019
-1.5 -1.34865e-019
-1.45 1.14455e-018
-1.4 -4.51563e-019
-1.35 -5.13016e-019
-1.3 -8.77888e-020
-1.25 2.25398e-019
-1.2 4.01414e-019
-1.15 -1.44391e-018
-1.1 5.40559e-019
-1.05 -8.84691e-019
-1 6.12107e-019
-0.95 -2.83338e-019
-0.9 3.06825e-019
-0.85 5.00421e-019
-0.8 -9.24458e-020
-0.75 -2.31163e-018
-0.7 -1.85233e-019
-0.65 2.52363e-019
-0.6 1.55624e-018
-0.55 1.49462e-017
-0.5 9.93569e-017
-0.45 6.57743e-016
-0.4 4.39957e-015
-0.35 2.89354e-014
-0.3 1.83531e-013
-0.25 1.08931e-012
-0.2 5.72064e-012
-0.15 2.45501e-011
-0.1 8.22364e-011
-0.05 2.19415e-010
0 4.90615e-010
0.05 9.64444e-010
0.1 1.72744e-009
0.15 2.89029e-009
0.2 4.59513e-009
0.25 7.02315e-009
0.3 1.04006e-008
0.35 1.50004e-008
0.4 2.11362e-008
0.45 2.91478e-008
0.5 3.93805e-008
0.55 5.21623e-008
0.6 6.77848e-008
0.65 8.64933e-008
0.7 1.08485e-007
0.75 1.33911e-007
0.8 1.62875e-007
0.85 1.95433e-007
0.9 2.31588e-007
0.95 2.71283e-007
1 3.14405e-007
1.05 3.60778e-007
1.1 4.10177e-007
1.15 4.62338e-007
1.2 5.16985e-007
1.25 5.73841e-007
1.3 6.32651e-007
1.35 6.93183e-007
1.4 7.55235e-007
1.45 8.18631e-007
1.5 8.8322e-007
1.55 9.48874e-007
1.6 1.01548e-006
1.65 1.08295e-006
1.7 1.15119e-006
1.75 1.22014e-006
1.8 1.28974e-006
1.85 1.35992e-006
1.9 1.43064e-006
1.95 1.50187e-006
2 1.57355e-006
2.05 1.64567e-006
2.1 1.71818e-006
2.15 1.79107e-006
2.2 1.8643e-006
2.25 1.93787e-006
2.3 2.01173e-006
2.35 2.08589e-006
2.4 2.16032e-006
2.45 2.235e-006
2.5 2.30993e-006
2.55 2.38508e-006
2.6 2.46046e-006
2.65 2.53604e-006
2.7 2.61183e-006
2.75 2.68779e-006
2.8 2.76394e-006
2.85 2.84027e-006
2.9 2.91675e-006
2.95 2.99339e-006
3 3.07019e-006
