source current vs gate bias
121 2 2
gate bias
source current
-3 8.76242e-020
-2.95 7.31116e-020
-2.9 -1.23508e-019
-2.85 1.12891e-020
-2.8 -9.57446e-020
-2.75 5.59928e-020
-2.7 -3.21828e-019
-2.65 2.70828e-019
-2.6 -1.62711e-019
-2.55 -8.15228e-019
-2.5 -3.56642e-019
-2.45 -5.40669e-019
-2.4 -1.63561e-019
-2.35 -3.2427e-020
-2.3 3.87368e-020
-2.25 1.16649e-019
-2.2 -2.04767e-019
-2.15 -9.62384e-020
-2.1 2.50637e-019
-2.05 -2.8257e-019
-2 -3.82978e-020
-1.95 3.63665e-019
-1.9 -7.20526e-019
-1.85 -1.46388e-019
-1.8 -3.33158e-019
-1.75 -9.94208e-020
-1.7 1.19568e-018
-1.65 -2.59855e-019
-1.6 -3.68713e-020
-1.55 6.32079e-020
-1.5 -1.45729e-019
-1.45 2.26934e-019
-1.4 5.67115e-019
-1.35 -6.67195e-019
-1.3 9.19587e-019
-1.25 4.0295e-019
-1.2 -6.34713e-019
-1.15 3.36231e-019
-1.1 7.85709e-019
-1.05 8.76132e-019
-1 2.5845e-018
-0.95 5.29981e-018
-0.9 8.81223e-018
-0.85 1.91537e-017
-0.8 4.50829e-017
-0.75 -3.7873e-020
-0.7 -7.86308e-019
-0.65 -3.71612e-019
-0.6 -3.27284e-018
-0.55 -1.61154e-017
-0.5 -9.80828e-017
-0.45 -6.59013e-016
-0.4 -4.40003e-015
-0.35 -2.89379e-014
-0.3 -1.83529e-013
-0.25 -1.0893e-012
-0.2 -5.72064e-012
-0.15 -2.45501e-011
-0.1 -8.22364e-011
-0.05 -2.19415e-010
0 -4.90615e-010
0.05 -9.64444e-010
0.1 -1.72744e-009
0.15 -2.89029e-009
0.2 -4.59513e-009
0.25 -7.02315e-009
0.3 -1.04006e-008
0.35 -1.50004e-008
0.4 -2.11362e-008
0.45 -2.91478e-008
0.5 -3.93805e-008
0.55 -5.21623e-008
0.6 -6.77848e-008
0.65 -8.64933e-008
0.7 -1.08485e-007
0.75 -1.33911e-007
0.8 -1.62875e-007
0.85 -1.95433e-007
0.9 -2.31588e-007
0.95 -2.71283e-007
1 -3.14405e-007
1.05 -3.60778e-007
1.1 -4.10177e-007
1.15 -4.62338e-007
1.2 -5.16985e-007
1.25 -5.73841e-007
1.3 -6.32651e-007
1.35 -6.93183e-007
1.4 -7.55235e-007
1.45 -8.18631e-007
1.5 -8.8322e-007
1.55 -9.48874e-007
1.6 -1.01548e-006
1.65 -1.08295e-006
1.7 -1.15119e-006
1.75 -1.22014e-006
1.8 -1.28974e-006
1.85 -1.35992e-006
1.9 -1.43064e-006
1.95 -1.50187e-006
2 -1.57355e-006
2.05 -1.64567e-006
2.1 -1.71818e-006
2.15 -1.79107e-006
2.2 -1.8643e-006
2.25 -1.93787e-006
2.3 -2.01173e-006
2.35 -2.08589e-006
2.4 -2.16032e-006
2.45 -2.235e-006
2.5 -2.30993e-006
2.55 -2.38508e-006
2.6 -2.46046e-006
2.65 -2.53604e-006
2.7 -2.61183e-006
2.75 -2.68779e-006
2.8 -2.76394e-006
2.85 -2.84027e-006
2.9 -2.91675e-006
2.95 -2.99339e-006
3 -3.07019e-006
