Electron Conc vs Depth
89 2 2
Depth
Electron Conc
0 1.08934e+016
0.000998669 1.09014e+016
0.00192469 1.09234e+016
0.00278335 1.09565e+016
0.00357954 1.09986e+016
0.00431782 1.10478e+016
0.00500239 1.11028e+016
0.00563716 1.11621e+016
0.00622576 1.12247e+016
0.00677153 1.12898e+016
0.00727761 1.13565e+016
0.00774687 1.1424e+016
0.00818199 1.14919e+016
0.00858546 1.15596e+016
0.00895958 1.16266e+016
0.00930649 1.16926e+016
0.00962816 1.17573e+016
0.00992643 1.18204e+016
0.010203 1.18817e+016
0.0104595 1.19411e+016
0.0106973 1.19984e+016
0.0109178 1.20535e+016
0.0111222 1.21064e+016
0.0113118 1.2157e+016
0.0114876 1.22053e+016
0.0116506 1.22513e+016
0.0118017 1.22951e+016
0.0119419 1.23366e+016
0.0120719 1.23759e+016
0.0121924 1.24131e+016
0.0123041 1.24483e+016
0.0124077 1.24815e+016
0.0125038 1.25127e+016
0.0125929 1.25421e+016
0.0126755 1.25697e+016
0.0127521 1.25957e+016
0.0128231 1.26201e+016
0.0128889 1.26429e+016
0.01295 1.26643e+016
0.01295 1.26643e+016
0.0130125 1.26953e+016
0.013075 1.27357e+016
0.0131375 1.27855e+016
0.0132 1.28449e+016
0.0132 0
0.0132595 0
0.0133253 0
0.0133982 0
0.0134789 0
0.0135683 0
0.0136672 0
0.0137767 0
0.013898 0
0.0140323 0
0.0141809 0
0.0143455 0
0.0145277 0
0.0147294 0
0.0149527 0
0.0152 0
0.0152 0
0.0154427 0
0.0156984 0
0.0159678 0
0.0162516 0
0.0165506 0
0.0168656 0
0.0171976 0
0.0175473 0
0.0179157 0
0.0183039 0
0.0187128 0
0.0191437 0
0.0195977 0
0.0200759 0
0.0205798 0
0.0211107 0
0.0216701 0
0.0222594 0
0.0228802 0
0.0235344 0
0.0242235 0
0.0249496 0
0.0257146 0
0.0265206 0
0.0273697 0
0.0282644 0
0.0292069 0
0.0302 0
