Valence Band Energy vs Depth
89 2 2
Depth
Valence Band Energy
0 -3.30831
0.000998669 -3.30902
0.00192469 -3.31096
0.00278335 -3.31393
0.00357954 -3.31779
0.00431782 -3.32242
0.00500239 -3.32774
0.00563716 -3.3337
0.00622576 -3.34023
0.00677153 -3.3473
0.00727761 -3.35489
0.00774687 -3.36297
0.00818199 -3.37151
0.00858546 -3.38051
0.00895958 -3.38994
0.00930649 -3.3998
0.00962816 -3.41007
0.00992643 -3.42073
0.010203 -3.43178
0.0104595 -3.4432
0.0106973 -3.45498
0.0109178 -3.46711
0.0111222 -3.47955
0.0113118 -3.49229
0.0114876 -3.50528
0.0116506 -3.5185
0.0118017 -3.53189
0.0119419 -3.54541
0.0120719 -3.55902
0.0121924 -3.57265
0.0123041 -3.58626
0.0124077 -3.5998
0.0125038 -3.61322
0.0125929 -3.62647
0.0126755 -3.6395
0.0127521 -3.65229
0.0128231 -3.66478
0.0128889 -3.67695
0.01295 -3.68878
0.01295 -3.68878
0.0130125 -3.70147
0.013075 -3.71479
0.0131375 -3.72877
0.0132 -3.74346
0.0132 -3.74346
0.0132595 -6.3062
0.0133253 -6.32031
0.0133982 -6.33593
0.0134789 -6.35322
0.0135683 -6.37237
0.0136672 -6.39356
0.0137767 -6.41703
0.013898 -6.44301
0.0140323 -6.47178
0.0141809 -6.50363
0.0143455 -6.53889
0.0145277 -6.57793
0.0147294 -6.62115
0.0149527 -6.669
0.0152 -6.72198
0.0152 -6.72198
0.0154427 -6.74589
0.0156984 -6.77108
0.0159678 -6.79763
0.0162516 -6.82559
0.0165506 -6.85506
0.0168656 -6.8861
0.0171976 -6.91881
0.0175473 -6.95326
0.0179157 -6.98957
0.0183039 -7.02782
0.0187128 -7.06811
0.0191437 -7.11057
0.0195977 -7.1553
0.0200759 -7.20243
0.0205798 -7.25208
0.0211107 -7.30439
0.0216701 -7.3595
0.0222594 -7.41757
0.0228802 -7.47875
0.0235344 -7.5432
0.0242235 -7.61111
0.0249496 -7.68266
0.0257146 -7.75803
0.0265206 -7.83745
0.0273697 -7.92112
0.0282644 -8.00927
0.0292069 -8.10215
0.0302 -8.2
