Valence Band Energy vs Depth
89 2 2
Depth
Valence Band Energy
0 -3.00219
0.000998669 -3.00226
0.00192469 -3.00246
0.00278335 -3.00275
0.00357954 -3.00313
0.00431782 -3.00357
0.00500239 -3.00407
0.00563716 -3.0046
0.00622576 -3.00515
0.00677153 -3.00573
0.00727761 -3.00632
0.00774687 -3.00692
0.00818199 -3.00752
0.00858546 -3.00812
0.00895958 -3.00871
0.00930649 -3.00928
0.00962816 -3.00985
0.00992643 -3.0104
0.010203 -3.01093
0.0104595 -3.01145
0.0106973 -3.01195
0.0109178 -3.01242
0.0111222 -3.01288
0.0113118 -3.01332
0.0114876 -3.01373
0.0116506 -3.01413
0.0118017 -3.0145
0.0119419 -3.01486
0.0120719 -3.01519
0.0121924 -3.01551
0.0123041 -3.01581
0.0124077 -3.0161
0.0125038 -3.01636
0.0125929 -3.01661
0.0126755 -3.01685
0.0127521 -3.01707
0.0128231 -3.01728
0.0128889 -3.01747
0.01295 -3.01765
0.01295 -3.01765
0.0130125 -3.01786
0.013075 -3.01808
0.0131375 -3.01833
0.0132 -3.0186
0.0132 -3.0186
0.0132595 -5.5668
0.0133253 -5.56482
0.0133982 -5.56262
0.0134789 -5.56018
0.0135683 -5.55748
0.0136672 -5.5545
0.0137767 -5.55119
0.013898 -5.54753
0.0140323 -5.54348
0.0141809 -5.53899
0.0143455 -5.53402
0.0145277 -5.52852
0.0147294 -5.52243
0.0149527 -5.51569
0.0152 -5.50823
0.0152 -5.50823
0.0154427 -5.50486
0.0156984 -5.50131
0.0159678 -5.49757
0.0162516 -5.49363
0.0165506 -5.48948
0.0168656 -5.48511
0.0171976 -5.4805
0.0175473 -5.47564
0.0179157 -5.47053
0.0183039 -5.46514
0.0187128 -5.45946
0.0191437 -5.45348
0.0195977 -5.44718
0.0200759 -5.44054
0.0205798 -5.43355
0.0211107 -5.42618
0.0216701 -5.41841
0.0222594 -5.41023
0.0228802 -5.40161
0.0235344 -5.39253
0.0242235 -5.38296
0.0249496 -5.37289
0.0257146 -5.36227
0.0265206 -5.35108
0.0273697 -5.33929
0.0282644 -5.32687
0.0292069 -5.31379
0.0302 -5.3
