Probe avg_n vs gate bias
76 2 2
gate bias
Probe avg_n
-3 4.23152e+012
-2.8 4.23372e+012
-2.6 4.23716e+012
-2.4 4.24249e+012
-2.2 4.25062e+012
-2 4.26305e+012
-1.8 4.2821e+012
-1.6 4.31137e+012
-1.4 4.35652e+012
-1.2 4.42664e+012
-1 4.5366e+012
-0.95 4.57295e+012
-0.9 4.61381e+012
-0.85 4.6598e+012
-0.8 4.71166e+012
-0.75 4.77021e+012
-0.7 4.83645e+012
-0.65 4.91153e+012
-0.6 4.99683e+012
-0.55 5.09399e+012
-0.5 5.20495e+012
-0.45 5.33208e+012
-0.4 5.47826e+012
-0.35 5.64703e+012
-0.3 5.84281e+012
-0.25 6.07119e+012
-0.2 6.33936e+012
-0.15 6.65683e+012
-0.1 7.03732e+012
-0.05 7.50682e+012
-4.24783e-016 8.14899e+012
0.05 9.37779e+012
0.1 1.35523e+013
0.15 3.40233e+013
0.2 1.38152e+014
0.25 5.77656e+014
0.3 1.91153e+015
0.35 4.81808e+015
0.4 9.82212e+015
0.45 1.72973e+016
0.5 2.75814e+016
0.55 4.10593e+016
0.6 5.82068e+016
0.65 7.96133e+016
0.7 1.05983e+017
0.75 1.38114e+017
0.8 1.76842e+017
0.85 2.22965e+017
0.9 2.77165e+017
0.95 3.39947e+017
1 4.1164e+017
1.05 4.92415e+017
1.1 5.82299e+017
1.15 6.81181e+017
1.2 7.88858e+017
1.25 9.05079e+017
1.3 1.0296e+018
1.35 1.1622e+018
1.4 1.30273e+018
1.45 1.45109e+018
1.5 1.6072e+018
1.6 1.94253e+018
1.7 2.30799e+018
1.8 2.70194e+018
1.9 3.12186e+018
2 3.56479e+018
2.1 4.02776e+018
2.2 4.50801e+018
2.3 5.00314e+018
2.4 5.51107e+018
2.5 6.03006e+018
2.6 6.55864e+018
2.7 7.09556e+018
2.8 7.63976e+018
2.9 8.19036e+018
3 8.74661e+018
