Conduction Band Energy vs Depth
129 2 2
Depth
Conduction Band Energy
0 3.74934
0.0140028 3.74934
0.0252939 3.74934
0.0343986 3.74934
0.0417401 3.74934
0.0476599 3.74934
0.0524334 3.74934
0.0562824 3.74934
0.0593861 3.74934
0.0618888 3.74934
0.0639068 3.74934
0.0655341 3.74934
0.0668462 3.74934
0.0679042 3.74934
0.0687574 3.74934
0.0694453 3.74934
0.07 0.421741
0.07 0.421741
0.0705501 0.421812
0.0710538 0.422
0.0715149 0.422276
0.071937 0.422616
0.0723234 0.422999
0.0726773 0.423411
0.0730012 0.42384
0.0732977 0.424275
0.0735692 0.42471
0.0738177 0.425137
0.0740453 0.425554
0.0742536 0.425957
0.0744443 0.426344
0.0746189 0.426713
0.0747788 0.427063
0.0749251 0.427394
0.0750591 0.427705
0.0751817 0.427998
0.075294 0.428272
0.0753968 0.428528
0.075491 0.428767
0.0755771 0.428989
0.075656 0.429196
0.0757282 0.429388
0.0757943 0.429565
0.0758549 0.429729
0.0759103 0.429881
0.075961 0.430022
0.0760075 0.430151
0.07605 0.430271
0.07605 0.430271
0.0760917 0.430388
0.0761333 0.430505
0.076175 0.430622
0.0762167 0.430739
0.0762583 0.430856
0.0763 0.430974
0.0763 0.430974
0.0763436 3.75878
0.0763903 3.75899
0.0764404 3.75923
0.0764941 3.75948
0.0765517 3.75975
0.0766134 3.76003
0.0766795 3.76034
0.0767504 3.76067
0.0768264 3.76102
0.0769078 3.7614
0.0769951 3.76181
0.0770887 3.76225
0.0771891 3.76271
0.0772966 3.76321
0.0774119 3.76375
0.0775354 3.76433
0.0776679 3.76494
0.0778098 3.7656
0.077962 3.76631
0.0781251 3.76707
0.0783 4.66788
0.0783 4.66788
0.0784788 4.66827
0.0786641 4.66866
0.0788563 4.66908
0.0790555 4.6695
0.079262 4.66994
0.0794761 4.6704
0.0796981 4.67088
0.0799282 4.67137
0.0801667 4.67188
0.0804141 4.67241
0.0806705 4.67296
0.0809363 4.67353
0.0812118 4.67412
0.0814975 4.67473
0.0817937 4.67536
0.0821007 4.67602
0.0824191 4.6767
0.0827491 4.67741
0.0830912 4.67814
0.0834459 4.6789
0.0838136 4.67969
0.0841948 4.68051
0.08459 4.68135
0.0849997 4.68223
0.0854245 4.68314
0.0858648 4.68408
0.0863213 4.68506
0.0867946 4.68607
0.0872852 4.68712
0.0877939 4.68821
0.0883212 4.68934
0.0888679 4.69051
0.0894347 4.69172
0.0900223 4.69298
0.0906314 4.69429
0.0912629 4.69564
0.0919176 4.69704
0.0925964 4.69849
0.0933 4.7
0.0933 0
0.0939004 0
0.0947226 0
0.0958485 0
0.0973904 0
0.0995019 0
0.102394 0
0.106353 0
0.111776 0
0.119203 0
0.129373 0
0.1433 0
