Conduction Band Energy vs Depth
129 2 2
Depth
Conduction Band Energy
0 3.05541
0.0140028 3.05541
0.0252939 3.05541
0.0343986 3.05541
0.0417401 3.05541
0.0476599 3.05541
0.0524334 3.05541
0.0562824 3.05541
0.0593861 3.05541
0.0618888 3.05541
0.0639068 3.05541
0.0655341 3.05541
0.0668462 3.05541
0.0679042 3.05541
0.0687574 3.05541
0.0694453 3.05541
0.07 -0.272185
0.07 -0.272185
0.0705501 -0.273423
0.0710538 -0.276775
0.0715149 -0.281818
0.071937 -0.288239
0.0723234 -0.295801
0.0726773 -0.304313
0.0730012 -0.313618
0.0732977 -0.323582
0.0735692 -0.33409
0.0738177 -0.345037
0.0740453 -0.35633
0.0742536 -0.367885
0.0744443 -0.379623
0.0746189 -0.391469
0.0747788 -0.403356
0.0749251 -0.415217
0.0750591 -0.42699
0.0751817 -0.438618
0.075294 -0.450048
0.0753968 -0.461232
0.075491 -0.472127
0.0755771 -0.482697
0.075656 -0.49291
0.0757282 -0.502741
0.0757943 -0.512171
0.0758549 -0.521186
0.0759103 -0.529777
0.075961 -0.537939
0.0760075 -0.545673
0.07605 -0.552981
0.07605 -0.552981
0.0760917 -0.560371
0.0761333 -0.567996
0.076175 -0.575865
0.0762167 -0.583987
0.0762583 -0.592372
0.0763 -0.60103
0.0763 -0.60103
0.0763436 2.71713
0.0763903 2.70701
0.0764404 2.69617
0.0764941 2.68454
0.0765517 2.67208
0.0766134 2.65872
0.0766795 2.6444
0.0767504 2.62906
0.0768264 2.6126
0.0769078 2.59497
0.0769951 2.57606
0.0770887 2.5558
0.0771891 2.53408
0.0772966 2.5108
0.0774119 2.48584
0.0775354 2.45909
0.0776679 2.43041
0.0778098 2.39968
0.077962 2.36673
0.0781251 2.33141
0.0783 3.19355
0.0783 3.19355
0.0784788 3.17575
0.0786641 3.15729
0.0788563 3.13816
0.0790555 3.11833
0.079262 3.09776
0.0794761 3.07645
0.0796981 3.05434
0.0799282 3.03143
0.0801667 3.00768
0.0804141 2.98305
0.0806705 2.95752
0.0809363 2.93106
0.0812118 2.90362
0.0814975 2.87517
0.0817937 2.84568
0.0821007 2.81511
0.0824191 2.78341
0.0827491 2.75056
0.0830912 2.71649
0.0834459 2.68117
0.0838136 2.64456
0.0841948 2.60661
0.08459 2.56726
0.0849997 2.52646
0.0854245 2.48417
0.0858648 2.44032
0.0863213 2.39487
0.0867946 2.34774
0.0872852 2.29889
0.0877939 2.24824
0.0883212 2.19574
0.0888679 2.1413
0.0894347 2.08487
0.0900223 2.02636
0.0906314 1.96571
0.0912629 1.90283
0.0919176 1.83764
0.0925964 1.77006
0.0933 1.7
0.0933 0
0.0939004 0
0.0947226 0
0.0958485 0
0.0973904 0
0.0995019 0
0.102394 0
0.106353 0
0.111776 0
0.119203 0
0.129373 0
0.1433 0
