Conduction Band Energy vs Depth
129 2 2
Depth
Conduction Band Energy
0 3.35322
0.0140028 3.35322
0.0252939 3.35322
0.0343986 3.35322
0.0417401 3.35322
0.0476599 3.35322
0.0524334 3.35322
0.0562824 3.35322
0.0593861 3.35322
0.0618888 3.35322
0.0639068 3.35322
0.0655341 3.35322
0.0668462 3.35322
0.0679042 3.35322
0.0687574 3.35322
0.0694453 3.35322
0.07 0.0256167
0.07 0.0256167
0.0705501 0.0253358
0.0710538 0.0245819
0.0715149 0.0234667
0.071937 0.0220785
0.0723234 0.0204879
0.0726773 0.0187521
0.0730012 0.0169174
0.0732977 0.0150219
0.0735692 0.0130965
0.0738177 0.0111664
0.0740453 0.00925211
0.0742536 0.00737007
0.0744443 0.00553335
0.0746189 0.00375216
0.0747788 0.00203428
0.0749251 0.000385394
0.0750591 -0.00119053
0.0751817 -0.00269099
0.075294 -0.00411476
0.0753968 -0.0054616
0.075491 -0.00673212
0.0755771 -0.00792761
0.075656 -0.00904993
0.0757282 -0.0101013
0.0757943 -0.0110844
0.0758549 -0.012002
0.0759103 -0.0128571
0.075961 -0.0136528
0.0760075 -0.0143922
0.07605 -0.0150784
0.07605 -0.0150784
0.0760917 -0.0157683
0.0761333 -0.0164755
0.076175 -0.0172001
0.0762167 -0.0179424
0.0762583 -0.0187025
0.0763 -0.0194805
0.0763 -0.0194805
0.0763436 3.30734
0.0763903 3.30651
0.0764404 3.30562
0.0764941 3.30467
0.0765517 3.30365
0.0766134 3.30255
0.0766795 3.30138
0.0767504 3.30012
0.0768264 3.29877
0.0769078 3.29732
0.0769951 3.29577
0.0770887 3.2941
0.0771891 3.29232
0.0772966 3.29041
0.0774119 3.28836
0.0775354 3.28617
0.0776679 3.28381
0.0778098 3.28129
0.077962 3.27859
0.0781251 3.27569
0.0783 4.17258
0.0783 4.17258
0.0784788 4.17112
0.0786641 4.1696
0.0788563 4.16803
0.0790555 4.16641
0.079262 4.16472
0.0794761 4.16297
0.0796981 4.16116
0.0799282 4.15927
0.0801667 4.15733
0.0804141 4.1553
0.0806705 4.15321
0.0809363 4.15104
0.0812118 4.14878
0.0814975 4.14645
0.0817937 4.14403
0.0821007 4.14152
0.0824191 4.13892
0.0827491 4.13622
0.0830912 4.13343
0.0834459 4.13053
0.0838136 4.12752
0.0841948 4.12441
0.08459 4.12118
0.0849997 4.11783
0.0854245 4.11436
0.0858648 4.11076
0.0863213 4.10703
0.0867946 4.10316
0.0872852 4.09915
0.0877939 4.095
0.0883212 4.09069
0.0888679 4.08622
0.0894347 4.08159
0.0900223 4.07679
0.0906314 4.07181
0.0912629 4.06665
0.0919176 4.0613
0.0925964 4.05575
0.0933 4.05
0.0933 0
0.0939004 0
0.0947226 0
0.0958485 0
0.0973904 0
0.0995019 0
0.102394 0
0.106353 0
0.111776 0
0.119203 0
0.129373 0
0.1433 0
