Probe chan_n vs gate bias
76 2 2
gate bias
Probe chan_n
-3 5.61374e-034
-2.8 9.86681e-034
-2.6 8.37065e-033
-2.4 1.03484e-029
-2.2 2.36867e-026
-2 5.42436e-023
-1.8 1.18681e-019
-1.6 2.42551e-016
-1.4 5.54921e-013
-1.2 1.25169e-009
-1 1.70763e-006
-0.95 1.18091e-005
-0.9 8.16896e-005
-0.85 0.000565094
-0.8 0.00390908
-0.75 0.0270413
-0.7 0.187059
-0.65 1.29396
-0.6 8.95079
-0.55 61.9151
-0.5 428.241
-0.45 2961.09
-0.4 20459
-0.35 141139
-0.3 971193
-0.25 6.66156e+006
-0.2 4.55587e+007
-0.15 3.10995e+008
-0.1 2.1195e+009
-0.05 1.43718e+010
-4.24783e-016 9.60723e+010
0.05 6.25356e+011
0.1 3.924e+012
0.15 2.34552e+013
0.2 1.28168e+014
0.25 5.79884e+014
0.3 1.96351e+015
0.35 4.95634e+015
0.4 9.97738e+015
0.45 1.71627e+016
0.5 2.64921e+016
0.55 3.7885e+016
0.6 5.1253e+016
0.65 6.65245e+016
0.7 8.36521e+016
0.75 1.02608e+017
0.8 1.23369e+017
0.85 1.45905e+017
0.9 1.70165e+017
0.95 1.96079e+017
1 2.23576e+017
1.05 2.52587e+017
1.1 2.83054e+017
1.15 3.14924e+017
1.2 3.48157e+017
1.25 3.82723e+017
1.3 4.18612e+017
1.35 4.55831e+017
1.4 4.94405e+017
1.45 5.34373e+017
1.5 5.75787e+017
1.6 6.63167e+017
1.7 7.56936e+017
1.8 8.57313e+017
1.9 9.64301e+017
2 1.07774e+018
2.1 1.19735e+018
2.2 1.32281e+018
2.3 1.45377e+018
2.4 1.58988e+018
2.5 1.73079e+018
2.6 1.87616e+018
2.7 2.02568e+018
2.8 2.17902e+018
2.9 2.33591e+018
3 2.49605e+018
