Probe chan_mob vs gate bias
76 2 2
gate bias
Probe chan_mob
-3 10.6492
-2.8 10.6492
-2.6 10.6492
-2.4 10.6492
-2.2 10.6492
-2 10.6492
-1.8 10.6492
-1.6 10.6492
-1.4 10.6492
-1.2 10.6492
-1 10.6492
-0.95 10.6492
-0.9 10.6492
-0.85 10.6492
-0.8 10.6492
-0.75 10.6492
-0.7 10.6492
-0.65 10.6492
-0.6 10.6492
-0.55 10.6492
-0.5 10.6492
-0.45 10.6492
-0.4 10.6492
-0.35 10.6492
-0.3 10.6492
-0.25 10.6492
-0.2 10.6492
-0.15 10.6492
-0.1 10.6492
-0.05 10.6492
-4.24783e-016 10.6492
0.05 10.6492
0.1 10.6492
0.15 10.6492
0.2 10.6492
0.25 10.6492
0.3 10.6492
0.35 10.6492
0.4 10.6492
0.45 10.6492
0.5 10.6492
0.55 10.6492
0.6 10.6492
0.65 10.6492
0.7 10.6492
0.75 10.6492
0.8 10.6492
0.85 10.6492
0.9 10.6492
0.95 10.6492
1 10.6492
1.05 10.6492
1.1 10.6492
1.15 10.6492
1.2 10.6492
1.25 10.6492
1.3 10.6492
1.35 10.6492
1.4 10.6492
1.45 10.6492
1.5 10.6492
1.6 10.6492
1.7 10.6492
1.8 10.6492
1.9 10.6492
2 10.6492
2.1 10.6492
2.2 10.6492
2.3 10.6492
2.4 10.6492
2.5 10.6492
2.6 10.6492
2.7 10.6492
2.8 10.6492
2.9 10.6492
3 10.6492
