drain current vs gate bias
76 2 2
gate bias
drain current
-3 3.94511e-020
-2.8 -4.16078e-023
-2.6 1.88969e-021
-2.4 -3.63375e-021
-2.2 -7.88815e-020
-2 -4.69059e-020
-1.8 -8.6572e-020
-1.6 7.30079e-020
-1.4 3.67258e-020
-1.2 -3.10117e-020
-1 -1.17722e-019
-0.95 -2.6862e-019
-0.9 4.99294e-021
-0.85 -1.33922e-019
-0.8 -3.17551e-019
-0.75 -1.78858e-019
-0.7 4.66008e-021
-0.65 -1.91396e-019
-0.6 1.36363e-019
-0.55 1.57444e-019
-0.5 -3.71474e-019
-0.45 2.7539e-019
-0.4 2.77486e-020
-0.35 4.75566e-020
-0.3 1.07916e-018
-0.25 -3.83008e-019
-0.2 -6.31255e-019
-0.15 7.97895e-019
-0.1 5.39757e-018
-0.05 3.95629e-017
-4.24783e-016 2.66686e-016
0.05 1.75712e-015
0.1 1.12101e-014
0.15 6.86216e-014
0.2 3.91259e-013
0.25 1.93551e-012
0.3 7.63414e-012
0.35 2.34381e-011
0.4 5.81653e-011
0.45 1.22959e-010
0.5 2.31216e-010
0.55 3.98988e-010
0.6 6.4567e-010
0.65 9.94826e-010
0.7 1.47499e-009
0.75 2.12021e-009
0.8 2.97009e-009
0.85 4.06911e-009
0.9 5.46504e-009
0.95 7.20675e-009
1 9.34125e-009
1.05 1.19112e-008
1.1 1.49535e-008
1.15 1.84995e-008
1.2 2.25742e-008
1.25 2.71966e-008
1.3 3.23789e-008
1.35 3.8126e-008
1.4 4.44351e-008
1.45 5.12952e-008
1.5 5.86876e-008
1.6 7.49616e-008
1.7 9.30002e-008
1.8 1.12524e-007
1.9 1.33275e-007
2 1.55039e-007
2.1 1.77644e-007
2.2 2.00952e-007
2.3 2.24857e-007
2.4 2.49271e-007
2.5 2.74126e-007
2.6 2.99365e-007
2.7 3.24941e-007
2.8 3.50817e-007
2.9 3.76959e-007
3 4.03339e-007
