source current vs gate bias
76 2 2
gate bias
source current
-3 1.20455e-020
-2.8 -2.73225e-020
-2.6 -4.72526e-020
-2.4 -2.26069e-020
-2.2 -5.14273e-020
-2 -3.60046e-020
-1.8 1.12785e-019
-1.6 1.95501e-019
-1.4 6.93464e-019
-1.2 3.8095e-018
-1 2.36577e-017
-0.95 -1.09623e-019
-0.9 -1.33811e-019
-0.85 3.768e-019
-0.8 9.98588e-020
-0.75 1.49566e-019
-0.7 3.15998e-019
-0.65 -1.28707e-019
-0.6 3.67924e-019
-0.55 3.71475e-019
-0.5 1.69671e-018
-0.45 2.86129e-018
-0.4 4.59571e-018
-0.35 7.9314e-018
-0.3 1.31957e-017
-0.25 2.16791e-017
-0.2 -3.70287e-019
-0.15 -8.14039e-019
-0.1 -5.96987e-018
-0.05 -3.96273e-017
-4.24783e-016 -2.66806e-016
0.05 -1.75658e-015
0.1 -1.12105e-014
0.15 -6.8622e-014
0.2 -3.91259e-013
0.25 -1.93551e-012
0.3 -7.63414e-012
0.35 -2.34381e-011
0.4 -5.81653e-011
0.45 -1.22959e-010
0.5 -2.31216e-010
0.55 -3.98988e-010
0.6 -6.4567e-010
0.65 -9.94826e-010
0.7 -1.47499e-009
0.75 -2.12021e-009
0.8 -2.97009e-009
0.85 -4.06911e-009
0.9 -5.46504e-009
0.95 -7.20675e-009
1 -9.34125e-009
1.05 -1.19112e-008
1.1 -1.49535e-008
1.15 -1.84995e-008
1.2 -2.25742e-008
1.25 -2.71966e-008
1.3 -3.23789e-008
1.35 -3.8126e-008
1.4 -4.44351e-008
1.45 -5.12952e-008
1.5 -5.86876e-008
1.6 -7.49616e-008
1.7 -9.30002e-008
1.8 -1.12524e-007
1.9 -1.33275e-007
2 -1.55039e-007
2.1 -1.77644e-007
2.2 -2.00952e-007
2.3 -2.24857e-007
2.4 -2.49271e-007
2.5 -2.74126e-007
2.6 -2.99365e-007
2.7 -3.24941e-007
2.8 -3.50817e-007
2.9 -3.76959e-007
3 -4.03339e-007
