Electron Conc vs Depth
129 2 2
Depth
Electron Conc
0 0
0.0140028 0
0.0252939 0
0.0343986 0
0.0417401 0
0.0476599 0
0.0524334 0
0.0562824 0
0.0593861 0
0.0618888 0
0.0639068 0
0.0655341 0
0.0668462 0
0.0679042 0
0.0687574 0
0.0694453 0
0.07 0
0.07 2.09686e+011
0.0705501 2.09115e+011
0.0710538 2.07598e+011
0.0715149 2.05394e+011
0.071937 2.02714e+011
0.0723234 1.99728e+011
0.0726773 1.96568e+011
0.0730012 1.93336e+011
0.0732977 1.90109e+011
0.0735692 1.86941e+011
0.0738177 1.83873e+011
0.0740453 1.80931e+011
0.0742536 1.78134e+011
0.0744443 1.7549e+011
0.0746189 1.73004e+011
0.0747788 1.70677e+011
0.0749251 1.68507e+011
0.0750591 1.66487e+011
0.0751817 1.64612e+011
0.075294 1.62876e+011
0.0753968 1.6127e+011
0.075491 1.59787e+011
0.0755771 1.58419e+011
0.075656 1.57159e+011
0.0757282 1.55998e+011
0.0757943 1.54931e+011
0.0758549 1.53949e+011
0.0759103 1.53047e+011
0.075961 1.52218e+011
0.0760075 1.51457e+011
0.07605 1.50759e+011
0.07605 1.50759e+011
0.0760917 1.50077e+011
0.0761333 1.49399e+011
0.076175 1.48724e+011
0.0762167 1.48051e+011
0.0762583 1.47382e+011
0.0763 1.46715e+011
0.0763 0
0.0763436 0
0.0763903 0
0.0764404 0
0.0764941 0
0.0765517 0
0.0766134 0
0.0766795 0
0.0767504 0
0.0768264 0
0.0769078 0
0.0769951 0
0.0770887 0
0.0771891 0
0.0772966 0
0.0774119 0
0.0775354 0
0.0776679 0
0.0778098 0
0.077962 0
0.0781251 0
0.0783 0
0.0783 0
0.0784788 0
0.0786641 0
0.0788563 0
0.0790555 0
0.079262 0
0.0794761 0
0.0796981 0
0.0799282 0
0.0801667 0
0.0804141 0
0.0806705 0
0.0809363 0
0.0812118 0
0.0814975 0
0.0817937 0
0.0821007 0
0.0824191 0
0.0827491 0
0.0830912 0
0.0834459 0
0.0838136 0
0.0841948 0
0.08459 0
0.0849997 0
0.0854245 0
0.0858648 0
0.0863213 0
0.0867946 0
0.0872852 0
0.0877939 0
0.0883212 0
0.0888679 0
0.0894347 0
0.0900223 0
0.0906314 0
0.0912629 0
0.0919176 0
0.0925964 0
0.0933 0
0.0933 0
0.0939004 0
0.0947226 0
0.0958485 0
0.0973904 0
0.0995019 0
0.102394 0
0.106353 0
0.111776 0
0.119203 0
0.129373 0
0.1433 0
