Electron Conc vs Depth
129 2 2
Depth
Electron Conc
0 0
0.0140028 0
0.0252939 0
0.0343986 0
0.0417401 0
0.0476599 0
0.0524334 0
0.0562824 0
0.0593861 0
0.0618888 0
0.0639068 0
0.0655341 0
0.0668462 0
0.0679042 0
0.0687574 0
0.0694453 0
0.07 0
0.07 5.42521e+017
0.0705501 5.6719e+017
0.0710538 6.3933e+017
0.0715149 7.63838e+017
0.071937 9.53978e+017
0.0723234 1.23058e+018
0.0726773 1.6215e+018
0.0730012 2.16001e+018
0.0732977 2.88119e+018
0.0735692 3.81682e+018
0.0738177 4.99016e+018
0.0740453 6.41267e+018
0.0742536 8.0837e+018
0.0744443 9.99238e+018
0.0746189 1.21204e+019
0.0747788 1.44448e+019
0.0749251 1.69397e+019
0.0750591 1.95782e+019
0.0751817 2.23327e+019
0.075294 2.51762e+019
0.0753968 2.80822e+019
0.075491 3.10257e+019
0.0755771 3.39829e+019
0.075656 3.69322e+019
0.0757282 3.98536e+019
0.0757943 4.27295e+019
0.0758549 4.55445e+019
0.0759103 4.82854e+019
0.075961 5.09411e+019
0.0760075 5.35028e+019
0.07605 5.59634e+019
0.07605 5.59634e+019
0.0760917 5.84904e+019
0.0761333 6.11379e+019
0.076175 6.39122e+019
0.0762167 6.682e+019
0.0762583 6.98683e+019
0.0763 7.30647e+019
0.0763 0
0.0763436 0
0.0763903 0
0.0764404 0
0.0764941 0
0.0765517 0
0.0766134 0
0.0766795 0
0.0767504 0
0.0768264 0
0.0769078 0
0.0769951 0
0.0770887 0
0.0771891 0
0.0772966 0
0.0774119 0
0.0775354 0
0.0776679 0
0.0778098 0
0.077962 0
0.0781251 0
0.0783 0
0.0783 0
0.0784788 0
0.0786641 0
0.0788563 0
0.0790555 0
0.079262 0
0.0794761 0
0.0796981 0
0.0799282 0
0.0801667 0
0.0804141 0
0.0806705 0
0.0809363 0
0.0812118 0
0.0814975 0
0.0817937 0
0.0821007 0
0.0824191 0
0.0827491 0
0.0830912 0
0.0834459 0
0.0838136 0
0.0841948 0
0.08459 0
0.0849997 0
0.0854245 0
0.0858648 0
0.0863213 0
0.0867946 0
0.0872852 0
0.0877939 0
0.0883212 0
0.0888679 0
0.0894347 0
0.0900223 0
0.0906314 0
0.0912629 0
0.0919176 0
0.0925964 0
0.0933 0
0.0933 0
0.0939004 0
0.0947226 0
0.0958485 0
0.0973904 0
0.0995019 0
0.102394 0
0.106353 0
0.111776 0
0.119203 0
0.129373 0
0.1433 0
