Electron Conc vs Depth
129 2 2
Depth
Electron Conc
0 0
0.0140028 0
0.0252939 0
0.0343986 0
0.0417401 0
0.0476599 0
0.0524334 0
0.0562824 0
0.0593861 0
0.0618888 0
0.0639068 0
0.0655341 0
0.0668462 0
0.0679042 0
0.0687574 0
0.0694453 0
0.07 0
0.07 4.59303e+016
0.0705501 4.6429e+016
0.0710538 4.77938e+016
0.0715149 4.98861e+016
0.071937 5.26182e+016
0.0723234 5.59316e+016
0.0726773 5.97842e+016
0.0730012 6.41424e+016
0.0732977 6.89759e+016
0.0735692 7.42549e+016
0.0738177 7.99479e+016
0.0740453 8.60201e+016
0.0742536 9.24339e+016
0.0744443 9.91477e+016
0.0746189 1.06117e+017
0.0747788 1.13296e+017
0.0749251 1.20635e+017
0.0750591 1.28085e+017
0.0751817 1.35598e+017
0.075294 1.43126e+017
0.0753968 1.50624e+017
0.075491 1.58049e+017
0.0755771 1.65362e+017
0.075656 1.72528e+017
0.0757282 1.79515e+017
0.0757943 1.86298e+017
0.0758549 1.92855e+017
0.0759103 1.99166e+017
0.075961 2.05219e+017
0.0760075 2.11005e+017
0.07605 2.16516e+017
0.07605 2.16516e+017
0.0760917 2.22196e+017
0.0761333 2.2817e+017
0.076175 2.34452e+017
0.0762167 2.41062e+017
0.0762583 2.48016e+017
0.0763 2.55335e+017
0.0763 0
0.0763436 0
0.0763903 0
0.0764404 0
0.0764941 0
0.0765517 0
0.0766134 0
0.0766795 0
0.0767504 0
0.0768264 0
0.0769078 0
0.0769951 0
0.0770887 0
0.0771891 0
0.0772966 0
0.0774119 0
0.0775354 0
0.0776679 0
0.0778098 0
0.077962 0
0.0781251 0
0.0783 0
0.0783 0
0.0784788 0
0.0786641 0
0.0788563 0
0.0790555 0
0.079262 0
0.0794761 0
0.0796981 0
0.0799282 0
0.0801667 0
0.0804141 0
0.0806705 0
0.0809363 0
0.0812118 0
0.0814975 0
0.0817937 0
0.0821007 0
0.0824191 0
0.0827491 0
0.0830912 0
0.0834459 0
0.0838136 0
0.0841948 0
0.08459 0
0.0849997 0
0.0854245 0
0.0858648 0
0.0863213 0
0.0867946 0
0.0872852 0
0.0877939 0
0.0883212 0
0.0888679 0
0.0894347 0
0.0900223 0
0.0906314 0
0.0912629 0
0.0919176 0
0.0925964 0
0.0933 0
0.0933 0
0.0939004 0
0.0947226 0
0.0958485 0
0.0973904 0
0.0995019 0
0.102394 0
0.106353 0
0.111776 0
0.119203 0
0.129373 0
0.1433 0
