Valence Band Energy vs Depth
129 2 2
Depth
Valence Band Energy
0 -5.25066
0.0140028 -5.25066
0.0252939 -5.25066
0.0343986 -5.25066
0.0417401 -5.25066
0.0476599 -5.25066
0.0524334 -5.25066
0.0562824 -5.25066
0.0593861 -5.25066
0.0618888 -5.25066
0.0639068 -5.25066
0.0655341 -5.25066
0.0668462 -5.25066
0.0679042 -5.25066
0.0687574 -5.25066
0.0694453 -5.25066
0.07 -2.70066
0.07 -2.70066
0.0705501 -2.70059
0.0710538 -2.7004
0.0715149 -2.70012
0.071937 -2.69978
0.0723234 -2.6994
0.0726773 -2.69899
0.0730012 -2.69856
0.0732977 -2.69812
0.0735692 -2.69769
0.0738177 -2.69726
0.0740453 -2.69685
0.0742536 -2.69644
0.0744443 -2.69606
0.0746189 -2.69569
0.0747788 -2.69534
0.0749251 -2.69501
0.0750591 -2.69469
0.0751817 -2.6944
0.075294 -2.69413
0.0753968 -2.69387
0.075491 -2.69363
0.0755771 -2.69341
0.075656 -2.6932
0.0757282 -2.69301
0.0757943 -2.69283
0.0758549 -2.69267
0.0759103 -2.69252
0.075961 -2.69238
0.0760075 -2.69225
0.07605 -2.69213
0.07605 -2.69213
0.0760917 -2.69201
0.0761333 -2.6919
0.076175 -2.69178
0.0762167 -2.69166
0.0762583 -2.69154
0.0763 -2.69143
0.0763 -2.69143
0.0763436 -5.24122
0.0763903 -5.24101
0.0764404 -5.24077
0.0764941 -5.24052
0.0765517 -5.24025
0.0766134 -5.23997
0.0766795 -5.23966
0.0767504 -5.23933
0.0768264 -5.23898
0.0769078 -5.2386
0.0769951 -5.23819
0.0770887 -5.23775
0.0771891 -5.23729
0.0772966 -5.23679
0.0774119 -5.23625
0.0775354 -5.23567
0.0776679 -5.23506
0.0778098 -5.2344
0.077962 -5.23369
0.0781251 -5.23293
0.0783 -1.03212
0.0783 -1.03212
0.0784788 -1.03173
0.0786641 -1.03134
0.0788563 -1.03092
0.0790555 -1.0305
0.079262 -1.03006
0.0794761 -1.0296
0.0796981 -1.02912
0.0799282 -1.02863
0.0801667 -1.02812
0.0804141 -1.02759
0.0806705 -1.02704
0.0809363 -1.02647
0.0812118 -1.02588
0.0814975 -1.02527
0.0817937 -1.02464
0.0821007 -1.02398
0.0824191 -1.0233
0.0827491 -1.02259
0.0830912 -1.02186
0.0834459 -1.0211
0.0838136 -1.02031
0.0841948 -1.01949
0.08459 -1.01865
0.0849997 -1.01777
0.0854245 -1.01686
0.0858648 -1.01592
0.0863213 -1.01494
0.0867946 -1.01393
0.0872852 -1.01288
0.0877939 -1.01179
0.0883212 -1.01066
0.0888679 -1.00949
0.0894347 -1.00828
0.0900223 -1.00702
0.0906314 -1.00571
0.0912629 -1.00436
0.0919176 -1.00296
0.0925964 -1.00151
0.0933 -1
0.0933 0
0.0939004 0
0.0947226 0
0.0958485 0
0.0973904 0
0.0995019 0
0.102394 0
0.106353 0
0.111776 0
0.119203 0
0.129373 0
0.1433 0
