Valence Band Energy vs Depth
129 2 2
Depth
Valence Band Energy
0 -5.94459
0.0140028 -5.94459
0.0252939 -5.94459
0.0343986 -5.94459
0.0417401 -5.94459
0.0476599 -5.94459
0.0524334 -5.94459
0.0562824 -5.94459
0.0593861 -5.94459
0.0618888 -5.94459
0.0639068 -5.94459
0.0655341 -5.94459
0.0668462 -5.94459
0.0679042 -5.94459
0.0687574 -5.94459
0.0694453 -5.94459
0.07 -3.39459
0.07 -3.39459
0.0705501 -3.39582
0.0710538 -3.39917
0.0715149 -3.40422
0.071937 -3.41064
0.0723234 -3.4182
0.0726773 -3.42671
0.0730012 -3.43602
0.0732977 -3.44598
0.0735692 -3.45649
0.0738177 -3.46744
0.0740453 -3.47873
0.0742536 -3.49029
0.0744443 -3.50202
0.0746189 -3.51387
0.0747788 -3.52576
0.0749251 -3.53762
0.0750591 -3.54939
0.0751817 -3.56102
0.075294 -3.57245
0.0753968 -3.58363
0.075491 -3.59453
0.0755771 -3.6051
0.075656 -3.61531
0.0757282 -3.62514
0.0757943 -3.63457
0.0758549 -3.64359
0.0759103 -3.65218
0.075961 -3.66034
0.0760075 -3.66807
0.07605 -3.67538
0.07605 -3.67538
0.0760917 -3.68277
0.0761333 -3.6904
0.076175 -3.69826
0.0762167 -3.70639
0.0762583 -3.71477
0.0763 -3.72343
0.0763 -3.72343
0.0763436 -6.28287
0.0763903 -6.29299
0.0764404 -6.30383
0.0764941 -6.31546
0.0765517 -6.32792
0.0766134 -6.34128
0.0766795 -6.3556
0.0767504 -6.37094
0.0768264 -6.3874
0.0769078 -6.40503
0.0769951 -6.42394
0.0770887 -6.4442
0.0771891 -6.46592
0.0772966 -6.4892
0.0774119 -6.51416
0.0775354 -6.54091
0.0776679 -6.56959
0.0778098 -6.60032
0.077962 -6.63327
0.0781251 -6.66859
0.0783 -2.50645
0.0783 -2.50645
0.0784788 -2.52425
0.0786641 -2.54271
0.0788563 -2.56184
0.0790555 -2.58167
0.079262 -2.60224
0.0794761 -2.62355
0.0796981 -2.64566
0.0799282 -2.66857
0.0801667 -2.69232
0.0804141 -2.71695
0.0806705 -2.74248
0.0809363 -2.76894
0.0812118 -2.79638
0.0814975 -2.82483
0.0817937 -2.85432
0.0821007 -2.88489
0.0824191 -2.91659
0.0827491 -2.94944
0.0830912 -2.98351
0.0834459 -3.01883
0.0838136 -3.05544
0.0841948 -3.09339
0.08459 -3.13274
0.0849997 -3.17354
0.0854245 -3.21583
0.0858648 -3.25968
0.0863213 -3.30513
0.0867946 -3.35226
0.0872852 -3.40111
0.0877939 -3.45176
0.0883212 -3.50426
0.0888679 -3.5587
0.0894347 -3.61513
0.0900223 -3.67364
0.0906314 -3.73429
0.0912629 -3.79717
0.0919176 -3.86236
0.0925964 -3.92994
0.0933 -4
0.0933 0
0.0939004 0
0.0947226 0
0.0958485 0
0.0973904 0
0.0995019 0
0.102394 0
0.106353 0
0.111776 0
0.119203 0
0.129373 0
0.1433 0
