Valence Band Energy vs Depth
129 2 2
Depth
Valence Band Energy
0 -5.64678
0.0140028 -5.64678
0.0252939 -5.64678
0.0343986 -5.64678
0.0417401 -5.64678
0.0476599 -5.64678
0.0524334 -5.64678
0.0562824 -5.64678
0.0593861 -5.64678
0.0618888 -5.64678
0.0639068 -5.64678
0.0655341 -5.64678
0.0668462 -5.64678
0.0679042 -5.64678
0.0687574 -5.64678
0.0694453 -5.64678
0.07 -3.09678
0.07 -3.09678
0.0705501 -3.09706
0.0710538 -3.09782
0.0715149 -3.09893
0.071937 -3.10032
0.0723234 -3.10191
0.0726773 -3.10365
0.0730012 -3.10548
0.0732977 -3.10738
0.0735692 -3.1093
0.0738177 -3.11123
0.0740453 -3.11315
0.0742536 -3.11503
0.0744443 -3.11687
0.0746189 -3.11865
0.0747788 -3.12037
0.0749251 -3.12201
0.0750591 -3.12359
0.0751817 -3.12509
0.075294 -3.12651
0.0753968 -3.12786
0.075491 -3.12913
0.0755771 -3.13033
0.075656 -3.13145
0.0757282 -3.1325
0.0757943 -3.13348
0.0758549 -3.1344
0.0759103 -3.13526
0.075961 -3.13605
0.0760075 -3.13679
0.07605 -3.13748
0.07605 -3.13748
0.0760917 -3.13817
0.0761333 -3.13888
0.076175 -3.1396
0.0762167 -3.14034
0.0762583 -3.1411
0.0763 -3.14188
0.0763 -3.14188
0.0763436 -5.69266
0.0763903 -5.69349
0.0764404 -5.69438
0.0764941 -5.69533
0.0765517 -5.69635
0.0766134 -5.69745
0.0766795 -5.69862
0.0767504 -5.69988
0.0768264 -5.70123
0.0769078 -5.70268
0.0769951 -5.70423
0.0770887 -5.7059
0.0771891 -5.70768
0.0772966 -5.70959
0.0774119 -5.71164
0.0775354 -5.71383
0.0776679 -5.71619
0.0778098 -5.71871
0.077962 -5.72141
0.0781251 -5.72431
0.0783 -1.52742
0.0783 -1.52742
0.0784788 -1.52888
0.0786641 -1.5304
0.0788563 -1.53197
0.0790555 -1.53359
0.079262 -1.53528
0.0794761 -1.53703
0.0796981 -1.53884
0.0799282 -1.54073
0.0801667 -1.54267
0.0804141 -1.5447
0.0806705 -1.54679
0.0809363 -1.54896
0.0812118 -1.55122
0.0814975 -1.55355
0.0817937 -1.55597
0.0821007 -1.55848
0.0824191 -1.56108
0.0827491 -1.56378
0.0830912 -1.56657
0.0834459 -1.56947
0.0838136 -1.57248
0.0841948 -1.57559
0.08459 -1.57882
0.0849997 -1.58217
0.0854245 -1.58564
0.0858648 -1.58924
0.0863213 -1.59297
0.0867946 -1.59684
0.0872852 -1.60085
0.0877939 -1.605
0.0883212 -1.60931
0.0888679 -1.61378
0.0894347 -1.61841
0.0900223 -1.62321
0.0906314 -1.62819
0.0912629 -1.63335
0.0919176 -1.6387
0.0925964 -1.64425
0.0933 -1.65
0.0933 0
0.0939004 0
0.0947226 0
0.0958485 0
0.0973904 0
0.0995019 0
0.102394 0
0.106353 0
0.111776 0
0.119203 0
0.129373 0
0.1433 0
