Conduction Band Energy vs Depth
89 2 2
Depth
Conduction Band Energy
0 -0.232253
0.000998669 -0.232958
0.00192469 -0.2349
0.00278335 -0.237873
0.00357954 -0.24173
0.00431782 -0.246361
0.00500239 -0.251684
0.00563716 -0.257635
0.00622576 -0.264167
0.00677153 -0.271242
0.00727761 -0.27883
0.00774687 -0.286906
0.00818199 -0.295452
0.00858546 -0.30445
0.00895958 -0.313883
0.00930649 -0.32374
0.00962816 -0.334005
0.00992643 -0.344669
0.010203 -0.355718
0.0104595 -0.367141
0.0106973 -0.378924
0.0109178 -0.391048
0.0111222 -0.403492
0.0113118 -0.416228
0.0114876 -0.429223
0.0116506 -0.442438
0.0118017 -0.455831
0.0119419 -0.469354
0.0120719 -0.482959
0.0121924 -0.496592
0.0123041 -0.510204
0.0124077 -0.523743
0.0125038 -0.537161
0.0125929 -0.550409
0.0126755 -0.563444
0.0127521 -0.576227
0.0128231 -0.588721
0.0128889 -0.600894
0.01295 -0.61272
0.01295 -0.61272
0.0130125 -0.625409
0.013075 -0.638727
0.0131375 -0.65271
0.0132 -0.667399
0.0132 -0.667399
0.0132595 2.6938
0.0133253 2.67969
0.0133982 2.66407
0.0134789 2.64678
0.0135683 2.62763
0.0136672 2.60644
0.0137767 2.58297
0.013898 2.55699
0.0140323 2.52822
0.0141809 2.49637
0.0143455 2.46111
0.0145277 2.42207
0.0147294 2.37885
0.0149527 2.331
0.0152 2.27802
0.0152 2.27802
0.0154427 2.25411
0.0156984 2.22892
0.0159678 2.20237
0.0162516 2.17441
0.0165506 2.14494
0.0168656 2.1139
0.0171976 2.08119
0.0175473 2.04674
0.0179157 2.01043
0.0183039 1.97218
0.0187128 1.93189
0.0191437 1.88943
0.0195977 1.8447
0.0200759 1.79757
0.0205798 1.74792
0.0211107 1.69561
0.0216701 1.6405
0.0222594 1.58243
0.0228802 1.52125
0.0235344 1.4568
0.0242235 1.38889
0.0249496 1.31734
0.0257146 1.24197
0.0265206 1.16255
0.0273697 1.07888
0.0282644 0.990727
0.0292069 0.897851
0.0302 0.8
