Conduction Band Energy vs Depth
89 2 2
Depth
Conduction Band Energy
0 0.0738743
0.000998669 0.0738018
0.00192469 0.0736041
0.00278335 0.073306
0.00357954 0.0729277
0.00431782 0.0724858
0.00500239 0.0719939
0.00563716 0.0714638
0.00622576 0.0709053
0.00677153 0.0703269
0.00727761 0.0697358
0.00774687 0.0691381
0.00818199 0.0685392
0.00858546 0.0679435
0.00895958 0.0673549
0.00930649 0.0667766
0.00962816 0.0662111
0.00992643 0.0656607
0.010203 0.065127
0.0104595 0.0646114
0.0106973 0.0641148
0.0109178 0.0636379
0.0111222 0.0631812
0.0113118 0.062745
0.0114876 0.0623291
0.0116506 0.0619335
0.0118017 0.0615579
0.0119419 0.061202
0.0120719 0.0608651
0.0121924 0.0605468
0.0123041 0.0602465
0.0124077 0.0599635
0.0125038 0.0596971
0.0125929 0.0594467
0.0126755 0.0592114
0.0127521 0.0589907
0.0128231 0.0587837
0.0128889 0.0585898
0.01295 0.0584083
0.01295 0.0584083
0.0130125 0.0582023
0.013075 0.0579757
0.0131375 0.0577285
0.0132 0.0574607
0.0132 0.0574607
0.0132595 3.4332
0.0133253 3.43518
0.0133982 3.43738
0.0134789 3.43982
0.0135683 3.44252
0.0136672 3.4455
0.0137767 3.44881
0.013898 3.45247
0.0140323 3.45652
0.0141809 3.46101
0.0143455 3.46598
0.0145277 3.47148
0.0147294 3.47757
0.0149527 3.48431
0.0152 3.49177
0.0152 3.49177
0.0154427 3.49514
0.0156984 3.49869
0.0159678 3.50243
0.0162516 3.50637
0.0165506 3.51052
0.0168656 3.51489
0.0171976 3.5195
0.0175473 3.52436
0.0179157 3.52947
0.0183039 3.53486
0.0187128 3.54054
0.0191437 3.54652
0.0195977 3.55282
0.0200759 3.55946
0.0205798 3.56645
0.0211107 3.57382
0.0216701 3.58159
0.0222594 3.58977
0.0228802 3.59839
0.0235344 3.60747
0.0242235 3.61704
0.0249496 3.62711
0.0257146 3.63773
0.0265206 3.64892
0.0273697 3.66071
0.0282644 3.67313
0.0292069 3.68621
0.0302 3.7
