Probe chan_mob vs gate bias
121 2 2
gate bias
Probe chan_mob
-3 55.1225
-2.95 55.1225
-2.9 55.1225
-2.85 55.1225
-2.8 55.1225
-2.75 55.1225
-2.7 55.1225
-2.65 55.1225
-2.6 55.1225
-2.55 55.1225
-2.5 55.1225
-2.45 55.1225
-2.4 55.1225
-2.35 55.1225
-2.3 55.1225
-2.25 55.1225
-2.2 55.1225
-2.15 55.1225
-2.1 55.1225
-2.05 55.1225
-2 55.1225
-1.95 55.1225
-1.9 55.1225
-1.85 55.1225
-1.8 55.1225
-1.75 55.1225
-1.7 55.1225
-1.65 55.1225
-1.6 55.1225
-1.55 55.1225
-1.5 55.1225
-1.45 55.1225
-1.4 55.1225
-1.35 55.1225
-1.3 55.1225
-1.25 55.1225
-1.2 55.1225
-1.15 55.1225
-1.1 55.1225
-1.05 55.1225
-1 55.1225
-0.95 55.1225
-0.9 55.1225
-0.85 55.1225
-0.8 55.1225
-0.75 55.1225
-0.7 55.1225
-0.65 55.1225
-0.6 55.1225
-0.55 55.1225
-0.5 55.1225
-0.45 55.1225
-0.4 55.1225
-0.35 55.1225
-0.3 55.1225
-0.25 55.1225
-0.2 55.1225
-0.15 55.1225
-0.1 55.1225
-0.05 55.1225
0 55.1225
0.05 55.1225
0.1 55.1225
0.15 55.1225
0.2 55.1225
0.25 55.1225
0.3 55.1225
0.35 55.1225
0.4 55.1225
0.45 55.1225
0.5 55.1225
0.55 55.1225
0.6 55.1225
0.65 55.1225
0.7 55.1225
0.75 55.1225
0.8 55.1225
0.85 55.1225
0.9 55.1225
0.95 55.1225
1 55.1225
1.05 55.1225
1.1 55.1225
1.15 55.1225
1.2 55.1225
1.25 55.1225
1.3 55.1225
1.35 55.1225
1.4 55.1225
1.45 55.1225
1.5 55.1225
1.55 55.1225
1.6 55.1225
1.65 55.1225
1.7 55.1225
1.75 55.1225
1.8 55.1225
1.85 55.1225
1.9 55.1225
1.95 55.1225
2 55.1225
2.05 55.1225
2.1 55.1225
2.15 55.1225
2.2 55.1225
2.25 55.1225
2.3 55.1225
2.35 55.1225
2.4 55.1225
2.45 55.1225
2.5 55.1225
2.55 55.1225
2.6 55.1225
2.65 55.1225
2.7 55.1225
2.75 55.1225
2.8 55.1225
2.85 55.1225
2.9 55.1225
2.95 55.1225
3 55.1225
