drain current vs gate bias
121 2 2
gate bias
drain current
-3 1.07852e-019
-2.95 4.5693e-020
-2.9 1.76479e-019
-2.85 -2.33395e-020
-2.8 -1.26611e-019
-2.75 8.28747e-020
-2.7 7.26006e-020
-2.65 7.71375e-020
-2.6 3.8483e-020
-2.55 -4.06709e-020
-2.5 -9.5388e-020
-2.45 1.2669e-019
-2.4 1.8127e-020
-2.35 -1.66689e-019
-2.3 2.49348e-019
-2.25 -2.94504e-020
-2.2 -3.83116e-020
-2.15 4.83798e-020
-2.1 -4.91933e-019
-2.05 1.87539e-019
-2 6.60885e-020
-1.95 -3.66271e-019
-1.9 4.96061e-019
-1.85 1.83286e-019
-1.8 -4.51618e-019
-1.75 2.88112e-019
-1.7 -8.49905e-020
-1.65 6.06291e-020
-1.6 7.09992e-020
-1.55 -3.21142e-019
-1.5 -6.09144e-019
-1.45 -9.98597e-020
-1.4 -5.07529e-019
-1.35 9.9728e-019
-1.3 -1.41889e-019
-1.25 -1.70639e-019
-1.2 5.39901e-020
-1.15 -1.34909e-018
-1.1 -2.87728e-019
-1.05 7.72761e-019
-1 2.65562e-020
-0.95 -5.43631e-019
-0.9 7.98003e-019
-0.85 -9.44145e-019
-0.8 -2.8252e-019
-0.75 -2.13701e-018
-0.7 3.57192e-019
-0.65 -3.96133e-019
-0.6 8.57873e-019
-0.55 1.34459e-017
-0.5 9.02802e-017
-0.45 6.09559e-016
-0.4 4.0947e-015
-0.35 2.69258e-014
-0.3 1.7078e-013
-0.25 1.01363e-012
-0.2 5.32325e-012
-0.15 2.28447e-011
-0.1 7.65236e-011
-0.05 2.04173e-010
0 4.56533e-010
0.05 8.97446e-010
0.1 1.60744e-009
0.15 2.6895e-009
0.2 4.27591e-009
0.25 6.53527e-009
0.3 9.67811e-009
0.35 1.39584e-008
0.4 1.96679e-008
0.45 2.7123e-008
0.5 3.66448e-008
0.55 4.85387e-008
0.6 6.3076e-008
0.65 8.04848e-008
0.7 1.00949e-007
0.75 1.24608e-007
0.8 1.51561e-007
0.85 1.81857e-007
0.9 2.155e-007
0.95 2.52438e-007
1 2.92564e-007
1.05 3.35716e-007
1.1 3.81683e-007
1.15 4.30221e-007
1.2 4.81071e-007
1.25 5.33978e-007
1.3 5.88702e-007
1.35 6.4503e-007
1.4 7.02771e-007
1.45 7.61762e-007
1.5 8.21865e-007
1.55 8.82958e-007
1.6 9.44939e-007
1.65 1.00772e-006
1.7 1.07122e-006
1.75 1.13538e-006
1.8 1.20014e-006
1.85 1.26545e-006
1.9 1.33126e-006
1.95 1.39754e-006
2 1.46424e-006
2.05 1.53135e-006
2.1 1.59883e-006
2.15 1.66665e-006
2.2 1.7348e-006
2.25 1.80325e-006
2.3 1.87198e-006
2.35 1.94099e-006
2.4 2.01024e-006
2.45 2.07974e-006
2.5 2.14946e-006
2.55 2.2194e-006
2.6 2.28954e-006
2.65 2.35987e-006
2.7 2.43039e-006
2.75 2.50108e-006
2.8 2.57194e-006
2.85 2.64296e-006
2.9 2.71413e-006
2.95 2.78545e-006
3 2.85691e-006
