source current vs gate bias
121 2 2
gate bias
source current
-3 -5.37295e-020
-2.95 -1.3337e-019
-2.9 6.36606e-020
-2.85 2.21653e-019
-2.8 3.09181e-020
-2.75 1.98896e-019
-2.7 4.15899e-020
-2.65 -3.4715e-019
-2.6 -8.69932e-020
-2.55 6.7323e-020
-2.5 2.67042e-019
-2.45 -3.04572e-019
-2.4 -1.20435e-019
-2.35 -1.34975e-019
-2.3 6.46125e-019
-2.25 2.55191e-019
-2.2 1.55496e-019
-2.15 1.4957e-019
-2.1 3.95269e-019
-2.05 -3.41937e-019
-2 -3.93952e-020
-1.95 1.42766e-019
-1.9 -2.17716e-019
-1.85 5.87526e-019
-1.8 -2.6578e-019
-1.75 -7.17015e-019
-1.7 4.71865e-020
-1.65 2.88606e-019
-1.6 -8.74596e-019
-1.55 -4.81082e-019
-1.5 -7.6903e-019
-1.45 -3.9066e-019
-1.4 -4.63086e-019
-1.35 3.45449e-019
-1.3 3.27891e-019
-1.25 -1.06312e-018
-1.2 1.41515e-018
-1.15 1.90502e-018
-1.1 1.21061e-018
-1.05 1.74524e-018
-1 2.51954e-018
-0.95 4.00931e-018
-0.9 8.9246e-018
-0.85 1.94118e-017
-0.8 4.18417e-017
-0.75 -8.31414e-019
-0.7 1.08582e-018
-0.65 6.76203e-019
-0.6 -1.51388e-018
-0.55 -1.3257e-017
-0.5 -9.10006e-017
-0.45 -6.13063e-016
-0.4 -4.09559e-015
-0.35 -2.69268e-014
-0.3 -1.70781e-013
-0.25 -1.01364e-012
-0.2 -5.32324e-012
-0.15 -2.28447e-011
-0.1 -7.65236e-011
-0.05 -2.04173e-010
0 -4.56533e-010
0.05 -8.97446e-010
0.1 -1.60744e-009
0.15 -2.6895e-009
0.2 -4.27591e-009
0.25 -6.53527e-009
0.3 -9.67811e-009
0.35 -1.39584e-008
0.4 -1.96679e-008
0.45 -2.7123e-008
0.5 -3.66448e-008
0.55 -4.85387e-008
0.6 -6.3076e-008
0.65 -8.04848e-008
0.7 -1.00949e-007
0.75 -1.24608e-007
0.8 -1.51561e-007
0.85 -1.81857e-007
0.9 -2.155e-007
0.95 -2.52438e-007
1 -2.92564e-007
1.05 -3.35716e-007
1.1 -3.81683e-007
1.15 -4.30221e-007
1.2 -4.81071e-007
1.25 -5.33978e-007
1.3 -5.88702e-007
1.35 -6.4503e-007
1.4 -7.02771e-007
1.45 -7.61762e-007
1.5 -8.21865e-007
1.55 -8.82958e-007
1.6 -9.44939e-007
1.65 -1.00772e-006
1.7 -1.07122e-006
1.75 -1.13538e-006
1.8 -1.20014e-006
1.85 -1.26545e-006
1.9 -1.33126e-006
1.95 -1.39754e-006
2 -1.46424e-006
2.05 -1.53135e-006
2.1 -1.59883e-006
2.15 -1.66665e-006
2.2 -1.7348e-006
2.25 -1.80325e-006
2.3 -1.87198e-006
2.35 -1.94099e-006
2.4 -2.01024e-006
2.45 -2.07974e-006
2.5 -2.14946e-006
2.55 -2.2194e-006
2.6 -2.28954e-006
2.65 -2.35987e-006
2.7 -2.43039e-006
2.75 -2.50108e-006
2.8 -2.57194e-006
2.85 -2.64296e-006
2.9 -2.71413e-006
2.95 -2.78545e-006
3 -2.85691e-006
