Electron Conc vs Depth
89 2 2
Depth
Electron Conc
0 8.21256e+016
0.000998669 8.43691e+016
0.00192469 9.08629e+016
0.00278335 1.01777e+017
0.00357954 1.17877e+017
0.00431782 1.40542e+017
0.00500239 1.71892e+017
0.00563716 2.15044e+017
0.00622576 2.74491e+017
0.00677153 3.56637e+017
0.00727761 4.70503e+017
0.00774687 6.28577e+017
0.00818199 8.47703e+017
0.00858546 1.14974e+018
0.00895958 1.56154e+018
0.00930649 2.11386e+018
0.00962816 2.83885e+018
0.00992643 3.76672e+018
0.010203 4.92257e+018
0.0104595 6.32436e+018
0.0106973 7.9826e+018
0.0109178 9.90117e+018
0.0111222 1.20786e+019
0.0113118 1.45095e+019
0.0114876 1.71851e+019
0.0116506 2.0094e+019
0.0118017 2.32223e+019
0.0119419 2.65544e+019
0.0120719 3.00721e+019
0.0121924 3.3756e+019
0.0123041 3.75851e+019
0.0124077 4.15372e+019
0.0125038 4.55896e+019
0.0125929 4.9719e+019
0.0126755 5.39025e+019
0.0127521 5.81173e+019
0.0128231 6.23416e+019
0.0128889 6.65547e+019
0.01295 7.0737e+019
0.01295 7.0737e+019
0.0130125 7.5321e+019
0.013075 8.02366e+019
0.0131375 8.55107e+019
0.0132 9.11726e+019
0.0132 0
0.0132595 0
0.0133253 0
0.0133982 0
0.0134789 0
0.0135683 0
0.0136672 0
0.0137767 0
0.013898 0
0.0140323 0
0.0141809 0
0.0143455 0
0.0145277 0
0.0147294 0
0.0149527 0
0.0152 0
0.0152 0
0.0154427 0
0.0156984 0
0.0159678 0
0.0162516 0
0.0165506 0
0.0168656 0
0.0171976 0
0.0175473 0
0.0179157 0
0.0183039 0
0.0187128 0
0.0191437 0
0.0195977 0
0.0200759 0
0.0205798 0
0.0211107 0
0.0216701 0
0.0222594 0
0.0228802 0
0.0235344 0
0.0242235 0
0.0249496 0
0.0257146 0
0.0265206 0
0.0273697 0
0.0282644 0
0.0292069 0
0.0302 0
