Electron Conc vs Depth
89 2 2
Depth
Electron Conc
0 1.43062e+016
0.000998669 1.43462e+016
0.00192469 1.44562e+016
0.00278335 1.46235e+016
0.00357954 1.48386e+016
0.00431782 1.50939e+016
0.00500239 1.53831e+016
0.00563716 1.57011e+016
0.00622576 1.60432e+016
0.00677153 1.64053e+016
0.00727761 1.67839e+016
0.00774687 1.71754e+016
0.00818199 1.7577e+016
0.00858546 1.79856e+016
0.00895958 1.83987e+016
0.00930649 1.88138e+016
0.00962816 1.92287e+016
0.00992643 1.96413e+016
0.010203 2.00498e+016
0.0104595 2.04525e+016
0.0106973 2.0848e+016
0.0109178 2.12349e+016
0.0111222 2.16122e+016
0.0113118 2.19788e+016
0.0114876 2.23341e+016
0.0116506 2.26774e+016
0.0118017 2.30081e+016
0.0119419 2.33261e+016
0.0120719 2.3631e+016
0.0121924 2.39227e+016
0.0123041 2.42012e+016
0.0124077 2.44667e+016
0.0125038 2.47192e+016
0.0125929 2.49589e+016
0.0126755 2.51863e+016
0.0127521 2.54014e+016
0.0128231 2.56049e+016
0.0128889 2.57969e+016
0.01295 2.5978e+016
0.01295 2.5978e+016
0.0130125 2.61851e+016
0.013075 2.64148e+016
0.0131375 2.66676e+016
0.0132 2.69441e+016
0.0132 0
0.0132595 0
0.0133253 0
0.0133982 0
0.0134789 0
0.0135683 0
0.0136672 0
0.0137767 0
0.013898 0
0.0140323 0
0.0141809 0
0.0143455 0
0.0145277 0
0.0147294 0
0.0149527 0
0.0152 0
0.0152 0
0.0154427 0
0.0156984 0
0.0159678 0
0.0162516 0
0.0165506 0
0.0168656 0
0.0171976 0
0.0175473 0
0.0179157 0
0.0183039 0
0.0187128 0
0.0191437 0
0.0195977 0
0.0200759 0
0.0205798 0
0.0211107 0
0.0216701 0
0.0222594 0
0.0228802 0
0.0235344 0
0.0242235 0
0.0249496 0
0.0257146 0
0.0265206 0
0.0273697 0
0.0282644 0
0.0292069 0
0.0302 0
