Electron QFL vs Depth
89 2 2
Depth
Electron QFL
0 -0.0589233
0.000998669 -0.0589233
0.00192469 -0.0589233
0.00278335 -0.0589233
0.00357954 -0.0589233
0.00431782 -0.0589233
0.00500239 -0.0589233
0.00563716 -0.0589233
0.00622576 -0.0589233
0.00677153 -0.0589233
0.00727761 -0.0589233
0.00774687 -0.0589233
0.00818199 -0.0589233
0.00858546 -0.0589233
0.00895958 -0.0589233
0.00930649 -0.0589233
0.00962816 -0.0589233
0.00992643 -0.0589233
0.010203 -0.0589233
0.0104595 -0.0589233
0.0106973 -0.0589233
0.0109178 -0.0589233
0.0111222 -0.0589233
0.0113118 -0.0589233
0.0114876 -0.0589233
0.0116506 -0.0589232
0.0118017 -0.0589232
0.0119419 -0.0589232
0.0120719 -0.0589232
0.0121924 -0.0589232
0.0123041 -0.0589232
0.0124077 -0.0589232
0.0125038 -0.0589232
0.0125929 -0.0589232
0.0126755 -0.0589232
0.0127521 -0.0589232
0.0128231 -0.0589232
0.0128889 -0.0589232
0.01295 -0.0589232
0.01295 -0.0589232
0.0130125 -0.0589232
0.013075 -0.0589232
0.0131375 -0.0589232
0.0132 -0.0589232
0.0132 0
0.0132595 0
0.0133253 0
0.0133982 0
0.0134789 0
0.0135683 0
0.0136672 0
0.0137767 0
0.013898 0
0.0140323 0
0.0141809 0
0.0143455 0
0.0145277 0
0.0147294 0
0.0149527 0
0.0152 0
0.0152 0
0.0154427 0
0.0156984 0
0.0159678 0
0.0162516 0
0.0165506 0
0.0168656 0
0.0171976 0
0.0175473 0
0.0179157 0
0.0183039 0
0.0187128 0
0.0191437 0
0.0195977 0
0.0200759 0
0.0205798 0
0.0211107 0
0.0216701 0
0.0222594 0
0.0228802 0
0.0235344 0
0.0242235 0
0.0249496 0
0.0257146 0
0.0265206 0
0.0273697 0
0.0282644 0
0.0292069 0
0.0302 0
