Valence Band Energy vs Depth
89 2 2
Depth
Valence Band Energy
0 -2.9362
0.000998669 -2.93622
0.00192469 -2.93628
0.00278335 -2.93635
0.00357954 -2.93645
0.00431782 -2.93657
0.00500239 -2.9367
0.00563716 -2.93684
0.00622576 -2.93698
0.00677153 -2.93713
0.00727761 -2.93728
0.00774687 -2.93744
0.00818199 -2.93759
0.00858546 -2.93774
0.00895958 -2.93789
0.00930649 -2.93804
0.00962816 -2.93818
0.00992643 -2.93832
0.010203 -2.93845
0.0104595 -2.93858
0.0106973 -2.93871
0.0109178 -2.93882
0.0111222 -2.93894
0.0113118 -2.93905
0.0114876 -2.93915
0.0116506 -2.93925
0.0118017 -2.93934
0.0119419 -2.93943
0.0120719 -2.93951
0.0121924 -2.93959
0.0123041 -2.93966
0.0124077 -2.93973
0.0125038 -2.93979
0.0125929 -2.93985
0.0126755 -2.93991
0.0127521 -2.93996
0.0128231 -2.94001
0.0128889 -2.94006
0.01295 -2.9401
0.01295 -2.9401
0.0130125 -2.94017
0.013075 -2.94025
0.0131375 -2.94035
0.0132 -2.94047
0.0132 -2.94047
0.0132595 -5.48853
0.0133253 -5.48638
0.0133982 -5.484
0.0134789 -5.48137
0.0135683 -5.47845
0.0136672 -5.47522
0.0137767 -5.47164
0.013898 -5.46769
0.0140323 -5.4633
0.0141809 -5.45845
0.0143455 -5.45308
0.0145277 -5.44713
0.0147294 -5.44055
0.0149527 -5.43326
0.0152 -5.42518
0.0152 -5.42518
0.0154427 -5.42154
0.0156984 -5.4177
0.0159678 -5.41366
0.0162516 -5.4094
0.0165506 -5.40491
0.0168656 -5.40018
0.0171976 -5.3952
0.0175473 -5.38995
0.0179157 -5.38442
0.0183039 -5.37859
0.0187128 -5.37245
0.0191437 -5.36598
0.0195977 -5.35917
0.0200759 -5.35199
0.0205798 -5.34442
0.0211107 -5.33645
0.0216701 -5.32805
0.0222594 -5.31921
0.0228802 -5.30989
0.0235344 -5.30007
0.0242235 -5.28972
0.0249496 -5.27882
0.0257146 -5.26734
0.0265206 -5.25524
0.0273697 -5.24249
0.0282644 -5.22906
0.0292069 -5.21491
0.0302 -5.2
