Probe avg_n vs gate bias
76 2 2
gate bias
Probe avg_n
-3 7.7613e+012
-2.8 7.76221e+012
-2.6 7.76379e+012
-2.4 7.76657e+012
-2.2 7.77142e+012
-2 7.77983e+012
-1.8 7.79445e+012
-1.6 7.81987e+012
-1.4 7.86425e+012
-1.2 7.94209e+012
-1 8.07981e+012
-0.95 8.12863e+012
-0.9 8.18518e+012
-0.85 8.25077e+012
-0.8 8.32694e+012
-0.75 8.41553e+012
-0.7 8.51877e+012
-0.65 8.63931e+012
-0.6 8.7804e+012
-0.55 8.94603e+012
-0.5 9.14115e+012
-0.45 9.37203e+012
-0.4 9.64672e+012
-0.35 9.97565e+012
-0.3 1.03726e+013
-0.25 1.08559e+013
-0.2 1.14504e+013
-0.15 1.21904e+013
-0.1 1.31234e+013
-0.05 1.43168e+013
-4.24783e-016 1.58695e+013
0.05 1.79458e+013
0.1 2.09361e+013
0.15 2.6367e+013
0.2 4.23052e+013
0.25 1.13523e+014
0.3 4.49917e+014
0.35 1.70166e+015
0.4 5.008e+015
0.45 1.15946e+016
0.5 2.25574e+016
0.55 3.89489e+016
0.6 6.18464e+016
0.65 9.23061e+016
0.7 1.31245e+017
0.75 1.79319e+017
0.8 2.3686e+017
0.85 3.03878e+017
0.9 3.80123e+017
0.95 4.65169e+017
1 5.58514e+017
1.05 6.59686e+017
1.1 7.68347e+017
1.15 8.84336e+017
1.2 1.00764e+018
1.25 1.13836e+018
1.3 1.27666e+018
1.35 1.42272e+018
1.4 1.5767e+018
1.45 1.73868e+018
1.5 1.90861e+018
1.6 2.27163e+018
1.7 2.66333e+018
1.8 3.08048e+018
1.9 3.51972e+018
2 3.97793e+018
2.1 4.4524e+018
2.2 4.94084e+018
2.3 5.44131e+018
2.4 5.9522e+018
2.5 6.47215e+018
2.6 7.00003e+018
2.7 7.53488e+018
2.8 8.07589e+018
2.9 8.62236e+018
3 9.17369e+018
