Conduction Band Energy vs Depth
92 2 2
Depth
Conduction Band Energy
0 3.94926
0.0199902 3.94926
0.0344313 3.94926
0.0448638 3.94926
0.0524003 3.94926
0.0578448 3.94926
0.061778 3.94926
0.0646194 3.94926
0.066672 3.94926
0.0681549 3.94926
0.0692261 3.94926
0.07 0.621664
0.07 0.621664
0.0707848 0.59677
0.0714745 0.575134
0.0720807 0.556304
0.0726135 0.539899
0.0730818 0.52559
0.0734934 0.5131
0.0738552 0.502188
0.0741731 0.492648
0.0744526 0.484303
0.0746982 0.476998
0.0749141 0.470601
0.0751038 0.464997
0.0752706 0.460085
0.0754172 0.455779
0.075546 0.452002
0.0756592 0.44869
0.0757587 0.445783
0.0758462 0.443232
0.0759231 0.440993
0.0759906 0.439027
0.07605 0.437301
0.07605 0.437301
0.0761125 0.435485
0.076175 0.433669
0.0762375 0.431853
0.0763 0.430037
0.0763 0.430037
0.0763595 3.75792
0.0764253 3.75823
0.0764982 3.75858
0.0765789 3.75896
0.0766683 3.75939
0.0767672 3.75986
0.0768767 3.76038
0.076998 3.76096
0.0771323 3.7616
0.0772809 3.76231
0.0774455 3.76309
0.0776277 3.76396
0.0778294 3.76492
0.0780527 3.76598
0.0783 4.66716
0.0783 4.66716
0.0785427 4.66769
0.0787984 4.66825
0.0790678 4.66884
0.0793516 4.66946
0.0796506 4.67012
0.0799656 4.67081
0.0802976 4.67153
0.0806473 4.6723
0.0810157 4.6731
0.0814039 4.67395
0.0818128 4.67485
0.0822437 4.67579
0.0826977 4.67679
0.0831759 4.67783
0.0836798 4.67894
0.0842107 4.6801
0.0847701 4.68132
0.0853594 4.68261
0.0859802 4.68397
0.0866344 4.68541
0.0873235 4.68691
0.0880496 4.6885
0.0888146 4.69018
0.0896206 4.69194
0.0904697 4.6938
0.0913644 4.69576
0.0923069 4.69783
0.0933 4.7
0.0933 0
0.0943551 0
0.0960786 0
0.0988935 0
0.103491 0
0.111001 0
0.123266 0
0.1433 0
