Conduction Band Energy vs Depth
92 2 2
Depth
Conduction Band Energy
0 3.13834
0.0199902 3.13834
0.0344313 3.13834
0.0448638 3.13834
0.0524003 3.13834
0.0578448 3.13834
0.061778 3.13834
0.0646194 3.13834
0.066672 3.13834
0.0681549 3.13834
0.0692261 3.13834
0.07 -0.189262
0.07 -0.189262
0.0707848 -0.214613
0.0714745 -0.237982
0.0720807 -0.260021
0.0726135 -0.281254
0.0730818 -0.302056
0.0734934 -0.322652
0.0738552 -0.343145
0.0741731 -0.363552
0.0744526 -0.383835
0.0746982 -0.403921
0.0749141 -0.423703
0.0751038 -0.44306
0.0752706 -0.461863
0.0754172 -0.479989
0.075546 -0.497327
0.0756592 -0.513787
0.0757587 -0.5293
0.0758462 -0.54382
0.0759231 -0.557325
0.0759906 -0.569811
0.07605 -0.581294
0.07605 -0.581294
0.0761125 -0.593941
0.076175 -0.6072
0.0762375 -0.621108
0.0763 -0.635706
0.0763 -0.635706
0.0763595 2.67925
0.0764253 2.66525
0.0764982 2.64975
0.0765789 2.63259
0.0766683 2.61359
0.0767672 2.59256
0.0768767 2.56927
0.076998 2.54349
0.0771323 2.51494
0.0772809 2.48334
0.0774455 2.44835
0.0776277 2.40961
0.0778294 2.36672
0.0780527 2.31924
0.0783 3.16667
0.0783 3.16667
0.0785427 3.14294
0.0787984 3.11794
0.0790678 3.0916
0.0793516 3.06385
0.0796506 3.03461
0.0799656 3.00381
0.0802976 2.97135
0.0806473 2.93716
0.0810157 2.90113
0.0814039 2.86318
0.0818128 2.82319
0.0822437 2.78106
0.0826977 2.73667
0.0831759 2.68991
0.0836798 2.64064
0.0842107 2.58873
0.0847701 2.53404
0.0853594 2.47642
0.0859802 2.41571
0.0866344 2.35175
0.0873235 2.28437
0.0880496 2.21337
0.0888146 2.13857
0.0896206 2.05977
0.0904697 1.97674
0.0913644 1.88926
0.0923069 1.7971
0.0933 1.7
0.0933 0
0.0943551 0
0.0960786 0
0.0988935 0
0.103491 0
0.111001 0
0.123266 0
0.1433 0
