Conduction Band Energy vs Depth
92 2 2
Depth
Conduction Band Energy
0 3.49342
0.0199902 3.49342
0.0344313 3.49342
0.0448638 3.49342
0.0524003 3.49342
0.0578448 3.49342
0.061778 3.49342
0.0646194 3.49342
0.066672 3.49342
0.0681549 3.49342
0.0692261 3.49342
0.07 0.165822
0.07 0.165822
0.0707848 0.140888
0.0714745 0.1191
0.0720807 0.0999897
0.0726135 0.0831594
0.0730818 0.0682741
0.0734934 0.0550543
0.0738552 0.0432687
0.0741731 0.032727
0.0744526 0.0232729
0.0746982 0.0147778
0.0749141 0.00713517
0.0751038 0.000255805
0.0752706 -0.00593629
0.0754172 -0.0115069
0.075546 -0.0165139
0.0756592 -0.0210093
0.0757587 -0.0250399
0.0758462 -0.0286487
0.0759231 -0.0318751
0.0759906 -0.0347554
0.07605 -0.0373232
0.07605 -0.0373232
0.0761125 -0.0400829
0.076175 -0.0429028
0.0762375 -0.0457851
0.0763 -0.0487317
0.0763 -0.0487317
0.0763595 3.27801
0.0764253 3.27705
0.0764982 3.276
0.0765789 3.27483
0.0766683 3.27353
0.0767672 3.2721
0.0768767 3.27052
0.076998 3.26876
0.0771323 3.26682
0.0772809 3.26466
0.0774455 3.26228
0.0776277 3.25964
0.0778294 3.25672
0.0780527 3.25348
0.0783 4.1499
0.0783 4.1499
0.0785427 4.14829
0.0787984 4.14658
0.0790678 4.14479
0.0793516 4.1429
0.0796506 4.14091
0.0799656 4.13881
0.0802976 4.1366
0.0806473 4.13427
0.0810157 4.13182
0.0814039 4.12923
0.0818128 4.12651
0.0822437 4.12364
0.0826977 4.12061
0.0831759 4.11743
0.0836798 4.11407
0.0842107 4.11054
0.0847701 4.10681
0.0853594 4.10289
0.0859802 4.09875
0.0866344 4.09439
0.0873235 4.0898
0.0880496 4.08497
0.0888146 4.07987
0.0896206 4.07451
0.0904697 4.06885
0.0913644 4.06289
0.0923069 4.05661
0.0933 4.05
0.0933 0
0.0943551 0
0.0960786 0
0.0988935 0
0.103491 0
0.111001 0
0.123266 0
0.1433 0
