Probe chan_n vs gate bias
76 2 2
gate bias
Probe chan_n
-3 4.53555e-034
-2.8 9.35297e-034
-2.6 4.49142e-033
-2.4 2.50243e-031
-2.2 5.04286e-028
-2 1.15476e-024
-1.8 2.58543e-021
-1.6 5.13266e-018
-1.4 1.17042e-014
-1.2 2.66415e-011
-1 3.71813e-008
-0.95 2.52127e-007
-0.9 1.73958e-006
-0.85 1.20313e-005
-0.8 8.32269e-005
-0.75 0.00057573
-0.7 0.00398266
-0.65 0.0275499
-0.6 0.19042
-0.55 1.30207
-0.5 8.95987
-0.45 61.9666
-0.4 428.568
-0.35 2962.93
-0.3 20467.6
-0.25 141175
-0.2 971465
-0.15 6.66314e+006
-0.1 4.54839e+007
-0.05 3.07875e+008
-4.24783e-016 2.05144e+009
0.05 1.33396e+010
0.1 8.43914e+010
0.15 5.22932e+011
0.2 3.19604e+012
0.25 1.88598e+013
0.3 9.84105e+013
0.35 3.96817e+014
0.4 1.16344e+015
0.45 2.60881e+015
0.5 4.84757e+015
0.55 7.93909e+015
0.6 1.19238e+016
0.65 1.68337e+016
0.7 2.26897e+016
0.75 2.94989e+016
0.8 3.72551e+016
0.85 4.5943e+016
0.9 5.55425e+016
0.95 6.60335e+016
1 7.74002e+016
1.05 8.96355e+016
1.1 1.02747e+017
1.15 1.16758e+017
1.2 1.31706e+017
1.25 1.4764e+017
1.3 1.64614e+017
1.35 1.82691e+017
1.4 2.01935e+017
1.45 2.22409e+017
1.5 2.44166e+017
1.6 2.91708e+017
1.7 3.44815e+017
1.8 4.03611e+017
1.9 4.68129e+017
2 5.38338e+017
2.1 6.14168e+017
2.2 6.9552e+017
2.3 7.82272e+017
2.4 8.74285e+017
2.5 9.71406e+017
2.6 1.07347e+018
2.7 1.1803e+018
2.8 1.29172e+018
2.9 1.40754e+018
3 1.52756e+018
