drain current vs gate bias
76 2 2
gate bias
drain current
-3 -5.19946e-021
-2.8 3.47989e-021
-2.6 -3.58174e-021
-2.4 5.35701e-021
-2.2 2.99403e-021
-2 1.96666e-020
-1.8 -1.97429e-020
-1.6 2.04364e-020
-1.4 1.03049e-019
-1.2 -7.16764e-020
-1 -1.73199e-019
-0.95 -2.45209e-020
-0.9 -1.15115e-019
-0.85 -2.06486e-019
-0.8 2.80381e-019
-0.75 9.74733e-020
-0.7 4.68781e-020
-0.65 2.31229e-019
-0.6 3.19326e-019
-0.55 -2.06153e-019
-0.5 1.33145e-020
-0.45 1.7209e-019
-0.4 -1.64878e-019
-0.35 1.8197e-020
-0.3 -3.28643e-019
-0.25 -1.89155e-019
-0.2 1.39276e-019
-0.15 2.94707e-019
-0.1 3.93012e-019
-0.05 4.60372e-018
-4.24783e-016 3.21206e-017
0.05 2.11666e-016
0.1 1.36417e-015
0.15 8.5649e-015
0.2 5.28891e-014
0.25 3.18221e-013
0.3 1.76458e-012
0.35 8.15488e-012
0.4 2.93541e-011
0.45 8.33386e-011
0.5 1.96316e-010
0.55 4.02703e-010
0.6 7.45266e-010
0.65 1.27459e-009
0.7 2.0474e-009
0.75 3.12379e-009
0.8 4.56431e-009
0.85 6.42739e-009
0.9 8.76757e-009
0.95 1.16345e-008
1 1.50718e-008
1.05 1.91159e-008
1.1 2.37933e-008
1.15 2.91186e-008
1.2 3.50946e-008
1.25 4.17127e-008
1.3 4.89531e-008
1.35 5.67863e-008
1.4 6.51744e-008
1.45 7.40749e-008
1.5 8.34429e-008
1.6 1.03409e-007
1.7 1.24758e-007
1.8 1.47235e-007
1.9 1.70639e-007
2 1.94816e-007
2.1 2.19646e-007
2.2 2.45033e-007
2.3 2.70902e-007
2.4 2.9719e-007
2.5 3.23848e-007
2.6 3.50834e-007
2.7 3.78112e-007
2.8 4.05653e-007
2.9 4.33431e-007
3 4.61425e-007
