source current vs gate bias
76 2 2
gate bias
source current
-3 1.03603e-020
-2.8 1.25309e-020
-2.6 4.18852e-021
-2.4 2.45694e-020
-2.2 -1.96528e-020
-2 1.35364e-020
-1.8 1.59608e-019
-1.6 9.27743e-019
-1.4 6.77991e-018
-1.2 -5.03732e-020
-1 3.79463e-020
-0.95 4.42519e-018
-0.9 5.17712e-019
-0.85 1.1628e-018
-0.8 1.94436e-018
-0.75 4.26819e-018
-0.7 7.31898e-018
-0.65 1.26905e-017
-0.6 2.12437e-017
-0.55 3.57898e-017
-0.5 -2.5697e-019
-0.45 2.73391e-019
-0.4 -3.55054e-020
-0.35 -1.95281e-020
-0.3 1.60217e-019
-0.25 -8.52207e-020
-0.2 8.6938e-020
-0.15 -3.42943e-019
-0.1 -7.8134e-019
-0.05 -4.93446e-018
-4.24783e-016 -3.20833e-017
0.05 -2.12406e-016
0.1 -1.36412e-015
0.15 -8.56499e-015
0.2 -5.28886e-014
0.25 -3.18221e-013
0.3 -1.76458e-012
0.35 -8.15488e-012
0.4 -2.93541e-011
0.45 -8.33386e-011
0.5 -1.96316e-010
0.55 -4.02703e-010
0.6 -7.45266e-010
0.65 -1.27459e-009
0.7 -2.0474e-009
0.75 -3.12379e-009
0.8 -4.56431e-009
0.85 -6.42739e-009
0.9 -8.76757e-009
0.95 -1.16345e-008
1 -1.50718e-008
1.05 -1.91159e-008
1.1 -2.37933e-008
1.15 -2.91186e-008
1.2 -3.50946e-008
1.25 -4.17127e-008
1.3 -4.89531e-008
1.35 -5.67863e-008
1.4 -6.51744e-008
1.45 -7.40749e-008
1.5 -8.34429e-008
1.6 -1.03409e-007
1.7 -1.24758e-007
1.8 -1.47235e-007
1.9 -1.70639e-007
2 -1.94816e-007
2.1 -2.19646e-007
2.2 -2.45033e-007
2.3 -2.70902e-007
2.4 -2.9719e-007
2.5 -3.23848e-007
2.6 -3.50834e-007
2.7 -3.78112e-007
2.8 -4.05653e-007
2.9 -4.33431e-007
3 -4.61425e-007
