Valence Band Energy vs Depth
92 2 2
Depth
Valence Band Energy
0 -5.05074
0.0199902 -5.05074
0.0344313 -5.05074
0.0448638 -5.05074
0.0524003 -5.05074
0.0578448 -5.05074
0.061778 -5.05074
0.0646194 -5.05074
0.066672 -5.05074
0.0681549 -5.05074
0.0692261 -5.05074
0.07 -2.50074
0.07 -2.50074
0.0707848 -2.52563
0.0714745 -2.54727
0.0720807 -2.5661
0.0726135 -2.5825
0.0730818 -2.59681
0.0734934 -2.6093
0.0738552 -2.62021
0.0741731 -2.62975
0.0744526 -2.6381
0.0746982 -2.6454
0.0749141 -2.6518
0.0751038 -2.6574
0.0752706 -2.66231
0.0754172 -2.66662
0.075546 -2.6704
0.0756592 -2.67371
0.0757587 -2.67662
0.0758462 -2.67917
0.0759231 -2.68141
0.0759906 -2.68337
0.07605 -2.6851
0.07605 -2.6851
0.0761125 -2.68692
0.076175 -2.68873
0.0762375 -2.69055
0.0763 -2.69236
0.0763 -2.69236
0.0763595 -5.24208
0.0764253 -5.24177
0.0764982 -5.24142
0.0765789 -5.24104
0.0766683 -5.24061
0.0767672 -5.24014
0.0768767 -5.23962
0.076998 -5.23904
0.0771323 -5.2384
0.0772809 -5.23769
0.0774455 -5.23691
0.0776277 -5.23604
0.0778294 -5.23508
0.0780527 -5.23402
0.0783 -1.03284
0.0783 -1.03284
0.0785427 -1.03231
0.0787984 -1.03175
0.0790678 -1.03116
0.0793516 -1.03054
0.0796506 -1.02988
0.0799656 -1.02919
0.0802976 -1.02847
0.0806473 -1.0277
0.0810157 -1.0269
0.0814039 -1.02605
0.0818128 -1.02515
0.0822437 -1.02421
0.0826977 -1.02321
0.0831759 -1.02217
0.0836798 -1.02106
0.0842107 -1.0199
0.0847701 -1.01868
0.0853594 -1.01739
0.0859802 -1.01603
0.0866344 -1.01459
0.0873235 -1.01309
0.0880496 -1.0115
0.0888146 -1.00982
0.0896206 -1.00806
0.0904697 -1.0062
0.0913644 -1.00424
0.0923069 -1.00217
0.0933 -1
0.0933 0
0.0943551 0
0.0960786 0
0.0988935 0
0.103491 0
0.111001 0
0.123266 0
0.1433 0
