Valence Band Energy vs Depth
92 2 2
Depth
Valence Band Energy
0 -5.86166
0.0199902 -5.86166
0.0344313 -5.86166
0.0448638 -5.86166
0.0524003 -5.86166
0.0578448 -5.86166
0.061778 -5.86166
0.0646194 -5.86166
0.066672 -5.86166
0.0681549 -5.86166
0.0692261 -5.86166
0.07 -3.31166
0.07 -3.31166
0.0707848 -3.33701
0.0714745 -3.36038
0.0720807 -3.38242
0.0726135 -3.40365
0.0730818 -3.42446
0.0734934 -3.44505
0.0738552 -3.46555
0.0741731 -3.48595
0.0744526 -3.50624
0.0746982 -3.52632
0.0749141 -3.5461
0.0751038 -3.56546
0.0752706 -3.58426
0.0754172 -3.60239
0.075546 -3.61973
0.0756592 -3.63619
0.0757587 -3.6517
0.0758462 -3.66622
0.0759231 -3.67973
0.0759906 -3.69221
0.07605 -3.70369
0.07605 -3.70369
0.0761125 -3.71634
0.076175 -3.7296
0.0762375 -3.74351
0.0763 -3.75811
0.0763 -3.75811
0.0763595 -6.32075
0.0764253 -6.33475
0.0764982 -6.35025
0.0765789 -6.36741
0.0766683 -6.38641
0.0767672 -6.40744
0.0768767 -6.43073
0.076998 -6.45651
0.0771323 -6.48506
0.0772809 -6.51666
0.0774455 -6.55165
0.0776277 -6.59039
0.0778294 -6.63328
0.0780527 -6.68076
0.0783 -2.53333
0.0783 -2.53333
0.0785427 -2.55706
0.0787984 -2.58206
0.0790678 -2.6084
0.0793516 -2.63615
0.0796506 -2.66539
0.0799656 -2.69619
0.0802976 -2.72865
0.0806473 -2.76284
0.0810157 -2.79887
0.0814039 -2.83682
0.0818128 -2.87681
0.0822437 -2.91894
0.0826977 -2.96333
0.0831759 -3.01009
0.0836798 -3.05936
0.0842107 -3.11127
0.0847701 -3.16596
0.0853594 -3.22358
0.0859802 -3.28429
0.0866344 -3.34825
0.0873235 -3.41563
0.0880496 -3.48663
0.0888146 -3.56143
0.0896206 -3.64023
0.0904697 -3.72326
0.0913644 -3.81074
0.0923069 -3.9029
0.0933 -4
0.0933 0
0.0943551 0
0.0960786 0
0.0988935 0
0.103491 0
0.111001 0
0.123266 0
0.1433 0
