Valence Band Energy vs Depth
92 2 2
Depth
Valence Band Energy
0 -5.50658
0.0199902 -5.50658
0.0344313 -5.50658
0.0448638 -5.50658
0.0524003 -5.50658
0.0578448 -5.50658
0.061778 -5.50658
0.0646194 -5.50658
0.066672 -5.50658
0.0681549 -5.50658
0.0692261 -5.50658
0.07 -2.95658
0.07 -2.95658
0.0707848 -2.98151
0.0714745 -3.0033
0.0720807 -3.02241
0.0726135 -3.03924
0.0730818 -3.05413
0.0734934 -3.06735
0.0738552 -3.07913
0.0741731 -3.08967
0.0744526 -3.09913
0.0746982 -3.10762
0.0749141 -3.11526
0.0751038 -3.12214
0.0752706 -3.12834
0.0754172 -3.13391
0.075546 -3.13891
0.0756592 -3.14341
0.0757587 -3.14744
0.0758462 -3.15105
0.0759231 -3.15428
0.0759906 -3.15716
0.07605 -3.15972
0.07605 -3.15972
0.0761125 -3.16248
0.076175 -3.1653
0.0762375 -3.16819
0.0763 -3.17113
0.0763 -3.17113
0.0763595 -5.72199
0.0764253 -5.72295
0.0764982 -5.724
0.0765789 -5.72517
0.0766683 -5.72647
0.0767672 -5.7279
0.0768767 -5.72948
0.076998 -5.73124
0.0771323 -5.73318
0.0772809 -5.73534
0.0774455 -5.73772
0.0776277 -5.74036
0.0778294 -5.74328
0.0780527 -5.74652
0.0783 -1.5501
0.0783 -1.5501
0.0785427 -1.55171
0.0787984 -1.55342
0.0790678 -1.55521
0.0793516 -1.5571
0.0796506 -1.55909
0.0799656 -1.56119
0.0802976 -1.5634
0.0806473 -1.56573
0.0810157 -1.56818
0.0814039 -1.57077
0.0818128 -1.57349
0.0822437 -1.57636
0.0826977 -1.57939
0.0831759 -1.58257
0.0836798 -1.58593
0.0842107 -1.58946
0.0847701 -1.59319
0.0853594 -1.59711
0.0859802 -1.60125
0.0866344 -1.60561
0.0873235 -1.6102
0.0880496 -1.61503
0.0888146 -1.62013
0.0896206 -1.62549
0.0904697 -1.63115
0.0913644 -1.63711
0.0923069 -1.64339
0.0933 -1.65
0.0933 0
0.0943551 0
0.0960786 0
0.0988935 0
0.103491 0
0.111001 0
0.123266 0
0.1433 0
