Probe avg_n vs gate bias
121 2 2
gate bias
Probe avg_n
-3 7.76157e+012
-2.95 7.7618e+012
-2.9 7.76208e+012
-2.85 7.76239e+012
-2.8 7.76276e+012
-2.75 7.76318e+012
-2.7 7.76366e+012
-2.65 7.76422e+012
-2.6 7.76486e+012
-2.55 7.76559e+012
-2.5 7.76644e+012
-2.45 7.76741e+012
-2.4 7.76853e+012
-2.35 7.76982e+012
-2.3 7.7713e+012
-2.25 7.77301e+012
-2.2 7.77497e+012
-2.15 7.77723e+012
-2.1 7.77983e+012
-2.05 7.78282e+012
-2 7.78627e+012
-1.95 7.79023e+012
-1.9 7.7948e+012
-1.85 7.80005e+012
-1.8 7.8061e+012
-1.75 7.81307e+012
-1.7 7.8211e+012
-1.65 7.83036e+012
-1.6 7.84102e+012
-1.55 7.85331e+012
-1.5 7.86749e+012
-1.45 7.88384e+012
-1.4 7.90272e+012
-1.35 7.92452e+012
-1.3 7.9497e+012
-1.25 7.97881e+012
-1.2 8.0125e+012
-1.15 8.0515e+012
-1.1 8.0967e+012
-1.05 8.14914e+012
-1 8.21006e+012
-0.95 8.2809e+012
-0.9 8.36342e+012
-0.85 8.45968e+012
-0.8 8.57219e+012
-0.75 8.70396e+012
-0.7 8.85867e+012
-0.65 9.04085e+012
-0.6 9.25612e+012
-0.55 9.51157e+012
-0.5 9.81627e+012
-0.45 1.0182e+013
-0.4 1.06249e+013
-0.35 1.11719e+013
-0.3 1.1897e+013
-0.25 1.31373e+013
-0.2 1.67834e+013
-0.15 3.35801e+013
-0.1 1.18937e+014
-0.05 4.90761e+014
0 1.67123e+015
0.05 4.3433e+015
0.1 9.05741e+015
0.15 1.62003e+016
0.2 2.61084e+016
0.25 3.9157e+016
0.3 5.58078e+016
0.35 7.66343e+016
0.4 1.02326e+017
0.45 1.33669e+017
0.5 1.71497e+017
0.55 2.16617e+017
0.6 2.69726e+017
0.65 3.31355e+017
0.7 4.01856e+017
0.75 4.81424e+017
0.8 5.70109e+017
0.85 6.6782e+017
0.9 7.74365e+017
0.95 8.89498e+017
1 1.01297e+018
1.05 1.14456e+018
1.1 1.2841e+018
1.15 1.43148e+018
1.2 1.58664e+018
1.25 1.74954e+018
1.3 1.9201e+018
1.35 2.09823e+018
1.4 2.28377e+018
1.45 2.47649e+018
1.5 2.67608e+018
1.55 2.88223e+018
1.6 3.09455e+018
1.65 3.31268e+018
1.7 3.53623e+018
1.75 3.76483e+018
1.8 3.99813e+018
1.85 4.23579e+018
1.9 4.47749e+018
1.95 4.72294e+018
2 4.97187e+018
2.05 5.22403e+018
2.1 5.47919e+018
2.15 5.73713e+018
2.2 5.99767e+018
2.25 6.26062e+018
2.3 6.52582e+018
2.35 6.79313e+018
2.4 7.06239e+018
2.45 7.33349e+018
2.5 7.60632e+018
2.55 7.88075e+018
2.6 8.15669e+018
2.65 8.43406e+018
2.7 8.71276e+018
2.75 8.99271e+018
2.8 9.27385e+018
2.85 9.55611e+018
2.9 9.83942e+018
2.95 1.01237e+019
3 1.0409e+019
