Conduction Band Energy vs Depth
72 2 2
Depth
Conduction Band Energy
0 0.173654
0.000784761 0.173658
0.0014745 0.173666
0.00208072 0.173678
0.00261354 0.173692
0.00308184 0.173707
0.00349343 0.173722
0.00385519 0.173737
0.00417314 0.173752
0.0044526 0.173766
0.00469821 0.173779
0.00491409 0.173791
0.00510382 0.173802
0.00527059 0.173812
0.00541715 0.173821
0.00554598 0.173829
0.0056592 0.173836
0.00575871 0.173843
0.00584618 0.173849
0.00592305 0.173854
0.00599062 0.173859
0.00605 0.173863
0.00605 0.173863
0.0061125 0.173851
0.006175 0.173821
0.0062375 0.173773
0.0063 0.173708
0.0063 0.173708
0.00635947 3.5033
0.00642532 3.50551
0.00649821 3.50796
0.00657892 3.51067
0.00666828 3.51367
0.00676721 3.51699
0.00687674 3.52067
0.00699801 3.52474
0.00713226 3.52925
0.00728091 3.53423
0.00744548 3.53976
0.00762768 3.54587
0.0078294 3.55265
0.00805274 3.56014
0.0083 3.56844
0.0083 3.56844
0.00854269 3.57219
0.00879838 3.57614
0.00906776 3.58029
0.00935158 3.58468
0.0096506 3.58929
0.00996564 3.59416
0.0102976 3.59928
0.0106473 3.60468
0.0110157 3.61037
0.0114039 3.61636
0.0118128 3.62267
0.0122437 3.62932
0.0126977 3.63633
0.0131759 3.64371
0.0136798 3.65149
0.0142107 3.65969
0.0147701 3.66832
0.0153594 3.67742
0.0159802 3.687
0.0166344 3.6971
0.0173235 3.70774
0.0180496 3.71895
0.0188146 3.73076
0.0196206 3.7432
0.0204697 3.75631
0.0213644 3.77012
0.0223069 3.78467
0.0233 3.8
