Conduction Band Energy vs Depth
72 2 2
Depth
Conduction Band Energy
0 -0.281149
0.000784761 -0.283818
0.0014745 -0.290785
0.00208072 -0.300924
0.00261354 -0.313485
0.00308184 -0.327919
0.00349343 -0.3438
0.00385519 -0.360777
0.00417314 -0.37855
0.0044526 -0.396854
0.00469821 -0.415444
0.00491409 -0.434092
0.00510382 -0.452584
0.00527059 -0.470724
0.00541715 -0.488339
0.00554598 -0.505283
0.0056592 -0.521437
0.00575871 -0.536711
0.00584618 -0.551046
0.00592305 -0.564405
0.00599062 -0.576777
0.00605 -0.588169
0.00605 -0.588169
0.0061125 -0.600733
0.006175 -0.613919
0.0062375 -0.627766
0.0063 -0.642313
0.0063 -0.642313
0.00635947 2.67269
0.00642532 2.65874
0.00649821 2.64329
0.00657892 2.62619
0.00666828 2.60726
0.00676721 2.5863
0.00687674 2.56309
0.00699801 2.5374
0.00713226 2.50896
0.00728091 2.47746
0.00744548 2.4426
0.00762768 2.40399
0.0078294 2.36125
0.00805274 2.31393
0.0083 2.26155
0.0083 2.26155
0.00854269 2.2379
0.00879838 2.21299
0.00906776 2.18674
0.00935158 2.15908
0.0096506 2.12995
0.00996564 2.09925
0.0102976 2.06691
0.0106473 2.03284
0.0110157 1.99694
0.0114039 1.95912
0.0118128 1.91927
0.0122437 1.87729
0.0126977 1.83305
0.0131759 1.78645
0.0136798 1.73735
0.0142107 1.68563
0.0147701 1.63113
0.0153594 1.57371
0.0159802 1.51321
0.0166344 1.44948
0.0173235 1.38233
0.0180496 1.31158
0.0188146 1.23704
0.0196206 1.15851
0.0204697 1.07577
0.0213644 0.9886
0.0223069 0.89676
0.0233 0.8
