Conduction Band Energy vs Depth
72 2 2
Depth
Conduction Band Energy
0 -0.036015
0.000784761 -0.0369917
0.0014745 -0.0395015
0.00208072 -0.0430617
0.00261354 -0.0473279
0.00308184 -0.0520459
0.00349343 -0.0570234
0.00385519 -0.0621129
0.00417314 -0.0672001
0.0044526 -0.0721972
0.00469821 -0.0770372
0.00491409 -0.0816704
0.00510382 -0.0860615
0.00527059 -0.0901874
0.00541715 -0.0940346
0.00554598 -0.097598
0.0056592 -0.100879
0.00575871 -0.103884
0.00584618 -0.106623
0.00592305 -0.10911
0.00599062 -0.111359
0.00605 -0.113387
0.00605 -0.113387
0.0061125 -0.115592
0.006175 -0.117873
0.0062375 -0.120231
0.0063 -0.122667
0.0063 -0.122667
0.00635947 3.20457
0.00642532 3.20416
0.00649821 3.20371
0.00657892 3.20321
0.00666828 3.20266
0.00676721 3.20205
0.00687674 3.20137
0.00699801 3.20062
0.00713226 3.19979
0.00728091 3.19888
0.00744548 3.19786
0.00762768 3.19674
0.0078294 3.19549
0.00805274 3.19411
0.0083 3.19259
0.0083 3.19259
0.00854269 3.1919
0.00879838 3.19117
0.00906776 3.19041
0.00935158 3.1896
0.0096506 3.18875
0.00996564 3.18786
0.0102976 3.18691
0.0106473 3.18592
0.0110157 3.18488
0.0114039 3.18377
0.0118128 3.18261
0.0122437 3.18139
0.0126977 3.1801
0.0131759 3.17874
0.0136798 3.17731
0.0142107 3.1758
0.0147701 3.17422
0.0153594 3.17254
0.0159802 3.17078
0.0166344 3.16892
0.0173235 3.16697
0.0180496 3.16491
0.0188146 3.16273
0.0196206 3.16045
0.0204697 3.15804
0.0213644 3.1555
0.0223069 3.15282
0.0233 3.15
