Probe chan_n vs gate bias
121 2 2
gate bias
Probe chan_n
-3 1.76202e-033
-2.95 3.02128e-033
-2.9 7.27925e-033
-2.85 2.94099e-032
-2.8 1.76032e-031
-2.75 1.1881e-030
-2.7 8.18889e-030
-2.65 5.66182e-029
-2.6 3.91637e-028
-2.55 2.7092e-027
-2.5 1.87414e-026
-2.45 1.29647e-025
-2.4 8.96859e-025
-2.35 6.2042e-024
-2.3 4.29185e-023
-2.25 2.96874e-022
-2.2 2.05144e-021
-2.15 1.40691e-020
-2.1 9.41303e-020
-2.05 6.14833e-019
-2 4.07005e-018
-1.95 2.76606e-017
-1.9 1.90428e-016
-1.85 1.31594e-015
-1.8 9.10154e-015
-1.75 6.296e-014
-1.7 4.35538e-013
-1.65 3.01284e-012
-1.6 2.08375e-011
-1.55 1.43927e-010
-1.5 9.85199e-010
-1.45 6.37066e-009
-1.4 3.44099e-008
-1.35 1.99202e-007
-1.3 1.35211e-006
-1.25 9.34731e-006
-1.2 6.46602e-005
-1.15 0.000447295
-1.1 0.00309422
-1.05 0.0214046
-1 0.148069
-0.95 1.02426
-0.9 7.08521
-0.85 49.0111
-0.8 339
-0.75 2344.18
-0.7 16198.9
-0.65 111778
-0.6 769449
-0.55 5.27998e+006
-0.5 3.61219e+007
-0.45 2.4662e+008
-0.4 1.68113e+009
-0.35 1.14074e+010
-0.3 7.63806e+010
-0.25 4.98362e+011
-0.2 3.13557e+012
-0.15 1.88293e+013
-0.1 1.04255e+014
-0.05 4.85684e+014
0 1.7098e+015
0.05 4.46607e+015
0.1 9.2145e+015
0.15 1.61199e+016
0.2 2.51743e+016
0.25 3.63001e+016
0.3 4.94071e+016
0.35 6.44198e+016
0.4 8.12874e+016
0.45 9.99792e+016
0.5 1.20473e+017
0.55 1.42738e+017
0.6 1.66726e+017
0.65 1.92371e+017
0.7 2.196e+017
0.75 2.48347e+017
0.8 2.78553e+017
0.85 3.10165e+017
0.9 3.43139e+017
0.95 3.77446e+017
1 4.13073e+017
1.05 4.50023e+017
1.1 4.88318e+017
1.15 5.27997e+017
1.2 5.69108e+017
1.25 6.11706e+017
1.3 6.55844e+017
1.35 7.0157e+017
1.4 7.4892e+017
1.45 7.97914e+017
1.5 8.48563e+017
1.55 9.00859e+017
1.6 9.54789e+017
1.65 1.01033e+018
1.7 1.06744e+018
1.75 1.1261e+018
1.8 1.18625e+018
1.85 1.24787e+018
1.9 1.31091e+018
1.95 1.37532e+018
2 1.44105e+018
2.05 1.50808e+018
2.1 1.57634e+018
2.15 1.64581e+018
2.2 1.71643e+018
2.25 1.78816e+018
2.3 1.86097e+018
2.35 1.93482e+018
2.4 2.00965e+018
2.45 2.08545e+018
2.5 2.16217e+018
2.55 2.23977e+018
2.6 2.31822e+018
2.65 2.39748e+018
2.7 2.47753e+018
2.75 2.55832e+018
2.8 2.63984e+018
2.85 2.72204e+018
2.9 2.8049e+018
2.95 2.88839e+018
3 2.97248e+018
