Probe chan_mob vs gate bias
121 2 2
gate bias
Probe chan_mob
-3 11.296
-2.95 11.296
-2.9 11.296
-2.85 11.296
-2.8 11.296
-2.75 11.296
-2.7 11.296
-2.65 11.296
-2.6 11.296
-2.55 11.296
-2.5 11.296
-2.45 11.296
-2.4 11.296
-2.35 11.296
-2.3 11.296
-2.25 11.296
-2.2 11.296
-2.15 11.296
-2.1 11.296
-2.05 11.296
-2 11.296
-1.95 11.296
-1.9 11.296
-1.85 11.296
-1.8 11.296
-1.75 11.296
-1.7 11.296
-1.65 11.296
-1.6 11.296
-1.55 11.296
-1.5 11.296
-1.45 11.296
-1.4 11.296
-1.35 11.296
-1.3 11.296
-1.25 11.296
-1.2 11.296
-1.15 11.296
-1.1 11.296
-1.05 11.296
-1 11.296
-0.95 11.296
-0.9 11.296
-0.85 11.296
-0.8 11.296
-0.75 11.296
-0.7 11.296
-0.65 11.296
-0.6 11.296
-0.55 11.296
-0.5 11.296
-0.45 11.296
-0.4 11.296
-0.35 11.296
-0.3 11.296
-0.25 11.296
-0.2 11.296
-0.15 11.296
-0.1 11.296
-0.05 11.296
0 11.296
0.05 11.296
0.1 11.296
0.15 11.296
0.2 11.296
0.25 11.296
0.3 11.296
0.35 11.296
0.4 11.296
0.45 11.296
0.5 11.296
0.55 11.296
0.6 11.296
0.65 11.296
0.7 11.296
0.75 11.296
0.8 11.296
0.85 11.296
0.9 11.296
0.95 11.296
1 11.296
1.05 11.296
1.1 11.296
1.15 11.296
1.2 11.296
1.25 11.296
1.3 11.296
1.35 11.296
1.4 11.296
1.45 11.296
1.5 11.296
1.55 11.296
1.6 11.296
1.65 11.296
1.7 11.296
1.75 11.296
1.8 11.296
1.85 11.296
1.9 11.296
1.95 11.296
2 11.296
2.05 11.296
2.1 11.296
2.15 11.296
2.2 11.296
2.25 11.296
2.3 11.296
2.35 11.296
2.4 11.296
2.45 11.296
2.5 11.296
2.55 11.296
2.6 11.296
2.65 11.296
2.7 11.296
2.75 11.296
2.8 11.296
2.85 11.296
2.9 11.296
2.95 11.296
3 11.296
