drain current vs gate bias
121 2 2
gate bias
drain current
-3 -1.96424e-021
-2.95 1.08661e-020
-2.9 -3.85739e-022
-2.85 -1.16489e-020
-2.8 9.9304e-021
-2.75 1.74818e-020
-2.7 1.32079e-020
-2.65 -8.26522e-021
-2.6 -9.51692e-021
-2.55 -4.53439e-021
-2.5 -7.37065e-021
-2.45 -1.6657e-020
-2.4 2.42366e-021
-2.35 8.42558e-022
-2.3 -3.05887e-020
-2.25 2.14627e-020
-2.2 9.77437e-021
-2.15 5.07962e-021
-2.1 3.75268e-020
-2.05 -1.37722e-020
-2 -1.77631e-020
-1.95 -1.89801e-020
-1.9 -1.81618e-020
-1.85 2.72531e-021
-1.8 3.15665e-020
-1.75 1.42229e-020
-1.7 -2.91463e-020
-1.65 4.18228e-020
-1.6 6.51301e-020
-1.55 -2.01382e-020
-1.5 6.40622e-020
-1.45 4.03596e-021
-1.4 3.95413e-020
-1.35 -5.73911e-020
-1.3 2.44099e-021
-1.25 3.03182e-020
-1.2 -3.58105e-020
-1.15 1.13784e-019
-1.1 -2.46041e-020
-1.05 6.22453e-020
-1 -3.93333e-020
-0.95 -5.68085e-020
-0.9 1.15503e-019
-0.85 -4.49364e-020
-0.8 -9.59738e-021
-0.75 1.1041e-020
-0.7 -5.83545e-020
-0.65 1.90448e-019
-0.6 -3.07997e-019
-0.55 -3.41053e-019
-0.5 1.20705e-019
-0.45 7.02335e-019
-0.4 4.72147e-018
-0.35 3.32335e-017
-0.3 2.24182e-016
-0.25 1.47907e-015
-0.2 9.46559e-015
-0.15 5.81636e-014
-0.1 3.34828e-013
-0.05 1.69239e-012
0 6.88594e-012
0.05 2.17947e-011
0.1 5.54143e-011
0.15 1.19266e-010
0.2 2.27243e-010
0.25 3.95987e-010
0.3 6.45589e-010
0.35 1.00045e-009
0.4 1.49017e-009
0.45 2.15015e-009
0.5 3.02173e-009
0.55 4.15158e-009
0.6 5.59018e-009
0.65 7.38945e-009
0.7 9.59976e-009
0.75 1.2267e-008
0.8 1.54311e-008
0.85 1.91258e-008
0.9 2.33787e-008
0.95 2.82106e-008
1 3.36354e-008
1.05 3.96593e-008
1.1 4.62803e-008
1.15 5.34878e-008
1.2 6.1263e-008
1.25 6.95796e-008
1.3 7.84051e-008
1.35 8.77037e-008
1.4 9.74377e-008
1.45 1.0757e-007
1.5 1.18063e-007
1.55 1.28886e-007
1.6 1.40007e-007
1.65 1.514e-007
1.7 1.63039e-007
1.75 1.74902e-007
1.8 1.86971e-007
1.85 1.99228e-007
1.9 2.11658e-007
1.95 2.24248e-007
2 2.36984e-007
2.05 2.49857e-007
2.1 2.62856e-007
2.15 2.75972e-007
2.2 2.89199e-007
2.25 3.02527e-007
2.3 3.15952e-007
2.35 3.29467e-007
2.4 3.43067e-007
2.45 3.56746e-007
2.5 3.705e-007
2.55 3.84326e-007
2.6 3.98219e-007
2.65 4.12175e-007
2.7 4.26192e-007
2.75 4.40266e-007
2.8 4.54395e-007
2.85 4.68577e-007
2.9 4.82807e-007
2.95 4.97085e-007
3 5.11409e-007
