source current vs gate bias
121 2 2
gate bias
source current
-3 1.44206e-020
-2.95 -1.5785e-020
-2.9 -4.55432e-021
-2.85 -2.22741e-020
-2.8 8.31116e-021
-2.75 -1.26002e-020
-2.7 -7.21202e-021
-2.65 4.01515e-021
-2.6 -5.62676e-020
-2.55 1.92228e-020
-2.5 -4.50751e-021
-2.45 -2.01867e-020
-2.4 -3.45553e-020
-2.35 2.96456e-020
-2.3 8.61282e-021
-2.25 -1.6976e-020
-2.2 -3.50477e-020
-2.15 2.73363e-020
-2.1 -3.44235e-020
-2.05 -7.26889e-020
-2 7.01785e-021
-1.95 -7.49496e-020
-1.9 1.18166e-020
-1.85 -7.65584e-021
-1.8 1.68373e-020
-1.75 6.38541e-020
-1.7 -9.42556e-020
-1.65 -2.76276e-020
-1.6 7.07888e-020
-1.55 1.19775e-019
-1.5 -1.04963e-019
-1.45 1.57056e-019
-1.4 7.20093e-020
-1.35 -6.44644e-020
-1.3 3.17329e-020
-1.25 -1.16502e-020
-1.2 -2.77164e-019
-1.15 -1.26266e-019
-1.1 -8.41033e-020
-1.05 2.26568e-019
-1 2.48094e-019
-0.95 3.7325e-019
-0.9 6.29776e-019
-0.85 8.52572e-019
-0.8 2.03246e-018
-0.75 3.98281e-018
-0.7 7.11083e-018
-0.65 1.27078e-017
-0.6 2.14667e-017
-0.55 3.5932e-017
-0.5 1.28296e-019
-0.45 -5.13812e-019
-0.4 -4.84919e-018
-0.35 -3.3419e-017
-0.3 -2.23985e-016
-0.25 -1.4787e-015
-0.2 -9.46513e-015
-0.15 -5.81639e-014
-0.1 -3.34827e-013
-0.05 -1.69239e-012
0 -6.88594e-012
0.05 -2.17947e-011
0.1 -5.54143e-011
0.15 -1.19266e-010
0.2 -2.27243e-010
0.25 -3.95987e-010
0.3 -6.45589e-010
0.35 -1.00045e-009
0.4 -1.49017e-009
0.45 -2.15015e-009
0.5 -3.02173e-009
0.55 -4.15158e-009
0.6 -5.59018e-009
0.65 -7.38945e-009
0.7 -9.59976e-009
0.75 -1.2267e-008
0.8 -1.54311e-008
0.85 -1.91258e-008
0.9 -2.33787e-008
0.95 -2.82106e-008
1 -3.36354e-008
1.05 -3.96593e-008
1.1 -4.62803e-008
1.15 -5.34878e-008
1.2 -6.1263e-008
1.25 -6.95796e-008
1.3 -7.84051e-008
1.35 -8.77037e-008
1.4 -9.74377e-008
1.45 -1.0757e-007
1.5 -1.18063e-007
1.55 -1.28886e-007
1.6 -1.40007e-007
1.65 -1.514e-007
1.7 -1.63039e-007
1.75 -1.74902e-007
1.8 -1.86971e-007
1.85 -1.99228e-007
1.9 -2.11658e-007
1.95 -2.24248e-007
2 -2.36984e-007
2.05 -2.49857e-007
2.1 -2.62856e-007
2.15 -2.75972e-007
2.2 -2.89199e-007
2.25 -3.02527e-007
2.3 -3.15952e-007
2.35 -3.29467e-007
2.4 -3.43067e-007
2.45 -3.56746e-007
2.5 -3.705e-007
2.55 -3.84326e-007
2.6 -3.98219e-007
2.65 -4.12175e-007
2.7 -4.26192e-007
2.75 -4.40266e-007
2.8 -4.54395e-007
2.85 -4.68577e-007
2.9 -4.82807e-007
2.95 -4.97085e-007
3 -5.11409e-007
