Electron Conc vs Depth
72 2 2
Depth
Electron Conc
0 3.08358e+015
0.000784761 3.08317e+015
0.0014745 3.08215e+015
0.00208072 3.08072e+015
0.00261354 3.07906e+015
0.00308184 3.07728e+015
0.00349343 3.07547e+015
0.00385519 3.07368e+015
0.00417314 3.07196e+015
0.0044526 3.07033e+015
0.00469821 3.0688e+015
0.00491409 3.06738e+015
0.00510382 3.06608e+015
0.00527059 3.06489e+015
0.00541715 3.06381e+015
0.00554598 3.06284e+015
0.0056592 3.06196e+015
0.00575871 3.06117e+015
0.00584618 3.06047e+015
0.00592305 3.05984e+015
0.00599062 3.05928e+015
0.00605 3.05878e+015
0.00605 3.05878e+015
0.0061125 3.06027e+015
0.006175 3.06382e+015
0.0062375 3.06944e+015
0.0063 3.07714e+015
0.0063 0
0.00635947 0
0.00642532 0
0.00649821 0
0.00657892 0
0.00666828 0
0.00676721 0
0.00687674 0
0.00699801 0
0.00713226 0
0.00728091 0
0.00744548 0
0.00762768 0
0.0078294 0
0.00805274 0
0.0083 0
0.0083 0
0.00854269 0
0.00879838 0
0.00906776 0
0.00935158 0
0.0096506 0
0.00996564 0
0.0102976 0
0.0106473 0
0.0110157 0
0.0114039 0
0.0118128 0
0.0122437 0
0.0126977 0
0.0131759 0
0.0136798 0
0.0142107 0
0.0147701 0
0.0153594 0
0.0159802 0
0.0166344 0
0.0173235 0
0.0180496 0
0.0188146 0
0.0196206 0
0.0204697 0
0.0213644 0
0.0223069 0
0.0233 0
