Electron Conc vs Depth
72 2 2
Depth
Electron Conc
0 6.09645e+017
0.000784761 6.70337e+017
0.0014745 8.55575e+017
0.00208072 1.2069e+018
0.00261354 1.80754e+018
0.00308184 2.77249e+018
0.00349343 4.22206e+018
0.00385519 6.24318e+018
0.00417314 8.86448e+018
0.0044526 1.20596e+019
0.00469821 1.57656e+019
0.00491409 1.99005e+019
0.00510382 2.43736e+019
0.00527059 2.90919e+019
0.00541715 3.39641e+019
0.00554598 3.89039e+019
0.0056592 4.38326e+019
0.00575871 4.86809e+019
0.00584618 5.33904e+019
0.00592305 5.7914e+019
0.00599062 6.22158e+019
0.00605 6.62701e+019
0.00605 6.62701e+019
0.0061125 7.08422e+019
0.006175 7.57522e+019
0.0062375 8.10278e+019
0.0063 8.66994e+019
0.0063 0
0.00635947 0
0.00642532 0
0.00649821 0
0.00657892 0
0.00666828 0
0.00676721 0
0.00687674 0
0.00699801 0
0.00713226 0
0.00728091 0
0.00744548 0
0.00762768 0
0.0078294 0
0.00805274 0
0.0083 0
0.0083 0
0.00854269 0
0.00879838 0
0.00906776 0
0.00935158 0
0.0096506 0
0.00996564 0
0.0102976 0
0.0106473 0
0.0110157 0
0.0114039 0
0.0118128 0
0.0122437 0
0.0126977 0
0.0131759 0
0.0136798 0
0.0142107 0
0.0147701 0
0.0153594 0
0.0159802 0
0.0166344 0
0.0173235 0
0.0180496 0
0.0188146 0
0.0196206 0
0.0204697 0
0.0213644 0
0.0223069 0
0.0233 0
