Electron Conc vs Depth
72 2 2
Depth
Electron Conc
0 1.01503e+017
0.000784761 1.05355e+017
0.0014745 1.15926e+017
0.00208072 1.32733e+017
0.00261354 1.56044e+017
0.00308184 1.86498e+017
0.00349343 2.24898e+017
0.00385519 2.72053e+017
0.00417314 3.28638e+017
0.0044526 3.95076e+017
0.00469821 4.71424e+017
0.00491409 5.57317e+017
0.00510382 6.51943e+017
0.00527059 7.54079e+017
0.00541715 8.62174e+017
0.00554598 9.74458e+017
0.0056592 1.08907e+018
0.00575871 1.20418e+018
0.00584618 1.31809e+018
0.00592305 1.4293e+018
0.00599062 1.53656e+018
0.00605 1.6389e+018
0.00605 1.6389e+018
0.0061125 1.7565e+018
0.006175 1.88522e+018
0.0062375 2.0261e+018
0.0063 2.1803e+018
0.0063 0
0.00635947 0
0.00642532 0
0.00649821 0
0.00657892 0
0.00666828 0
0.00676721 0
0.00687674 0
0.00699801 0
0.00713226 0
0.00728091 0
0.00744548 0
0.00762768 0
0.0078294 0
0.00805274 0
0.0083 0
0.0083 0
0.00854269 0
0.00879838 0
0.00906776 0
0.00935158 0
0.0096506 0
0.00996564 0
0.0102976 0
0.0106473 0
0.0110157 0
0.0114039 0
0.0118128 0
0.0122437 0
0.0126977 0
0.0131759 0
0.0136798 0
0.0142107 0
0.0147701 0
0.0153594 0
0.0159802 0
0.0166344 0
0.0173235 0
0.0180496 0
0.0188146 0
0.0196206 0
0.0204697 0
0.0213644 0
0.0223069 0
0.0233 0
