Valence Band Energy vs Depth
72 2 2
Depth
Valence Band Energy
0 -2.94875
0.000784761 -2.94874
0.0014745 -2.94873
0.00208072 -2.94872
0.00261354 -2.94871
0.00308184 -2.94869
0.00349343 -2.94868
0.00385519 -2.94866
0.00417314 -2.94865
0.0044526 -2.94863
0.00469821 -2.94862
0.00491409 -2.94861
0.00510382 -2.9486
0.00527059 -2.94859
0.00541715 -2.94858
0.00554598 -2.94857
0.0056592 -2.94856
0.00575871 -2.94856
0.00584618 -2.94855
0.00592305 -2.94855
0.00599062 -2.94854
0.00605 -2.94854
0.00605 -2.94854
0.0061125 -2.94855
0.006175 -2.94858
0.0062375 -2.94863
0.0063 -2.94869
0.0063 -2.94869
0.00635947 -5.4967
0.00642532 -5.49449
0.00649821 -5.49204
0.00657892 -5.48933
0.00666828 -5.48633
0.00676721 -5.48301
0.00687674 -5.47933
0.00699801 -5.47526
0.00713226 -5.47075
0.00728091 -5.46577
0.00744548 -5.46024
0.00762768 -5.45413
0.0078294 -5.44735
0.00805274 -5.43986
0.0083 -5.43156
0.0083 -5.43156
0.00854269 -5.42781
0.00879838 -5.42386
0.00906776 -5.41971
0.00935158 -5.41532
0.0096506 -5.41071
0.00996564 -5.40584
0.0102976 -5.40072
0.0106473 -5.39532
0.0110157 -5.38963
0.0114039 -5.38364
0.0118128 -5.37733
0.0122437 -5.37068
0.0126977 -5.36367
0.0131759 -5.35629
0.0136798 -5.34851
0.0142107 -5.34031
0.0147701 -5.33168
0.0153594 -5.32258
0.0159802 -5.313
0.0166344 -5.3029
0.0173235 -5.29226
0.0180496 -5.28105
0.0188146 -5.26924
0.0196206 -5.2568
0.0204697 -5.24369
0.0213644 -5.22988
0.0223069 -5.21533
0.0233 -5.2
