Valence Band Energy vs Depth
72 2 2
Depth
Valence Band Energy
0 -3.40355
0.000784761 -3.40622
0.0014745 -3.41318
0.00208072 -3.42332
0.00261354 -3.43588
0.00308184 -3.45032
0.00349343 -3.4662
0.00385519 -3.48318
0.00417314 -3.50095
0.0044526 -3.51925
0.00469821 -3.53784
0.00491409 -3.55649
0.00510382 -3.57498
0.00527059 -3.59312
0.00541715 -3.61074
0.00554598 -3.62768
0.0056592 -3.64384
0.00575871 -3.65911
0.00584618 -3.67345
0.00592305 -3.6868
0.00599062 -3.69918
0.00605 -3.71057
0.00605 -3.71057
0.0061125 -3.72313
0.006175 -3.73632
0.0062375 -3.75017
0.0063 -3.76471
0.0063 -3.76471
0.00635947 -6.32731
0.00642532 -6.34126
0.00649821 -6.35671
0.00657892 -6.37381
0.00666828 -6.39274
0.00676721 -6.4137
0.00687674 -6.43691
0.00699801 -6.4626
0.00713226 -6.49104
0.00728091 -6.52254
0.00744548 -6.5574
0.00762768 -6.59601
0.0078294 -6.63875
0.00805274 -6.68607
0.0083 -6.73845
0.0083 -6.73845
0.00854269 -6.7621
0.00879838 -6.78701
0.00906776 -6.81326
0.00935158 -6.84092
0.0096506 -6.87005
0.00996564 -6.90075
0.0102976 -6.93309
0.0106473 -6.96716
0.0110157 -7.00306
0.0114039 -7.04088
0.0118128 -7.08073
0.0122437 -7.12271
0.0126977 -7.16695
0.0131759 -7.21355
0.0136798 -7.26265
0.0142107 -7.31437
0.0147701 -7.36887
0.0153594 -7.42629
0.0159802 -7.48679
0.0166344 -7.55052
0.0173235 -7.61767
0.0180496 -7.68842
0.0188146 -7.76296
0.0196206 -7.84149
0.0204697 -7.92423
0.0213644 -8.0114
0.0223069 -8.10324
0.0233 -8.2
