Valence Band Energy vs Depth
72 2 2
Depth
Valence Band Energy
0 -3.15842
0.000784761 -3.15939
0.0014745 -3.1619
0.00208072 -3.16546
0.00261354 -3.16973
0.00308184 -3.17445
0.00349343 -3.17942
0.00385519 -3.18451
0.00417314 -3.1896
0.0044526 -3.1946
0.00469821 -3.19944
0.00491409 -3.20407
0.00510382 -3.20846
0.00527059 -3.21259
0.00541715 -3.21643
0.00554598 -3.22
0.0056592 -3.22328
0.00575871 -3.22628
0.00584618 -3.22902
0.00592305 -3.23151
0.00599062 -3.23376
0.00605 -3.23579
0.00605 -3.23579
0.0061125 -3.23799
0.006175 -3.24027
0.0062375 -3.24263
0.0063 -3.24507
0.0063 -3.24507
0.00635947 -5.79543
0.00642532 -5.79584
0.00649821 -5.79629
0.00657892 -5.79679
0.00666828 -5.79734
0.00676721 -5.79795
0.00687674 -5.79863
0.00699801 -5.79938
0.00713226 -5.80021
0.00728091 -5.80112
0.00744548 -5.80214
0.00762768 -5.80326
0.0078294 -5.80451
0.00805274 -5.80589
0.0083 -5.80741
0.0083 -5.80741
0.00854269 -5.8081
0.00879838 -5.80883
0.00906776 -5.80959
0.00935158 -5.8104
0.0096506 -5.81125
0.00996564 -5.81214
0.0102976 -5.81309
0.0106473 -5.81408
0.0110157 -5.81512
0.0114039 -5.81623
0.0118128 -5.81739
0.0122437 -5.81861
0.0126977 -5.8199
0.0131759 -5.82126
0.0136798 -5.82269
0.0142107 -5.8242
0.0147701 -5.82578
0.0153594 -5.82746
0.0159802 -5.82922
0.0166344 -5.83108
0.0173235 -5.83303
0.0180496 -5.83509
0.0188146 -5.83727
0.0196206 -5.83955
0.0204697 -5.84196
0.0213644 -5.8445
0.0223069 -5.84718
0.0233 -5.85
