Probe bulk_ionized_acceptors vs gate bias
121 2 2
gate bias
Probe bulk_ionized_acceptors
-3 2.613e+012
-2.95 2.66358e+012
-2.9 2.71712e+012
-2.85 2.7737e+012
-2.8 2.83285e+012
-2.75 2.8943e+012
-2.7 2.95809e+012
-2.65 3.02424e+012
-2.6 3.0928e+012
-2.55 3.16387e+012
-2.5 3.23759e+012
-2.45 3.31408e+012
-2.4 3.39351e+012
-2.35 3.47603e+012
-2.3 3.56183e+012
-2.25 3.65109e+012
-2.2 3.74403e+012
-2.15 3.84086e+012
-2.1 3.94183e+012
-2.05 4.04721e+012
-2 4.15728e+012
-1.95 4.27236e+012
-1.9 4.39279e+012
-1.85 4.51896e+012
-1.8 4.65128e+012
-1.75 4.79022e+012
-1.7 4.93629e+012
-1.65 5.09007e+012
-1.6 5.25218e+012
-1.55 5.42335e+012
-1.5 5.60436e+012
-1.45 5.79613e+012
-1.4 5.99967e+012
-1.35 6.21614e+012
-1.3 6.44686e+012
-1.25 6.69335e+012
-1.2 6.95735e+012
-1.15 7.24089e+012
-1.1 7.54633e+012
-1.05 7.87641e+012
-1 8.2344e+012
-0.95 8.62416e+012
-0.9 9.05029e+012
-0.85 9.51837e+012
-0.8 1.00351e+013
-0.75 1.06089e+013
-0.7 1.12501e+013
-0.65 1.19717e+013
-0.6 1.27918e+013
-0.55 1.37376e+013
-0.5 1.48636e+013
-0.45 1.63192e+013
-0.4 1.8626e+013
-0.35 2.38149e+013
-0.3 4.0113e+013
-0.25 1.01122e+014
-0.2 3.42795e+014
-0.15 1.29426e+015
-0.1 4.77179e+015
-0.05 1.51198e+016
0 3.68506e+016
0.05 6.94587e+016
0.1 1.0944e+017
0.15 1.54087e+017
0.2 2.01952e+017
0.25 2.52287e+017
0.3 3.04592e+017
0.35 3.5837e+017
0.4 4.1301e+017
0.45 4.6776e+017
0.5 5.21772e+017
0.55 5.74209e+017
0.6 6.24388e+017
0.65 6.7193e+017
0.7 7.16788e+017
0.75 7.59067e+017
0.8 7.98823e+017
0.85 8.36047e+017
0.9 8.70729e+017
0.95 9.02899e+017
1 9.32623e+017
1.05 9.59997e+017
1.1 9.85131e+017
1.15 1.00816e+018
1.2 1.02921e+018
1.25 1.04847e+018
1.3 1.06608e+018
1.35 1.08222e+018
1.4 1.09705e+018
1.45 1.11072e+018
1.5 1.12335e+018
1.55 1.13507e+018
1.6 1.14599e+018
1.65 1.15618e+018
1.7 1.16574e+018
1.75 1.17471e+018
1.8 1.18317e+018
1.85 1.19116e+018
1.9 1.19873e+018
1.95 1.20591e+018
2 1.21274e+018
2.05 1.21925e+018
2.1 1.22546e+018
2.15 1.2314e+018
2.2 1.23709e+018
2.25 1.24254e+018
2.3 1.24778e+018
2.35 1.25281e+018
2.4 1.25766e+018
2.45 1.26234e+018
2.5 1.26684e+018
2.55 1.2712e+018
2.6 1.27541e+018
2.65 1.27948e+018
2.7 1.28343e+018
2.75 1.28725e+018
2.8 1.29096e+018
2.85 1.29456e+018
2.9 1.29806e+018
2.95 1.30146e+018
3 1.30476e+018
