Probe bulk_front_electrons vs gate bias
121 2 2
gate bias
Probe bulk_front_electrons
-3 7.83203e-033
-2.95 1.00698e-032
-2.9 1.37442e-032
-2.85 2.06258e-032
-2.8 3.64814e-032
-2.75 8.74666e-032
-2.7 3.40913e-031
-2.65 1.99447e-030
-2.6 1.28809e-029
-2.55 7.67145e-029
-2.5 4.50044e-028
-2.45 2.87949e-027
-2.4 1.94595e-026
-2.35 1.33817e-025
-2.3 9.24382e-025
-2.25 6.39249e-024
-2.2 4.42185e-023
-2.15 3.0589e-022
-2.1 2.11609e-021
-2.05 1.46388e-020
-2 1.01269e-019
-1.95 7.00562e-019
-1.9 4.84638e-018
-1.85 3.35266e-017
-1.8 2.31932e-016
-1.75 1.60447e-015
-1.7 1.10995e-014
-1.65 7.67829e-014
-1.6 5.311e-013
-1.55 3.67058e-012
-1.5 2.52312e-011
-1.45 1.68351e-010
-1.4 1.05172e-009
-1.35 6.75335e-009
-1.3 4.60147e-008
-1.25 3.17778e-007
-1.2 2.19795e-006
-1.15 1.52043e-005
-1.1 0.000105175
-1.05 0.000727548
-1 0.00503278
-0.95 0.0348115
-0.9 0.240059
-0.85 1.61218
-0.8 11.0549
-0.75 76.4519
-0.7 528.837
-0.65 3658.09
-0.6 25303.7
-0.55 175029
-0.5 1.21069e+006
-0.45 8.37424e+006
-0.4 5.79227e+007
-0.35 4.00611e+008
-0.3 2.77015e+009
-0.25 1.91391e+010
-0.2 1.31794e+011
-0.15 8.956e+011
-0.1 5.79752e+012
-0.05 3.26695e+013
0 1.43997e+014
0.05 4.9174e+014
0.1 1.38765e+015
0.15 3.43171e+015
0.2 7.7102e+015
0.25 1.60624e+016
0.3 3.13901e+016
0.35 5.79386e+016
0.4 1.0142e+017
0.45 1.68814e+017
0.5 2.67738e+017
0.55 4.05405e+017
0.6 5.87497e+017
0.65 8.17406e+017
0.7 1.09613e+018
0.75 1.42244e+018
0.8 1.79319e+018
0.85 2.20393e+018
0.9 2.64978e+018
0.95 3.12613e+018
1 3.62912e+018
1.05 4.15566e+018
1.1 4.70343e+018
1.15 5.27073e+018
1.2 5.85631e+018
1.25 6.45923e+018
1.3 7.07864e+018
1.35 7.71373e+018
1.4 8.36361e+018
1.45 9.02729e+018
1.5 9.70378e+018
1.55 1.0392e+019
1.6 1.1091e+019
1.65 1.17998e+019
1.7 1.25174e+019
1.75 1.32429e+019
1.8 1.39757e+019
1.85 1.4715e+019
1.9 1.54601e+019
1.95 1.62104e+019
2 1.69655e+019
2.05 1.77249e+019
2.1 1.8488e+019
2.15 1.92546e+019
2.2 2.00243e+019
2.25 2.07968e+019
2.3 2.15718e+019
2.35 2.23489e+019
2.4 2.31281e+019
2.45 2.39091e+019
2.5 2.46917e+019
2.55 2.54757e+019
2.6 2.6261e+019
2.65 2.70474e+019
2.7 2.78348e+019
2.75 2.86231e+019
2.8 2.94121e+019
2.85 3.02018e+019
2.9 3.09921e+019
2.95 3.17828e+019
3 3.2574e+019
