Probe bulk_free_electrons vs gate bias
121 2 2
gate bias
Probe bulk_free_electrons
-3 4.14209e+011
-2.95 4.19987e+011
-2.9 4.26114e+011
-2.85 4.32602e+011
-2.8 4.39399e+011
-2.75 4.46476e+011
-2.7 4.53837e+011
-2.65 4.61488e+011
-2.6 4.69435e+011
-2.55 4.77692e+011
-2.5 4.86276e+011
-2.45 4.95205e+011
-2.4 5.04499e+011
-2.35 5.1418e+011
-2.3 5.2427e+011
-2.25 5.34794e+011
-2.2 5.45779e+011
-2.15 5.57254e+011
-2.1 5.69251e+011
-2.05 5.81803e+011
-2 5.94948e+011
-1.95 6.08726e+011
-1.9 6.23182e+011
-1.85 6.38363e+011
-1.8 6.54323e+011
-1.75 6.71121e+011
-1.7 6.88822e+011
-1.65 7.07497e+011
-1.6 7.27226e+011
-1.55 7.48099e+011
-1.5 7.70214e+011
-1.45 7.93685e+011
-1.4 8.18637e+011
-1.35 8.45215e+011
-1.3 8.73582e+011
-1.25 9.03926e+011
-1.2 9.36464e+011
-1.15 9.71445e+011
-1.1 1.00916e+012
-1.05 1.04996e+012
-1 1.09424e+012
-0.95 1.1425e+012
-0.9 1.1953e+012
-0.85 1.25336e+012
-0.8 1.31753e+012
-0.75 1.3889e+012
-0.7 1.46878e+012
-0.65 1.55888e+012
-0.6 1.66136e+012
-0.55 1.77906e+012
-0.5 1.91577e+012
-0.45 2.07681e+012
-0.4 2.2711e+012
-0.35 2.52202e+012
-0.3 2.93766e+012
-0.25 4.18692e+012
-0.2 1.07339e+013
-0.15 5.207e+013
-0.1 3.03735e+014
-0.05 1.52239e+015
0 5.3998e+015
0.05 1.34371e+016
0.1 2.59663e+016
0.15 4.27098e+016
0.2 6.3377e+016
0.25 8.78725e+016
0.3 1.16337e+017
0.35 1.49131e+017
0.4 1.86791e+017
0.45 2.29954e+017
0.5 2.79255e+017
0.55 3.35226e+017
0.6 3.98221e+017
0.65 4.6843e+017
0.7 5.45945e+017
0.75 6.30739e+017
0.8 7.22599e+017
0.85 8.21139e+017
0.9 9.25903e+017
0.95 1.03645e+018
1 1.15242e+018
1.05 1.27349e+018
1.1 1.39945e+018
1.15 1.53011e+018
1.2 1.66529e+018
1.25 1.80483e+018
1.3 1.94854e+018
1.35 2.09616e+018
1.4 2.24743e+018
1.45 2.40205e+018
1.5 2.55973e+018
1.55 2.72015e+018
1.6 2.88306e+018
1.65 3.0482e+018
1.7 3.21534e+018
1.75 3.38428e+018
1.8 3.55484e+018
1.85 3.72686e+018
1.9 3.90021e+018
1.95 4.07476e+018
2 4.25041e+018
2.05 4.42705e+018
2.1 4.60461e+018
2.15 4.78302e+018
2.2 4.96219e+018
2.25 5.14208e+018
2.3 5.32264e+018
2.35 5.50381e+018
2.4 5.68556e+018
2.45 5.86784e+018
2.5 6.05061e+018
2.55 6.23386e+018
2.6 6.41755e+018
2.65 6.60165e+018
2.7 6.78614e+018
2.75 6.971e+018
2.8 7.15621e+018
2.85 7.34174e+018
2.9 7.52759e+018
2.95 7.71374e+018
3 7.90017e+018
