Probe bulk_back_electrons vs gate bias
121 2 2
gate bias
Probe bulk_back_electrons
-3 1.69046e-030
-2.95 2.00776e-030
-2.9 2.52119e-030
-2.85 3.47097e-030
-2.8 5.63926e-030
-2.75 1.25749e-029
-2.7 4.69917e-029
-2.65 2.71483e-028
-2.6 1.74933e-027
-2.55 1.04138e-026
-2.5 6.10845e-026
-2.45 3.90816e-025
-2.4 2.64108e-024
-2.35 1.81619e-023
-2.3 1.25459e-022
-2.25 8.67599e-022
-2.2 6.00141e-021
-2.15 4.1516e-020
-2.1 2.872e-019
-2.05 1.9868e-018
-2 1.37444e-017
-1.95 9.50815e-017
-1.9 6.5776e-016
-1.85 4.55028e-015
-1.8 3.14782e-014
-1.75 2.17761e-013
-1.7 1.50644e-012
-1.65 1.04211e-011
-1.6 7.20818e-011
-1.55 4.98178e-010
-1.5 3.42442e-009
-1.45 2.28484e-008
-1.4 1.42731e-007
-1.35 9.16476e-007
-1.3 6.24445e-006
-1.25 4.31242e-005
-1.2 0.000298274
-1.15 0.0020633
-1.1 0.0142729
-1.05 0.0987317
-1 0.682836
-0.95 4.7214
-0.9 32.6589
-0.85 225.914
-0.8 1562.73
-0.75 10809.9
-0.7 74775.3
-0.65 517239
-0.6 3.57784e+006
-0.55 2.47484e+007
-0.5 1.71186e+008
-0.45 1.18408e+009
-0.4 8.18994e+009
-0.35 5.66424e+010
-0.3 3.91622e+011
-0.25 2.70433e+012
-0.2 1.8582e+013
-0.15 1.25171e+014
-0.1 7.83868e+014
-0.05 3.98398e+015
0 1.39915e+016
0.05 3.36293e+016
0.1 6.15248e+016
0.15 9.44605e+016
0.2 1.29445e+017
0.25 1.64261e+017
0.3 1.97437e+017
0.35 2.28096e+017
0.4 2.55795e+017
0.45 2.80399e+017
0.5 3.01978e+017
0.55 3.20733e+017
0.6 3.36941e+017
0.65 3.50925e+017
0.7 3.6301e+017
0.75 3.735e+017
0.8 3.82655e+017
0.85 3.90694e+017
0.9 3.97802e+017
0.95 4.04139e+017
1 4.09835e+017
1.05 4.14999e+017
1.1 4.1972e+017
1.15 4.24069e+017
1.2 4.28105e+017
1.25 4.31873e+017
1.3 4.35411e+017
1.35 4.38748e+017
1.4 4.41908e+017
1.45 4.44909e+017
1.5 4.47768e+017
1.55 4.50496e+017
1.6 4.53105e+017
1.65 4.55604e+017
1.7 4.58002e+017
1.75 4.60307e+017
1.8 4.62524e+017
1.85 4.64661e+017
1.9 4.66721e+017
1.95 4.68711e+017
2 4.70635e+017
2.05 4.72497e+017
2.1 4.74301e+017
2.15 4.7605e+017
2.2 4.77746e+017
2.25 4.79395e+017
2.3 4.80997e+017
2.35 4.82555e+017
2.4 4.84072e+017
2.45 4.8555e+017
2.5 4.8699e+017
2.55 4.88395e+017
2.6 4.89767e+017
2.65 4.91106e+017
2.7 4.92414e+017
2.75 4.93693e+017
2.8 4.94944e+017
2.85 4.96168e+017
2.9 4.97367e+017
2.95 4.98541e+017
3 4.99691e+017
