Probe channel_electrons vs gate bias
121 2 2
gate bias
Probe channel_electrons
-3 3.30993e-031
-2.95 3.95708e-031
-2.9 5.00439e-031
-2.85 6.94194e-031
-2.8 1.13656e-030
-2.75 2.55159e-030
-2.7 9.57346e-030
-2.65 5.53758e-029
-2.6 3.56922e-028
-2.55 2.12513e-027
-2.5 1.24668e-026
-2.45 7.9766e-026
-2.4 5.39055e-025
-2.35 3.70693e-024
-2.3 2.56067e-023
-2.25 1.77081e-022
-2.2 1.22492e-021
-2.15 8.47361e-021
-2.1 5.86189e-020
-2.05 4.05516e-019
-2 2.80529e-018
-1.95 1.94066e-017
-1.9 1.34252e-016
-1.85 9.28735e-016
-1.8 6.42485e-015
-1.75 4.44462e-014
-1.7 3.07471e-013
-1.65 2.127e-012
-1.6 1.47122e-011
-1.55 1.01681e-010
-1.5 6.98943e-010
-1.45 4.6636e-009
-1.4 2.91348e-008
-1.35 1.87084e-007
-1.3 1.27472e-006
-1.25 8.80321e-006
-1.2 6.08885e-005
-1.15 0.000421194
-1.1 0.00291361
-1.05 0.0201547
-1 0.139371
-0.95 0.955729
-0.9 6.54641
-0.85 45.2638
-0.8 313.103
-0.75 2165.83
-0.7 14981.7
-0.65 103632
-0.6 716842
-0.55 4.95849e+006
-0.5 3.42981e+007
-0.45 2.37238e+008
-0.4 1.64091e+009
-0.35 1.13489e+010
-0.3 7.84694e+010
-0.25 5.41984e+011
-0.2 3.72744e+012
-0.15 2.52004e+013
-0.1 1.60002e+014
-0.05 8.48663e+014
0 3.27011e+015
0.05 9.04145e+015
0.1 1.95465e+016
0.15 3.57747e+016
0.2 5.82853e+016
0.25 8.71186e+016
0.3 1.21754e+017
0.35 1.61169e+017
0.4 2.03985e+017
0.45 2.48667e+017
0.5 2.93728e+017
0.55 3.37891e+017
0.6 3.80196e+017
0.65 4.2005e+017
0.7 4.57192e+017
0.75 4.91591e+017
0.8 5.23343e+017
0.85 5.52619e+017
0.9 5.79641e+017
0.95 6.04657e+017
1 6.27917e+017
1.05 6.49656e+017
1.1 6.70085e+017
1.15 6.89387e+017
1.2 7.07719e+017
1.25 7.25211e+017
1.3 7.41969e+017
1.35 7.58078e+017
1.4 7.73605e+017
1.45 7.88606e+017
1.5 8.03123e+017
1.55 8.17193e+017
1.6 8.30846e+017
1.65 8.4411e+017
1.7 8.57007e+017
1.75 8.69561e+017
1.8 8.81789e+017
1.85 8.93711e+017
1.9 9.05342e+017
1.95 9.16699e+017
2 9.27794e+017
2.05 9.38642e+017
2.1 9.49255e+017
2.15 9.59644e+017
2.2 9.6982e+017
2.25 9.79792e+017
2.3 9.8957e+017
2.35 9.99163e+017
2.4 1.00858e+018
2.45 1.01782e+018
2.5 1.02691e+018
2.55 1.03583e+018
2.6 1.04461e+018
2.65 1.05325e+018
2.7 1.06174e+018
2.75 1.0701e+018
2.8 1.07834e+018
2.85 1.08645e+018
2.9 1.09444e+018
2.95 1.10232e+018
3 1.11009e+018
