drain current vs gate bias
121 2 2
gate bias
drain current
-3 0
-2.95 0
-2.9 0
-2.85 0
-2.8 0
-2.75 0
-2.7 0
-2.65 0
-2.6 0
-2.55 0
-2.5 0
-2.45 0
-2.4 0
-2.35 0
-2.3 0
-2.25 0
-2.2 0
-2.15 0
-2.1 0
-2.05 0
-2 0
-1.95 0
-1.9 0
-1.85 0
-1.8 0
-1.75 0
-1.7 0
-1.65 0
-1.6 0
-1.55 0
-1.5 0
-1.45 0
-1.4 0
-1.35 0
-1.3 0
-1.25 0
-1.2 0
-1.15 0
-1.1 0
-1.05 0
-1 0
-0.95 0
-0.9 0
-0.85 0
-0.8 0
-0.75 0
-0.7 1.03232e-021
-0.65 6.19392e-021
-0.6 4.12928e-020
-0.55 2.88017e-019
-0.5 1.99083e-018
-0.45 1.37696e-017
-0.4 9.52356e-017
-0.35 6.58555e-016
-0.3 4.55296e-015
-0.25 3.14506e-014
-0.2 2.16527e-013
-0.15 1.471e-012
-0.1 9.51287e-012
-0.05 5.32178e-011
0 2.26339e-010
0.05 7.03632e-010
0.1 1.69466e-009
0.15 3.40282e-009
0.2 6.01874e-009
0.25 9.72955e-009
0.3 1.47317e-008
0.35 2.1243e-008
0.4 2.95114e-008
0.45 3.98176e-008
0.5 5.24706e-008
0.55 6.7793e-008
0.6 8.60963e-008
0.65 1.07644e-007
0.7 1.32616e-007
0.75 1.61103e-007
0.8 1.9314e-007
0.85 2.28735e-007
0.9 2.67866e-007
0.95 3.10478e-007
1 3.56475e-007
1.05 4.05714e-007
1.1 4.58012e-007
1.15 5.1314e-007
1.2 5.70835e-007
1.25 6.30811e-007
1.3 6.92777e-007
1.35 7.56451e-007
1.4 8.21579e-007
1.45 8.87937e-007
1.5 9.55338e-007
1.55 1.02363e-006
1.6 1.09267e-006
1.65 1.16237e-006
1.7 1.23263e-006
1.75 1.30339e-006
1.8 1.37458e-006
1.85 1.44616e-006
1.9 1.51808e-006
1.95 1.59031e-006
2 1.66281e-006
2.05 1.73557e-006
2.1 1.80855e-006
2.15 1.88174e-006
2.2 1.95512e-006
2.25 2.02868e-006
2.3 2.10239e-006
2.35 2.17626e-006
2.4 2.25026e-006
2.45 2.3244e-006
2.5 2.39865e-006
2.55 2.47301e-006
2.6 2.54748e-006
2.65 2.62205e-006
2.7 2.69671e-006
2.75 2.77146e-006
2.8 2.84629e-006
2.85 2.9212e-006
2.9 2.99618e-006
2.95 3.07123e-006
3 3.14634e-006
