Probe channel_mobility vs gate bias
121 2 2
gate bias
Probe channel_mobility
-3 55
-2.95 55
-2.9 55
-2.85 55
-2.8 55
-2.75 55
-2.7 55
-2.65 55
-2.6 55
-2.55 55
-2.5 55
-2.45 55
-2.4 55
-2.35 55
-2.3 55
-2.25 55
-2.2 55
-2.15 55
-2.1 55
-2.05 55
-2 55
-1.95 55
-1.9 55
-1.85 55
-1.8 55
-1.75 55
-1.7 55
-1.65 55
-1.6 55
-1.55 55
-1.5 55
-1.45 55
-1.4 55
-1.35 55
-1.3 55
-1.25 55
-1.2 55
-1.15 55
-1.1 55
-1.05 55
-1 55
-0.95 55
-0.9 55
-0.85 55
-0.8 55
-0.75 55
-0.7 55
-0.65 55
-0.6 55
-0.55 55
-0.5 55
-0.45 55
-0.4 55
-0.35 55
-0.3 55
-0.25 55
-0.2 55
-0.15 55
-0.1 55
-0.05 55
0 55
0.05 55
0.1 55
0.15 55
0.2 55
0.25 55
0.3 55
0.35 55
0.4 55
0.45 55
0.5 55
0.55 55
0.6 55
0.65 55
0.7 55
0.75 55
0.8 55
0.85 55
0.9 55
0.95 55
1 55
1.05 55
1.1 55
1.15 55
1.2 55
1.25 55
1.3 55
1.35 55
1.4 55
1.45 55
1.5 55
1.55 55
1.6 55
1.65 55
1.7 55
1.75 55
1.8 55
1.85 55
1.9 55
1.95 55
2 55
2.05 55
2.1 55
2.15 55
2.2 55
2.25 55
2.3 55
2.35 55
2.4 55
2.45 55
2.5 55
2.55 55
2.6 55
2.65 55
2.7 55
2.75 55
2.8 55
2.85 55
2.9 55
2.95 55
3 55
