Probe avg_n vs gate bias
76 2 2
gate bias
Probe avg_n
-3 8.65224e+012
-2.8 8.7191e+012
-2.6 8.80442e+012
-2.4 8.9134e+012
-2.2 9.05311e+012
-2 9.23305e+012
-1.8 9.46615e+012
-1.6 9.77036e+012
-1.4 1.01712e+013
-1.2 1.07059e+013
-1 1.14313e+013
-0.95 1.16521e+013
-0.9 1.18921e+013
-0.85 1.21535e+013
-0.8 1.24388e+013
-0.75 1.2751e+013
-0.7 1.30933e+013
-0.65 1.34697e+013
-0.6 1.38848e+013
-0.55 1.43441e+013
-0.5 1.4854e+013
-0.45 1.54221e+013
-0.4 1.60577e+013
-0.35 1.67717e+013
-0.3 1.75775e+013
-0.25 1.8491e+013
-0.2 1.95315e+013
-0.15 2.07225e+013
-0.1 2.20937e+013
-0.05 2.369e+013
-4.24783e-016 2.56263e+013
0.05 2.84235e+013
0.1 3.50461e+013
0.15 6.28708e+013
0.2 2.08838e+014
0.25 9.2608e+014
0.3 3.63679e+015
0.35 1.0825e+016
0.4 2.49175e+016
0.45 4.75853e+016
0.5 7.99878e+016
0.55 1.23148e+017
0.6 1.78174e+017
0.65 2.46375e+017
0.7 3.29318e+017
0.75 4.28849e+017
0.8 5.47069e+017
0.85 6.86272e+017
0.9 8.48827e+017
0.95 1.03706e+018
1 1.25318e+018
1.05 1.49923e+018
1.1 1.77697e+018
1.15 2.0877e+018
1.2 2.43214e+018
1.25 2.81042e+018
1.3 3.22229e+018
1.35 3.66715e+018
1.4 4.14429e+018
1.45 4.65292e+018
1.5 5.19229e+018
1.6 6.36033e+018
1.7 7.64274e+018
1.8 9.03296e+018
1.9 1.05224e+019
2 1.21003e+019
2.1 1.37551e+019
2.2 1.5475e+019
2.3 1.72494e+019
2.4 1.90688e+019
2.5 2.09253e+019
2.6 2.28122e+019
2.7 2.47241e+019
2.8 2.66566e+019
2.9 2.86059e+019
3 3.05692e+019
