Conduction Band Energy vs Depth
87 2 2
Depth
Conduction Band Energy
0 2.6767
0.0200101 2.6767
0.0343543 2.6767
0.0446368 2.6767
0.0520079 2.6767
0.0572917 2.6767
0.0610795 2.6767
0.0637947 2.6767
0.0657411 2.6767
0.0671363 2.6767
0.0681365 2.6767
0.0688535 2.6767
0.0693675 2.6767
0.0697359 2.6767
0.07 -0.36999
0.07 -0.36999
0.0702481 -0.372025
0.0704686 -0.377318
0.0706647 -0.384922
0.0708389 -0.39414
0.0709938 -0.404449
0.0711315 -0.415443
0.0712539 -0.426805
0.0713627 -0.438281
0.0714594 -0.449673
0.0715453 -0.460824
0.0716217 -0.471613
0.0716896 -0.48195
0.07175 -0.49177
0.07175 -0.49177
0.0718125 -0.502622
0.071875 -0.51422
0.0719375 -0.526614
0.072 -0.539861
0.072 -0.539861
0.0720595 2.49542
0.0721253 2.48279
0.0721982 2.46881
0.0722789 2.45333
0.0723683 2.43619
0.0724672 2.41721
0.0725767 2.3962
0.072698 2.37294
0.0728323 2.34719
0.0729809 2.31868
0.0731455 2.28711
0.0733277 2.25216
0.0735294 2.21347
0.0737527 2.17063
0.074 3.0232
0.074 3.0232
0.0742427 3.00179
0.0744984 2.97924
0.0747678 2.95547
0.0750516 2.93044
0.0753506 2.90406
0.0756656 2.87627
0.0759976 2.84699
0.0763473 2.81614
0.0767157 2.78364
0.0771039 2.7494
0.0775128 2.71332
0.0779437 2.67531
0.0783977 2.63527
0.0788759 2.59308
0.0793798 2.54863
0.0799107 2.50179
0.0804701 2.45245
0.0810594 2.40047
0.0816802 2.3457
0.0823344 2.288
0.0830235 2.2272
0.0837496 2.16315
0.0845146 2.09567
0.0853206 2.02457
0.0861697 1.94967
0.0870644 1.87075
0.0880069 1.7876
0.089 1.7
0.089 0
0.0900551 0
0.0917786 0
0.0945935 0
0.0991911 0
0.106701 0
0.118966 0
0.139 0
