Conduction Band Energy vs Depth
87 2 2
Depth
Conduction Band Energy
0 3.03744
0.0200101 3.03744
0.0343543 3.03744
0.0446368 3.03744
0.0520079 3.03744
0.0572917 3.03744
0.0610795 3.03744
0.0637947 3.03744
0.0657411 3.03744
0.0671363 3.03744
0.0681365 3.03744
0.0688535 3.03744
0.0693675 3.03744
0.0697359 3.03744
0.07 -0.00924961
0.07 -0.00924961
0.0702481 -0.00955561
0.0704686 -0.0103447
0.0706647 -0.0114616
0.0708389 -0.0127904
0.0709938 -0.0142445
0.0711315 -0.0157594
0.0712539 -0.0172872
0.0713627 -0.0187929
0.0714594 -0.0202516
0.0715453 -0.0216461
0.0716217 -0.0229652
0.0716896 -0.0242022
0.07175 -0.025354
0.07175 -0.025354
0.0718125 -0.0266184
0.071875 -0.0279571
0.0719375 -0.0293718
0.072 -0.0308639
0.072 -0.0308639
0.0720595 3.01639
0.0721253 3.01701
0.0721982 3.0177
0.0722789 3.01846
0.0723683 3.01931
0.0724672 3.02025
0.0725767 3.02128
0.072698 3.02243
0.0728323 3.0237
0.0729809 3.0251
0.0731455 3.02666
0.0733277 3.02839
0.0735294 3.03029
0.0737527 3.03241
0.074 3.93475
0.074 3.93475
0.0742427 3.9358
0.0744984 3.93691
0.0747678 3.93809
0.0750516 3.93932
0.0753506 3.94062
0.0756656 3.94199
0.0759976 3.94344
0.0763473 3.94496
0.0767157 3.94656
0.0771039 3.94825
0.0775128 3.95003
0.0779437 3.9519
0.0783977 3.95388
0.0788759 3.95596
0.0793798 3.95815
0.0799107 3.96046
0.0804701 3.96289
0.0810594 3.96546
0.0816802 3.96816
0.0823344 3.971
0.0830235 3.974
0.0837496 3.97716
0.0845146 3.98049
0.0853206 3.98399
0.0861697 3.98769
0.0870644 3.99158
0.0880069 3.99568
0.089 4
0.089 0
0.0900551 0
0.0917786 0
0.0945935 0
0.0991911 0
0.106701 0
0.118966 0
0.139 0
