Probe chan_n vs gate bias
76 2 2
gate bias
Probe chan_n
-3 1.77722e-038
-2.8 2.31569e-036
-2.6 5.18961e-033
-2.4 1.18844e-029
-2.2 2.71686e-026
-2 5.29005e-023
-1.8 1.17728e-019
-1.6 2.69612e-016
-1.4 6.16613e-013
-1.2 8.7865e-010
-1 1.96152e-006
-0.95 1.3569e-005
-0.9 9.38649e-005
-0.85 0.000649319
-0.8 0.00449171
-0.75 0.0310718
-0.7 0.214941
-0.65 1.48687
-0.6 10.2855
-0.55 71.1496
-0.5 492.168
-0.45 3404.31
-0.4 23543.9
-0.35 162774
-0.3 1.12472e+006
-0.25 7.76533e+006
-0.2 5.35661e+007
-0.15 3.69117e+008
-0.1 2.53776e+009
-0.05 1.73336e+010
-4.24783e-016 1.16575e+011
0.05 7.63387e+011
0.1 4.83456e+012
0.15 2.95716e+013
0.2 1.72232e+014
0.25 8.94488e+014
0.3 3.67704e+015
0.35 1.11512e+016
0.4 2.58771e+016
0.45 4.95437e+016
0.5 8.32254e+016
0.55 1.27784e+017
0.6 1.84104e+017
0.65 2.53209e+017
0.7 3.36322e+017
0.75 4.349e+017
0.8 5.50627e+017
0.85 6.85385e+017
0.9 8.41181e+017
0.95 1.02007e+018
1 1.22406e+018
1.05 1.45512e+018
1.1 1.71499e+018
1.15 2.00506e+018
1.2 2.32623e+018
1.25 2.67888e+018
1.3 3.06296e+018
1.35 3.47808e+018
1.4 3.9236e+018
1.45 4.39876e+018
1.5 4.90269e+018
1.6 5.99337e+018
1.7 7.18852e+018
1.8 8.4806e+018
1.9 9.86101e+018
2 1.13201e+019
2.1 1.28475e+019
2.2 1.44333e+019
2.3 1.6068e+019
2.4 1.77432e+019
2.5 1.94517e+019
2.6 2.11874e+019
2.7 2.29452e+019
2.8 2.47208e+019
2.9 2.65109e+019
3 2.83125e+019
