drain current vs gate bias
76 2 2
gate bias
drain current
-3 -9.71843e-019
-2.8 -6.05235e-019
-2.6 -1.13957e-018
-2.4 -6.59972e-019
-2.2 4.58748e-020
-2 -9.00294e-019
-1.8 -2.98186e-019
-1.6 1.09266e-018
-1.4 -3.90979e-020
-1.2 -1.42421e-018
-1 -1.55974e-018
-0.95 7.92384e-020
-0.9 1.11351e-018
-0.85 -2.87343e-018
-0.8 -4.58019e-018
-0.75 7.5902e-019
-0.7 -7.50679e-020
-0.65 1.34497e-019
-0.6 2.16654e-018
-0.55 2.43971e-019
-0.5 -2.49809e-018
-0.45 4.62919e-019
-0.4 -2.27286e-019
-0.35 -4.79414e-020
-0.3 -1.84112e-018
-0.25 4.67802e-018
-0.2 3.25265e-018
-0.15 3.02069e-020
-0.1 9.33317e-019
-0.05 1.93482e-017
-4.24783e-016 1.30596e-016
0.05 8.46787e-016
0.1 5.43215e-015
0.15 3.38145e-014
0.2 2.01785e-013
0.25 1.10426e-012
0.3 5.0677e-012
0.35 1.81638e-011
0.4 5.10899e-011
0.45 1.18386e-010
0.5 2.37586e-010
0.55 4.29018e-010
0.6 7.16096e-010
0.65 1.12587e-009
0.7 1.68969e-009
0.75 2.44392e-009
0.8 3.43043e-009
0.85 4.69689e-009
0.9 6.2964e-009
0.95 8.28643e-009
1 1.07265e-008
1.05 1.36745e-008
1.1 1.71845e-008
1.15 2.13049e-008
1.2 2.60785e-008
1.25 3.15415e-008
1.3 3.77231e-008
1.35 4.4644e-008
1.4 5.23164e-008
1.45 6.07431e-008
1.5 6.99173e-008
1.6 9.04335e-008
1.7 1.13633e-007
1.8 1.39183e-007
1.9 1.66714e-007
2 1.95865e-007
2.1 2.26322e-007
2.2 2.57826e-007
2.3 2.90169e-007
2.4 3.23188e-007
2.5 3.56755e-007
2.6 3.90772e-007
2.7 4.25161e-007
2.8 4.59862e-007
2.9 4.94826e-007
3 5.30015e-007
