source current vs gate bias
76 2 2
gate bias
source current
-3 1.47269e-019
-2.8 -5.68223e-019
-2.6 -2.92452e-019
-2.4 5.53105e-019
-2.2 1.0864e-018
-2 3.39891e-019
-1.8 2.18948e-019
-1.6 1.30222e-018
-1.4 2.73998e-018
-1.2 8.44931e-018
-1 1.45965e-020
-0.95 -2.52312e-019
-0.9 -9.4669e-019
-0.85 -6.5893e-019
-0.8 -3.58658e-019
-0.75 2.14778e-019
-0.7 1.84751e-018
-0.65 1.02176e-019
-0.6 4.44152e-019
-0.55 3.7951e-019
-0.5 1.70988e-018
-0.45 4.42066e-019
-0.4 2.5648e-019
-0.35 1.10724e-018
-0.3 2.04243e-019
-0.25 -2.42627e-019
-0.2 2.69322e-018
-0.15 -1.76263e-019
-0.1 -2.50323e-018
-0.05 -1.88625e-017
-4.24783e-016 -1.27458e-016
0.05 -8.45589e-016
0.1 -5.4289e-015
0.15 -3.38158e-014
0.2 -2.01787e-013
0.25 -1.10426e-012
0.3 -5.0677e-012
0.35 -1.81638e-011
0.4 -5.10899e-011
0.45 -1.18386e-010
0.5 -2.37586e-010
0.55 -4.29018e-010
0.6 -7.16096e-010
0.65 -1.12587e-009
0.7 -1.68969e-009
0.75 -2.44392e-009
0.8 -3.43043e-009
0.85 -4.69689e-009
0.9 -6.2964e-009
0.95 -8.28643e-009
1 -1.07265e-008
1.05 -1.36745e-008
1.1 -1.71845e-008
1.15 -2.13049e-008
1.2 -2.60785e-008
1.25 -3.15415e-008
1.3 -3.77231e-008
1.35 -4.4644e-008
1.4 -5.23164e-008
1.45 -6.07431e-008
1.5 -6.99173e-008
1.6 -9.04335e-008
1.7 -1.13633e-007
1.8 -1.39183e-007
1.9 -1.66714e-007
2 -1.95865e-007
2.1 -2.26322e-007
2.2 -2.57826e-007
2.3 -2.90169e-007
2.4 -3.23188e-007
2.5 -3.56755e-007
2.6 -3.90772e-007
2.7 -4.25161e-007
2.8 -4.59862e-007
2.9 -4.94826e-007
3 -5.30015e-007
