Valence Band Energy vs Depth
87 2 2
Depth
Valence Band Energy
0 -6.3233
0.0200101 -6.3233
0.0343543 -6.3233
0.0446368 -6.3233
0.0520079 -6.3233
0.0572917 -6.3233
0.0610795 -6.3233
0.0637947 -6.3233
0.0657411 -6.3233
0.0671363 -6.3233
0.0681365 -6.3233
0.0688535 -6.3233
0.0693675 -6.3233
0.0697359 -6.3233
0.07 -3.7733
0.07 -3.7733
0.0702481 -3.77533
0.0704686 -3.78063
0.0706647 -3.78823
0.0708389 -3.79745
0.0709938 -3.80776
0.0711315 -3.81875
0.0712539 -3.83011
0.0713627 -3.84159
0.0714594 -3.85298
0.0715453 -3.86413
0.0716217 -3.87492
0.0716896 -3.88526
0.07175 -3.89508
0.07175 -3.89508
0.0718125 -3.90593
0.071875 -3.91753
0.0719375 -3.92992
0.072 -3.94317
0.072 -3.94317
0.0720595 -6.50458
0.0721253 -6.51721
0.0721982 -6.53119
0.0722789 -6.54667
0.0723683 -6.56381
0.0724672 -6.58279
0.0725767 -6.6038
0.072698 -6.62706
0.0728323 -6.65281
0.0729809 -6.68132
0.0731455 -6.71289
0.0733277 -6.74784
0.0735294 -6.78653
0.0737527 -6.82937
0.074 -2.6768
0.074 -2.6768
0.0742427 -2.69821
0.0744984 -2.72076
0.0747678 -2.74453
0.0750516 -2.76956
0.0753506 -2.79594
0.0756656 -2.82373
0.0759976 -2.85301
0.0763473 -2.88386
0.0767157 -2.91636
0.0771039 -2.9506
0.0775128 -2.98668
0.0779437 -3.02469
0.0783977 -3.06473
0.0788759 -3.10692
0.0793798 -3.15137
0.0799107 -3.19821
0.0804701 -3.24755
0.0810594 -3.29953
0.0816802 -3.3543
0.0823344 -3.412
0.0830235 -3.4728
0.0837496 -3.53685
0.0845146 -3.60433
0.0853206 -3.67543
0.0861697 -3.75033
0.0870644 -3.82925
0.0880069 -3.9124
0.089 -4
0.089 0
0.0900551 0
0.0917786 0
0.0945935 0
0.0991911 0
0.106701 0
0.118966 0
0.139 0
