Valence Band Energy vs Depth
87 2 2
Depth
Valence Band Energy
0 -5.96256
0.0200101 -5.96256
0.0343543 -5.96256
0.0446368 -5.96256
0.0520079 -5.96256
0.0572917 -5.96256
0.0610795 -5.96256
0.0637947 -5.96256
0.0657411 -5.96256
0.0671363 -5.96256
0.0681365 -5.96256
0.0688535 -5.96256
0.0693675 -5.96256
0.0697359 -5.96256
0.07 -3.41256
0.07 -3.41256
0.0702481 -3.41287
0.0704686 -3.41365
0.0706647 -3.41477
0.0708389 -3.4161
0.0709938 -3.41755
0.0711315 -3.41907
0.0712539 -3.4206
0.0713627 -3.4221
0.0714594 -3.42356
0.0715453 -3.42496
0.0716217 -3.42628
0.0716896 -3.42751
0.07175 -3.42866
0.07175 -3.42866
0.0718125 -3.42993
0.071875 -3.43127
0.0719375 -3.43268
0.072 -3.43417
0.072 -3.43417
0.0720595 -5.98361
0.0721253 -5.98299
0.0721982 -5.9823
0.0722789 -5.98154
0.0723683 -5.98069
0.0724672 -5.97975
0.0725767 -5.97872
0.072698 -5.97757
0.0728323 -5.9763
0.0729809 -5.9749
0.0731455 -5.97334
0.0733277 -5.97161
0.0735294 -5.96971
0.0737527 -5.96759
0.074 -1.76525
0.074 -1.76525
0.0742427 -1.7642
0.0744984 -1.76309
0.0747678 -1.76191
0.0750516 -1.76068
0.0753506 -1.75938
0.0756656 -1.75801
0.0759976 -1.75656
0.0763473 -1.75504
0.0767157 -1.75344
0.0771039 -1.75175
0.0775128 -1.74997
0.0779437 -1.7481
0.0783977 -1.74612
0.0788759 -1.74404
0.0793798 -1.74185
0.0799107 -1.73954
0.0804701 -1.73711
0.0810594 -1.73454
0.0816802 -1.73184
0.0823344 -1.729
0.0830235 -1.726
0.0837496 -1.72284
0.0845146 -1.71951
0.0853206 -1.71601
0.0861697 -1.71231
0.0870644 -1.70842
0.0880069 -1.70432
0.089 -1.7
0.089 0
0.0900551 0
0.0917786 0
0.0945935 0
0.0991911 0
0.106701 0
0.118966 0
0.139 0
