Probe bulk_free_electrons vs gate bias
121 2 2
gate bias
Probe bulk_free_electrons
-3 1.75038e+012
-2.95 1.7563e+012
-2.9 1.76251e+012
-2.85 1.76904e+012
-2.8 1.77593e+012
-2.75 1.78322e+012
-2.7 1.79097e+012
-2.65 1.79923e+012
-2.6 1.80797e+012
-2.55 1.81719e+012
-2.5 1.8269e+012
-2.45 1.83714e+012
-2.4 1.84794e+012
-2.35 1.85931e+012
-2.3 1.87131e+012
-2.25 1.88396e+012
-2.2 1.89731e+012
-2.15 1.9114e+012
-2.1 1.92629e+012
-2.05 1.94202e+012
-2 1.95865e+012
-1.95 1.97624e+012
-1.9 1.99486e+012
-1.85 2.01457e+012
-1.8 2.03546e+012
-1.75 2.05761e+012
-1.7 2.08112e+012
-1.65 2.10608e+012
-1.6 2.13261e+012
-1.55 2.16083e+012
-1.5 2.19087e+012
-1.45 2.2229e+012
-1.4 2.25706e+012
-1.35 2.29355e+012
-1.3 2.33257e+012
-1.25 2.37436e+012
-1.2 2.41917e+012
-1.15 2.46729e+012
-1.1 2.51905e+012
-1.05 2.57482e+012
-1 2.63503e+012
-0.95 2.70016e+012
-0.9 2.77078e+012
-0.85 2.84752e+012
-0.8 2.93114e+012
-0.75 3.02251e+012
-0.7 3.12265e+012
-0.65 3.23277e+012
-0.6 3.35429e+012
-0.55 3.48893e+012
-0.5 3.63873e+012
-0.45 3.80615e+012
-0.4 3.99419e+012
-0.35 4.20651e+012
-0.3 4.44758e+012
-0.25 4.72295e+012
-0.2 5.03949e+012
-0.15 5.40586e+012
-0.1 5.83347e+012
-0.05 6.34051e+012
0 6.97652e+012
0.05 7.98709e+012
0.1 1.09341e+013
0.15 2.6144e+013
0.2 1.18134e+014
0.25 6.2057e+014
0.3 2.68288e+015
0.35 8.48856e+015
0.4 2.03299e+016
0.45 3.98957e+016
0.5 6.84424e+016
0.55 1.07136e+017
0.6 1.57264e+017
0.65 2.2035e+017
0.7 2.98221e+017
0.75 3.93036e+017
0.8 5.0729e+017
0.85 6.43769e+017
0.9 8.05458e+017
0.95 9.9544e+017
1 1.21679e+018
1.05 1.47249e+018
1.1 1.76515e+018
1.15 2.09681e+018
1.2 2.46878e+018
1.25 2.88163e+018
1.3 3.33532e+018
1.35 3.82934e+018
1.4 4.36289e+018
1.45 4.935e+018
1.5 5.54462e+018
1.55 6.19076e+018
1.6 6.87241e+018
1.65 7.58861e+018
1.7 8.33839e+018
1.75 9.12072e+018
1.8 9.93448e+018
1.85 1.07785e+019
1.9 1.16513e+019
1.95 1.25515e+019
2 1.34776e+019
2.05 1.44281e+019
2.1 1.54012e+019
2.15 1.63955e+019
2.2 1.74094e+019
2.25 1.84414e+019
2.3 1.94901e+019
2.35 2.05543e+019
2.4 2.16326e+019
2.45 2.27239e+019
2.5 2.38273e+019
2.55 2.49417e+019
2.6 2.60662e+019
2.65 2.72e+019
2.7 2.83424e+019
2.75 2.94928e+019
2.8 3.06505e+019
2.85 3.1815e+019
2.9 3.29857e+019
2.95 3.41623e+019
3 3.53443e+019
