Probe bulk_ionized_acceptors vs gate bias
121 2 2
gate bias
Probe bulk_ionized_acceptors
-3 3.32566e+013
-2.95 3.43243e+013
-2.9 3.54331e+013
-2.85 3.65864e+013
-2.8 3.77888e+013
-2.75 3.90477e+013
-2.7 4.03719e+013
-2.65 4.1765e+013
-2.6 4.32229e+013
-2.55 4.47433e+013
-2.5 4.63279e+013
-2.45 4.79797e+013
-2.4 4.97015e+013
-2.35 5.14969e+013
-2.3 5.33699e+013
-2.25 5.53247e+013
-2.2 5.7366e+013
-2.15 5.94988e+013
-2.1 6.17285e+013
-2.05 6.4061e+013
-2 6.65024e+013
-1.95 6.90596e+013
-1.9 7.174e+013
-1.85 7.45514e+013
-1.8 7.75027e+013
-1.75 8.06032e+013
-1.7 8.38632e+013
-1.65 8.7294e+013
-1.6 9.09079e+013
-1.55 9.47184e+013
-1.5 9.87405e+013
-1.45 1.0299e+014
-1.4 1.07486e+014
-1.35 1.12248e+014
-1.3 1.17298e+014
-1.25 1.2266e+014
-1.2 1.28363e+014
-1.15 1.34436e+014
-1.1 1.40913e+014
-1.05 1.47834e+014
-1 1.55241e+014
-0.95 1.63183e+014
-0.9 1.71714e+014
-0.85 1.80897e+014
-0.8 1.90801e+014
-0.75 2.01506e+014
-0.7 2.13104e+014
-0.65 2.25698e+014
-0.6 2.39407e+014
-0.55 2.54366e+014
-0.5 2.70733e+014
-0.45 2.88687e+014
-0.4 3.0844e+014
-0.35 3.30248e+014
-0.3 3.5445e+014
-0.25 3.81591e+014
-0.2 4.12835e+014
-0.15 4.514e+014
-0.1 5.07525e+014
-0.05 6.15787e+014
0 8.95297e+014
0.05 1.7582e+015
0.1 4.62242e+015
0.15 1.42509e+016
0.2 4.54926e+016
0.25 1.35939e+017
0.3 3.44549e+017
0.35 7.05785e+017
0.4 1.2016e+018
0.45 1.79356e+018
0.5 2.4496e+018
0.55 3.14801e+018
0.6 3.87448e+018
0.65 4.6191e+018
0.7 5.37448e+018
0.75 6.13459e+018
0.8 6.89412e+018
0.85 7.64808e+018
0.9 8.39184e+018
0.95 9.12143e+018
1 9.83396e+018
1.05 1.05276e+019
1.1 1.12004e+019
1.15 1.18501e+019
1.2 1.24737e+019
1.25 1.30684e+019
1.3 1.36323e+019
1.35 1.4164e+019
1.4 1.46633e+019
1.45 1.51303e+019
1.5 1.55661e+019
1.55 1.59718e+019
1.6 1.63488e+019
1.65 1.66987e+019
1.7 1.7023e+019
1.75 1.73234e+019
1.8 1.76014e+019
1.85 1.78584e+019
1.9 1.80958e+019
1.95 1.83151e+019
2 1.85175e+019
2.05 1.87043e+019
2.1 1.88768e+019
2.15 1.9036e+019
2.2 1.91832e+019
2.25 1.93192e+019
2.3 1.9445e+019
2.35 1.95615e+019
2.4 1.96696e+019
2.45 1.97699e+019
2.5 1.98631e+019
2.55 1.99499e+019
2.6 2.00308e+019
2.65 2.01063e+019
2.7 2.01768e+019
2.75 2.02429e+019
2.8 2.03048e+019
2.85 2.03629e+019
2.9 2.04175e+019
2.95 2.04689e+019
3 2.05173e+019
