Probe channel_electrons vs gate bias
121 2 2
gate bias
Probe channel_electrons
-3 3.05481e-033
-2.95 3.42628e-033
-2.9 3.90063e-033
-2.85 4.52778e-033
-2.8 5.39494e-033
-2.75 6.66726e-033
-2.7 8.6932e-033
-2.65 1.23256e-032
-2.6 2.01449e-032
-2.55 4.27371e-032
-2.5 1.42503e-031
-2.45 7.6544e-031
-2.4 5.04073e-030
-2.35 3.46163e-029
-2.3 2.39204e-028
-2.25 1.65448e-027
-2.2 1.14449e-026
-2.15 7.90705e-026
-2.1 5.35905e-025
-2.05 3.47877e-024
-2 2.25465e-023
-1.95 1.50986e-022
-1.9 1.03277e-021
-1.85 7.12004e-021
-1.8 4.9206e-020
-1.75 3.40301e-019
-1.7 2.35396e-018
-1.65 1.62839e-017
-1.6 1.12649e-016
-1.55 7.79288e-016
-1.5 5.391e-015
-1.45 3.72942e-014
-1.4 2.57996e-013
-1.35 1.78477e-012
-1.3 1.23465e-011
-1.25 8.53959e-011
-1.2 5.90021e-010
-1.15 4.04694e-009
-1.1 2.64992e-008
-1.05 1.47316e-007
-1 8.42747e-007
-0.95 5.68972e-006
-0.9 3.93231e-005
-0.85 0.000272013
-0.8 0.00188166
-0.75 0.0130164
-0.7 0.0900411
-0.65 0.62285
-0.6 4.30839
-0.55 29.8031
-0.5 206.161
-0.45 1426.1
-0.4 9864.94
-0.35 68239.5
-0.3 472037
-0.25 3.26523e+006
-0.2 2.25864e+007
-0.15 1.56234e+008
-0.1 1.08066e+009
-0.05 7.47399e+009
0 5.16726e+010
0.05 3.56806e+011
0.1 2.45338e+012
0.15 1.66295e+013
0.2 1.07666e+014
0.25 6.14494e+014
0.3 2.72402e+015
0.35 8.71136e+015
0.4 2.09097e+016
0.45 4.08862e+016
0.5 6.96174e+016
0.55 1.07856e+017
0.6 1.56349e+017
0.65 2.15946e+017
0.7 2.87662e+017
0.75 3.72712e+017
0.8 4.72528e+017
0.85 5.88758e+017
0.9 7.23244e+017
0.95 8.77987e+017
1 1.05513e+018
1.05 1.25687e+018
1.1 1.48537e+018
1.15 1.7425e+018
1.2 2.02976e+018
1.25 2.34817e+018
1.3 2.69834e+018
1.35 3.08045e+018
1.4 3.49439e+018
1.45 3.93979e+018
1.5 4.41612e+018
1.55 4.92273e+018
1.6 5.45888e+018
1.65 6.0238e+018
1.7 6.61665e+018
1.75 7.23651e+018
1.8 7.88243e+018
1.85 8.55334e+018
1.9 9.24812e+018
1.95 9.96555e+018
2 1.07044e+019
2.05 1.14633e+019
2.1 1.2241e+019
2.15 1.30362e+019
2.2 1.38475e+019
2.25 1.46738e+019
2.3 1.55138e+019
2.35 1.63665e+019
2.4 1.72306e+019
2.45 1.81053e+019
2.5 1.89895e+019
2.55 1.98825e+019
2.6 2.07834e+019
2.65 2.16915e+019
2.7 2.26062e+019
2.75 2.35267e+019
2.8 2.44527e+019
2.85 2.53835e+019
2.9 2.63186e+019
2.95 2.72578e+019
3 2.82005e+019
