source current vs gate bias
121 2 2
gate bias
source current
-3 0
-2.95 0
-2.9 0
-2.85 0
-2.8 0
-2.75 0
-2.7 0
-2.65 0
-2.6 0
-2.55 0
-2.5 0
-2.45 0
-2.4 0
-2.35 0
-2.3 0
-2.25 0
-2.2 0
-2.15 0
-2.1 0
-2.05 0
-2 0
-1.95 0
-1.9 0
-1.85 0
-1.8 0
-1.75 0
-1.7 0
-1.65 0
-1.6 0
-1.55 0
-1.5 0
-1.45 0
-1.4 0
-1.35 0
-1.3 0
-1.25 0
-1.2 0
-1.15 0
-1.1 0
-1.05 0
-1 0
-0.95 0
-0.9 0
-0.85 0
-0.8 0
-0.75 0
-0.7 0
-0.65 0
-0.6 0
-0.55 0
-0.5 0
-0.45 0
-0.4 0
-0.35 0
-0.3 -8.43616e-022
-0.25 -3.37446e-021
-0.2 -2.53085e-020
-0.15 -1.73785e-019
-0.1 -1.203e-018
-0.05 -8.3267e-018
0 -5.75679e-017
0.05 -3.97656e-016
0.1 -2.73858e-015
0.15 -1.86694e-014
0.2 -1.23175e-013
0.25 -7.41482e-013
0.3 -3.68339e-012
0.35 -1.39851e-011
0.4 -4.08541e-011
0.45 -9.69587e-011
0.5 -1.97538e-010
0.55 -3.60122e-010
0.6 -6.04725e-010
0.65 -9.54298e-010
0.7 -1.43531e-009
0.75 -2.07839e-009
0.8 -2.91889e-009
0.85 -3.99727e-009
0.9 -5.35909e-009
0.95 -7.05423e-009
1 -9.13515e-009
1.05 -1.16545e-008
1.1 -1.46634e-008
1.15 -1.82102e-008
1.2 -2.23401e-008
1.25 -2.70943e-008
1.3 -3.25082e-008
1.35 -3.86113e-008
1.4 -4.54255e-008
1.45 -5.29649e-008
1.5 -6.12347e-008
1.55 -7.02314e-008
1.6 -7.99428e-008
1.65 -9.03482e-008
1.7 -1.0142e-007
1.75 -1.13124e-007
1.8 -1.25422e-007
1.85 -1.38273e-007
1.9 -1.51634e-007
1.95 -1.65464e-007
2 -1.79721e-007
2.05 -1.94366e-007
2.1 -2.09362e-007
2.15 -2.24676e-007
2.2 -2.40275e-007
2.25 -2.56133e-007
2.3 -2.72223e-007
2.35 -2.88522e-007
2.4 -3.0501e-007
2.45 -3.21669e-007
2.5 -3.38483e-007
2.55 -3.55437e-007
2.6 -3.72518e-007
2.65 -3.89715e-007
2.7 -4.07018e-007
2.75 -4.24417e-007
2.8 -4.41905e-007
2.85 -4.59473e-007
2.9 -4.77116e-007
2.95 -4.94828e-007
3 -5.12604e-007
