v ATLAS
# This file was created by ATLAS version 5.28.1.R on Fri Sep 25 04:21:10 2026.
#SSF 2.0 generic
##############################################################################
#                    Copyright (c) 1984 - 2019                               #
#                    Silvaco Inc. All rights reserved                        #
#                                                                            #
# This file format and the following Key are copyright Silvaco Inc.          #
# You may not use, this format or key without reproducing this message in    #
# full and obtaining express written permission from Silvaco Inc.            #
#                                                                            #
# To obtain such permission please contact: Silvaco Inc.                     #
#                                           support@silvaco.com              #
#                                                                            #
# KEY=SVC86hn7562asdx                       PROD=345                         #
##############################################################################
p 4 74 76 75 205
d  3.122400e+000 2.655885e-014 1.685129e-206 2.655885e-014
d  3.114248e+000 3.256294e-014 3.344812e-205 3.256294e-014
d  3.106095e+000 3.992437e-014 6.581944e-204 3.992437e-014
d  3.097943e+000 4.894998e-014 1.284046e-202 4.894998e-014
d  3.089790e+000 6.001598e-014 2.483426e-201 6.001598e-014
d  3.081638e+000 7.358365e-014 4.761740e-200 7.358365e-014
d  3.073485e+000 9.021854e-014 9.051575e-199 9.021854e-014
d  3.065333e+000 1.106140e-013 1.705794e-197 1.106140e-013
d  3.057180e+000 1.356203e-013 3.186935e-196 1.356203e-013
d  3.049028e+000 1.662796e-013 5.902876e-195 1.662796e-013
d  3.040875e+000 2.038701e-013 1.083922e-193 2.038701e-013
d  3.032723e+000 2.499585e-013 1.973225e-192 2.499585e-013
d  3.024570e+000 3.064660e-013 3.561223e-191 3.064660e-013
d  3.016418e+000 3.757481e-013 6.371851e-190 3.757481e-013
d  3.008265e+000 4.606926e-013 1.130254e-188 4.606926e-013
d  3.000113e+000 5.648403e-013 1.987607e-187 5.648403e-013
d  2.991960e+000 6.925324e-013 3.465206e-186 6.925324e-013
d  2.983808e+000 8.490916e-013 5.989238e-185 8.490916e-013
d  2.975655e+000 1.041044e-012 1.026262e-183 1.041044e-012
d  2.967503e+000 1.276390e-012 1.743366e-182 1.276390e-012
d  2.959350e+000 1.564940e-012 2.936047e-181 1.564940e-012
d  2.951198e+000 1.918723e-012 4.902093e-180 1.918723e-012
d  2.943045e+000 2.352484e-012 8.114168e-179 2.352484e-012
d  2.934893e+000 2.884305e-012 1.331529e-177 2.884305e-012
d  2.926740e+000 3.536352e-012 2.166212e-176 3.536352e-012
d  2.918588e+000 4.335807e-012 3.493779e-175 4.335807e-012
d  2.910436e+000 5.315993e-012 5.586425e-174 5.315993e-012
d  2.902283e+000 6.517767e-012 8.855569e-173 6.517767e-012
d  2.894131e+000 7.991223e-012 1.391691e-171 7.991223e-012
d  2.885978e+000 9.797780e-012 2.168270e-170 9.797780e-012
d  2.877826e+000 1.201274e-011 3.349099e-169 1.201274e-011
d  2.869673e+000 1.472843e-011 5.128454e-168 1.472843e-011
d  2.861521e+000 1.805806e-011 7.785543e-167 1.805806e-011
d  2.853368e+000 2.214040e-011 1.171751e-165 2.214040e-011
d  2.845216e+000 2.714563e-011 1.748340e-164 2.714563e-011
d  2.837063e+000 3.328237e-011 2.586190e-163 3.328237e-011
d  2.828911e+000 4.080644e-011 3.792616e-162 4.080644e-011
d  2.820758e+000 5.003146e-011 5.513931e-161 5.003146e-011
d  2.812606e+000 6.134195e-011 7.947451e-160 6.134195e-011
d  2.804453e+000 7.520938e-011 1.135634e-158 7.520938e-011
d  2.796301e+000 9.221179e-011 1.608766e-157 9.221179e-011
d  2.788148e+000 1.130579e-010 2.259391e-156 1.130579e-010
d  2.779996e+000 1.386166e-010 3.145819e-155 1.386166e-010
d  2.771843e+000 1.699534e-010 4.342305e-154 1.699534e-010
d  2.763691e+000 2.083743e-010 5.942248e-153 2.083743e-010
d  2.755538e+000 2.554810e-010 8.061674e-152 2.554810e-010
d  2.747386e+000 3.132370e-010 1.084286e-150 3.132370e-010
d  2.739233e+000 3.840497e-010 1.445793e-149 3.840497e-010
d  2.731081e+000 4.708709e-010 1.911229e-148 4.708709e-010
d  2.722928e+000 5.773196e-010 2.504743e-147 5.773196e-010
d  2.714776e+000 7.078329e-010 3.254301e-146 7.078329e-010
d  2.706623e+000 8.678510e-010 4.191758e-145 8.678510e-010
d  2.698471e+000 1.064044e-009 5.352771e-144 1.064044e-009
d  2.690319e+000 1.304590e-009 6.776495e-143 1.304590e-009
d  2.682166e+000 1.599516e-009 8.505026e-142 1.599516e-009
d  2.674014e+000 1.961114e-009 1.058254e-140 1.961114e-009
d  2.665861e+000 2.404459e-009 1.305415e-139 2.404459e-009
d  2.657709e+000 2.948029e-009 1.596434e-138 2.948029e-009
d  2.649556e+000 3.614483e-009 1.935520e-137 3.614483e-009
d  2.641404e+000 4.431601e-009 2.326420e-136 4.431601e-009
d  2.633251e+000 5.433442e-009 2.772187e-135 5.433442e-009
d  2.625099e+000 6.661768e-009 3.274923e-134 6.661768e-009
d  2.616946e+000 8.167778e-009 3.835513e-133 8.167778e-009
d  2.608794e+000 1.001425e-008 4.453382e-132 1.001425e-008
d  2.600641e+000 1.227815e-008 5.126258e-131 1.227815e-008
d  2.592489e+000 1.505384e-008 5.849988e-130 1.505384e-008
d  2.584336e+000 1.845702e-008 6.618407e-129 1.845702e-008
d  2.576184e+000 2.262956e-008 7.423282e-128 2.262956e-008
d  2.568031e+000 2.774537e-008 8.254341e-127 2.774537e-008
d  2.559879e+000 3.401770e-008 9.099403e-126 3.401770e-008
d  2.551726e+000 4.170800e-008 9.944601e-125 4.170800e-008
d  2.543574e+000 5.113683e-008 1.077472e-123 5.113683e-008
d  2.535421e+000 6.269722e-008 1.157360e-122 6.269722e-008
d  2.527269e+000 7.687103e-008 1.232466e-121 7.687103e-008
d  2.519116e+000 9.424908e-008 1.301144e-120 9.424908e-008
d  2.510964e+000 1.155557e-007 1.361820e-119 1.155557e-007
d  2.502811e+000 1.416792e-007 1.413052e-118 1.416792e-007
d  2.494659e+000 1.737082e-007 1.453586e-117 1.737082e-007
d  2.486507e+000 2.129780e-007 1.482406e-116 2.129780e-007
d  2.478354e+000 2.611255e-007 1.498779e-115 2.611255e-007
d  2.470202e+000 3.201575e-007 1.502285e-114 3.201575e-007
d  2.462049e+000 3.925348e-007 1.492831e-113 3.925348e-007
d  2.453897e+000 4.812742e-007 1.470663e-112 4.812742e-007
d  2.445744e+000 5.900747e-007 1.436348e-111 5.900747e-007
d  2.437592e+000 7.234715e-007 1.390753e-110 7.234715e-007
d  2.429439e+000 8.870250e-007 1.335010e-109 8.870250e-007
d  2.421287e+000 1.087553e-006 1.270466e-108 1.087553e-006
d  2.413134e+000 1.333413e-006 1.198631e-107 1.333413e-006
d  2.404982e+000 1.634855e-006 1.121120e-106 1.634855e-006
d  2.396829e+000 2.004442e-006 1.039591e-105 2.004442e-006
d  2.388677e+000 2.457582e-006 9.556899e-105 2.457582e-006
d  2.380524e+000 3.013162e-006 8.709946e-104 3.013162e-006
d  2.372372e+000 3.694340e-006 7.869696e-103 3.694340e-006
d  2.364219e+000 4.529511e-006 7.049275e-102 4.529511e-006
d  2.356067e+000 5.553487e-006 6.260009e-101 5.553487e-006
d  2.347914e+000 6.808950e-006 5.511241e-100 6.808950e-006
d  2.339762e+000 8.348234e-006 4.810253e-099 8.348234e-006
d  2.331609e+000 1.023550e-005 4.162271e-098 1.023550e-005
d  2.323457e+000 1.254941e-005 3.570564e-097 1.254941e-005
d  2.315304e+000 1.538643e-005 3.036598e-096 1.538643e-005
d  2.307152e+000 1.886481e-005 2.560247e-095 1.886481e-005
d  2.298999e+000 2.312953e-005 2.140032e-094 2.312953e-005
d  2.290847e+000 2.835837e-005 1.773384e-093 2.835837e-005
d  2.282695e+000 3.476927e-005 1.456898e-092 3.476927e-005
d  2.274542e+000 4.262948e-005 1.186587e-091 4.262948e-005
d  2.266390e+000 5.226663e-005 9.581074e-091 5.226663e-005
d  2.258237e+000 6.408242e-005 7.669599e-090 6.408242e-005
d  2.250085e+000 7.856939e-005 6.086605e-089 7.856939e-005
d  2.241932e+000 9.633138e-005 4.788744e-088 9.633138e-005
d  2.233780e+000 1.181088e-004 3.735185e-087 1.181088e-004
d  2.225627e+000 1.448094e-004 2.888328e-086 1.448094e-004
d  2.217475e+000 1.775461e-004 2.214242e-085 1.775461e-004
d  2.209322e+000 2.176835e-004 1.682858e-084 2.176835e-004
d  2.201170e+000 2.668947e-004 1.267985e-083 2.668947e-004
d  2.193017e+000 3.272310e-004 9.471625e-083 3.272310e-004
d  2.184865e+000 4.012073e-004 7.014213e-082 4.012073e-004
d  2.176712e+000 4.919073e-004 5.149647e-081 4.919073e-004
d  2.168560e+000 6.031116e-004 3.748175e-080 6.031116e-004
d  2.160407e+000 7.394556e-004 2.704621e-079 7.394556e-004
d  2.152255e+000 9.066226e-004 1.934803e-078 9.066226e-004
d  2.144102e+000 1.111581e-003 1.372181e-077 1.111581e-003
d  2.135950e+000 1.362873e-003 9.647834e-077 1.362873e-003
d  2.127797e+000 1.670975e-003 6.725000e-076 1.670975e-003
d  2.119645e+000 2.048728e-003 4.647279e-075 2.048728e-003
d  2.111492e+000 2.511879e-003 3.183825e-074 2.511879e-003
d  2.103340e+000 3.079733e-003 2.162438e-073 3.079733e-003
d  2.095187e+000 3.775961e-003 1.456070e-072 3.775961e-003
d  2.087035e+000 4.629584e-003 9.719964e-072 4.629584e-003
d  2.078883e+000 5.676183e-003 6.432668e-071 5.676183e-003
d  2.070730e+000 6.959385e-003 4.220478e-070 6.959385e-003
d  2.062578e+000 8.532676e-003 2.745213e-069 8.532676e-003
d  2.054425e+000 1.046164e-002 1.770250e-068 1.046164e-002
d  2.046273e+000 1.282668e-002 1.131715e-067 1.282668e-002
d  2.038120e+000 1.572637e-002 7.172714e-067 1.572637e-002
d  2.029968e+000 1.928160e-002 4.506859e-066 1.928160e-002
d  2.021815e+000 2.364054e-002 2.807427e-065 2.364054e-002
d  2.013663e+000 2.898490e-002 1.733752e-064 2.898490e-002
d  2.005510e+000 3.553745e-002 1.061474e-063 3.553745e-002
d  1.997358e+000 4.357132e-002 6.442818e-063 4.357132e-002
d  1.989205e+000 5.342139e-002 3.876915e-062 5.342139e-002
d  1.981053e+000 6.549823e-002 2.312814e-061 6.549823e-002
d  1.972900e+000 8.030527e-002 1.367853e-060 8.030527e-002
d  1.964748e+000 9.845969e-002 8.020136e-060 9.845969e-002
d  1.956595e+000 1.207182e-001 4.661956e-059 1.207182e-001
d  1.948443e+000 1.480087e-001 2.686573e-058 1.480087e-001
d  1.940290e+000 1.814687e-001 1.534876e-057 1.814687e-001
d  1.932138e+000 2.224929e-001 8.693439e-057 2.224929e-001
d  1.923985e+000 2.727914e-001 4.881509e-056 2.727914e-001
d  1.915833e+000 3.344607e-001 2.717444e-055 3.344607e-001
d  1.907680e+000 4.100714e-001 1.499723e-054 4.100714e-001
d  1.899528e+000 5.027753e-001 8.205509e-054 5.027753e-001
d  1.891375e+000 6.164365e-001 4.450860e-053 6.164365e-001
d  1.883223e+000 7.557928e-001 2.393462e-052 7.557928e-001
d  1.875070e+000 9.266531e-001 1.276007e-051 9.266531e-001
d  1.866918e+000 1.136139e+000 6.744091e-051 1.136139e+000
d  1.858766e+000 1.392984e+000 3.533767e-050 1.392984e+000
d  1.850613e+000 1.707892e+000 1.835677e-049 1.707892e+000
d  1.842461e+000 2.093992e+000 9.453634e-049 2.093992e+000
d  1.834308e+000 2.567375e+000 4.826644e-048 2.567375e+000
d  1.826156e+000 3.147776e+000 2.443069e-047 3.147776e+000
d  1.818003e+000 3.859386e+000 1.225943e-046 3.859386e+000
d  1.809851e+000 4.731868e+000 6.098860e-046 4.731868e+000
d  1.801698e+000 5.801591e+000 3.007954e-045 5.801591e+000
d  1.793546e+000 7.113143e+000 1.470746e-044 7.113143e+000
d  1.785393e+000 8.721194e+000 7.129320e-044 8.721194e+000
d  1.777241e+000 1.069277e+001 3.426120e-043 1.069277e+001
d  1.769088e+000 1.311006e+001 1.632304e-042 1.311006e+001
d  1.760936e+000 1.607383e+001 7.709807e-042 1.607383e+001
d  1.752783e+000 1.970760e+001 3.610189e-041 1.970760e+001
d  1.744631e+000 2.416285e+001 1.675948e-040 2.416285e+001
d  1.736478e+000 2.962529e+001 7.713205e-040 2.962529e+001
d  1.728326e+000 3.632260e+001 3.519276e-039 3.632260e+001
d  1.720173e+000 4.453397e+001 1.591900e-038 4.453397e+001
d  1.712021e+000 5.460166e+001 7.138752e-038 5.460166e+001
d  1.703868e+000 6.694533e+001 3.173750e-037 6.694533e+001
d  1.695716e+000 8.207950e+001 1.398837e-036 8.207950e+001
d  1.687563e+000 1.006350e+002 6.112314e-036 1.006350e+002
d  1.679411e+000 1.233853e+002 2.647818e-035 1.233853e+002
d  1.671258e+000 1.512788e+002 1.137142e-034 1.512788e+002
d  1.663106e+000 1.854780e+002 4.841557e-034 1.854780e+002
d  1.654954e+000 2.274086e+002 2.043617e-033 2.274086e+002
d  1.646801e+000 2.788183e+002 8.551810e-033 2.788183e+002
d  1.638649e+000 3.418501e+002 3.547811e-032 3.418501e+002
d  1.630496e+000 4.191314e+002 1.459174e-031 4.191314e+002
d  1.622344e+000 5.138834e+002 5.949732e-031 5.138834e+002
d  1.614191e+000 6.300558e+002 2.405093e-030 6.300558e+002
d  1.606039e+000 7.724910e+002 9.638520e-030 7.724910e+002
d  1.597886e+000 9.471262e+002 3.829418e-029 9.471262e+002
d  1.589734e+000 1.161241e+003 1.508340e-028 1.161241e+003
d  1.581581e+000 1.423760e+003 5.889925e-028 1.423760e+003
d  1.573429e+000 1.745626e+003 2.280154e-027 1.745626e+003
d  1.565276e+000 2.140255e+003 8.751100e-027 2.140255e+003
d  1.557124e+000 2.624098e+003 3.329700e-026 2.624098e+003
d  1.548971e+000 3.217322e+003 1.256006e-025 3.217322e+003
d  1.540819e+000 3.944654e+003 4.697016e-025 3.944654e+003
d  1.532666e+000 4.836412e+003 1.741392e-024 4.836412e+003
d  1.524514e+000 5.929769e+003 6.400516e-024 5.929769e+003
d  1.516361e+000 7.270298e+003 2.332263e-023 7.270298e+003
d  1.508209e+000 8.913877e+003 8.425272e-023 8.913877e+003
d  1.500056e+000 1.092902e+004 3.017410e-022 1.092902e+004
d  1.491904e+000 1.339971e+004 1.071344e-021 1.339971e+004
d  1.483751e+000 1.642895e+004 3.771093e-021 1.642895e+004
d  1.475599e+000 2.014301e+004 1.315981e-020 2.014301e+004
d  1.467446e+000 2.469669e+004 4.552775e-020 2.469669e+004
d  1.459294e+000 3.027981e+004 1.561517e-019 3.027981e+004
d  1.451142e+000 3.712510e+004 5.309592e-019 3.712510e+004
d  1.442989e+000 4.551788e+004 1.789862e-018 4.551788e+004
d  1.434837e+000 5.580801e+004 5.981665e-018 5.580801e+004
d  1.426684e+000 6.842439e+004 1.981840e-017 6.842439e+004
d  1.418532e+000 8.389293e+004 6.509670e-017 8.389293e+004
d  1.410379e+000 1.028584e+005 2.119793e-016 1.028584e+005
d  1.402227e+000 1.261114e+005 6.843400e-016 1.261114e+005
d  1.394074e+000 1.546211e+005 2.190253e-015 1.546211e+005
d  1.385922e+000 1.895759e+005 6.949616e-015 1.895759e+005
d  1.377769e+000 2.324329e+005 2.186106e-014 2.324329e+005
d  1.369617e+000 2.849784e+005 6.817510e-014 2.849784e+005
d  1.361464e+000 3.494028e+005 2.107775e-013 3.494028e+005
d  1.353312e+000 4.283915e+005 6.460508e-013 4.283915e+005
d  1.345159e+000 5.252369e+005 1.963148e-012 5.252369e+005
d  1.337007e+000 6.439760e+005 5.914031e-012 6.439760e+005
d  1.328854e+000 7.895581e+005 1.766274e-011 7.895581e+005
d  1.320702e+000 9.680517e+005 5.229697e-011 9.680517e+005
d  1.312549e+000 1.186897e+006 1.535108e-010 1.186897e+006
d  1.304397e+000 1.455216e+006 4.467303e-010 1.455216e+006
d  1.296244e+000 1.784193e+006 1.288831e-009 1.784193e+006
d  1.288092e+000 2.187541e+006 3.686297e-009 2.187541e+006
d  1.279939e+000 2.682074e+006 1.045271e-008 2.682074e+006
d  1.271787e+000 3.288404e+006 2.938402e-008 3.288404e+006
d  1.263634e+000 4.031805e+006 8.189129e-008 4.031805e+006
d  1.255482e+000 4.943266e+006 2.262602e-007 4.943266e+006
d  1.247330e+000 6.060779e+006 6.197587e-007 6.060779e+006
d  1.239177e+000 7.430925e+006 1.682988e-006 7.430925e+006
d  1.231025e+000 9.110816e+006 4.530890e-006 9.110816e+006
d  1.222872e+000 1.117048e+007 1.209289e-005 1.117048e+007
d  1.214720e+000 1.369576e+007 3.199783e-005 1.369576e+007
d  1.206567e+000 1.679193e+007 8.393729e-005 1.679193e+007
d  1.198415e+000 2.058804e+007 2.182898e-004 2.058804e+007
d  1.190262e+000 2.524233e+007 5.628023e-004 2.524233e+007
d  1.182110e+000 3.094880e+007 1.438541e-003 3.094880e+007
d  1.173957e+000 3.794533e+007 3.645296e-003 3.794533e+007
d  1.165805e+000 4.652354e+007 9.157717e-003 4.652354e+007
d  1.157652e+000 5.704101e+007 2.280792e-002 5.704101e+007
d  1.149500e+000 6.993613e+007 5.631552e-002 6.993613e+007
d  1.141347e+000 8.574643e+007 1.378525e-001 8.574643e+007
d  1.133195e+000 1.051309e+008 3.345377e-001 1.051309e+008
d  1.125042e+000 1.288976e+008 8.048584e-001 1.288976e+008
d  1.116890e+000 1.580372e+008 1.919720e+000 1.580372e+008
d  1.108737e+000 1.937643e+008 4.539420e+000 1.937643e+008
d  1.100585e+000 2.375681e+008 1.064160e+001 2.375681e+008
d  1.092432e+000 2.912746e+008 2.473189e+001 2.912746e+008
d  1.084280e+000 3.571224e+008 5.698385e+001 3.571224e+008
d  1.076127e+000 4.378562e+008 1.301638e+002 4.378563e+008
d  1.067975e+000 5.368413e+008 2.947628e+002 5.368416e+008
d  1.059822e+000 6.582037e+008 6.617579e+002 6.582044e+008
d  1.051670e+000 8.070023e+008 1.472888e+003 8.070038e+008
d  1.043517e+000 9.894394e+008 3.250005e+003 9.894427e+008
d  1.035365e+000 1.213120e+009 7.109556e+003 1.213127e+009
d  1.027213e+000 1.487367e+009 1.541860e+004 1.487382e+009
d  1.019060e+000 1.823612e+009 3.315060e+004 1.823645e+009
d  1.010908e+000 2.235872e+009 7.066134e+004 2.235943e+009
d  1.002755e+000 2.741330e+009 1.493194e+005 2.741480e+009
d  9.946026e-001 3.361056e+009 3.128202e+005 3.361369e+009
d  9.864501e-001 4.120883e+009 6.497065e+005 4.121532e+009
d  9.782977e-001 5.052481e+009 1.337777e+006 5.053818e+009
d  9.701452e-001 6.194683e+009 2.730827e+006 6.197414e+009
d  9.619927e-001 7.595101e+009 5.526480e+006 7.600627e+009
d  9.538402e-001 9.312107e+009 1.108784e+007 9.323195e+009
d  9.456877e-001 1.141727e+010 2.205411e+007 1.143933e+010
d  9.375352e-001 1.399835e+010 4.348865e+007 1.404184e+010
d  9.293828e-001 1.716292e+010 8.501712e+007 1.724794e+010
d  9.212303e-001 2.104290e+010 1.647710e+008 2.120768e+010
d  9.130778e-001 2.580002e+010 3.165915e+008 2.611662e+010
d  9.049253e-001 3.163258e+010 6.030617e+008 3.223564e+010
d  8.967728e-001 3.878368e+010 1.138854e+009 3.992253e+010
d  8.886204e-001 4.755141e+010 2.132154e+009 4.968357e+010
d  8.804679e-001 5.830125e+010 3.957429e+009 6.225868e+010
d  8.723154e-001 7.148127e+010 7.282015e+009 7.876329e+010
d  8.641629e-001 8.764088e+010 1.328416e+010 1.009250e+011
d  8.560104e-001 1.074536e+011 2.402484e+010 1.314785e+011
d  8.478580e-001 1.317454e+011 4.307556e+010 1.748210e+011
d  8.397055e-001 1.615288e+011 7.656765e+010 2.380965e+011
d  8.315530e-001 1.980453e+011 1.349285e+011 3.329738e+011
d  8.234005e-001 2.428169e+011 2.357253e+011 4.785422e+011
d  8.152480e-001 2.977099e+011 4.082749e+011 7.059848e+011
d  8.070956e-001 3.650125e+011 7.010406e+011 1.066053e+012
d  7.989431e-001 4.475300e+011 1.193377e+012 1.640907e+012
d  7.907906e-001 5.487021e+011 2.013984e+012 2.562686e+012
d  7.826381e-001 6.727458e+011 3.369601e+012 4.042347e+012
d  7.744856e-001 8.248319e+011 5.589139e+012 6.413971e+012
d  7.663332e-001 1.011300e+012 9.190844e+012 1.020214e+013
d  7.581807e-001 1.239922e+012 1.498338e+013 1.622330e+013
d  7.500282e-001 1.520228e+012 2.421633e+013 2.573656e+013
d  7.418757e-001 1.863902e+012 3.880170e+013 4.066560e+013
d  7.337232e-001 2.285270e+012 6.163639e+013 6.392166e+013
d  7.255708e-001 2.801896e+012 9.706611e+013 9.986801e+013
d  7.174183e-001 3.435314e+012 1.515452e+014 1.549805e+014
d  7.092658e-001 4.211928e+012 2.345635e+014 2.387755e+014
d  7.011133e-001 5.164108e+012 3.599341e+014 3.650982e+014
d  6.929608e-001 6.331546e+012 5.475571e+014 5.538887e+014
d  6.848084e-001 7.762904e+012 8.258095e+014 8.335724e+014
d  6.766559e-001 9.517845e+012 1.234737e+015 1.244254e+015
d  6.685034e-001 1.166952e+013 1.830260e+015 1.841929e+015
d  6.603509e-001 1.430762e+013 2.689647e+015 2.703954e+015
d  6.521984e-001 1.754211e+013 3.918516e+015 3.936058e+015
d  6.440460e-001 2.150782e+013 5.659683e+015 5.681191e+015
d  6.358935e-001 2.637004e+013 8.104133e+015 8.130503e+015
d  6.277410e-001 3.233145e+013 1.150443e+016 1.153676e+016
d  6.195885e-001 3.964055e+013 1.619077e+016 1.623041e+016
d  6.114360e-001 4.860199e+013 2.258988e+016 2.263848e+016
d  6.032836e-001 5.958933e+013 3.124671e+016 3.130630e+016
d  5.951311e-001 7.306055e+013 4.284881e+016 4.292187e+016
d  5.869786e-001 8.957718e+013 5.825286e+016 5.834243e+016
d  5.788261e-001 1.098277e+014 7.851266e+016 7.862248e+016
d  5.706736e-001 1.346562e+014 1.049074e+017 1.050421e+017
d  5.625211e-001 1.650976e+014 1.389686e+017 1.391337e+017
d  5.543687e-001 2.024208e+014 1.825034e+017 1.827058e+017
d  5.462162e-001 2.481816e+014 2.376126e+017 2.378608e+017
d  5.380637e-001 3.042874e+014 3.066987e+017 3.070030e+017
d  5.299112e-001 3.730769e+014 3.924627e+017 3.928357e+017
d  5.217587e-001 4.574176e+014 4.978847e+017 4.983421e+017
d  5.136063e-001 5.608249e+014 6.261858e+017 6.267466e+017
d  5.054538e-001 6.876092e+014 7.807674e+017 7.814550e+017
d  4.973013e-001 8.430554e+014 9.651262e+017 9.659693e+017
d  4.891488e-001 1.033643e+015 1.182743e+018 1.183777e+018
d  4.809963e-001 1.267316e+015 1.436948e+018 1.438215e+018
d  4.728439e-001 1.553815e+015 1.730754e+018 1.732308e+018
d  4.646914e-001 1.905083e+015 2.066683e+018 2.068588e+018
d  4.565389e-001 2.335760e+015 2.446563e+018 2.448898e+018
d  4.483864e-001 2.863800e+015 2.871328e+018 2.874192e+018
d  4.402339e-001 3.511213e+015 3.340821e+018 3.344332e+018
d  4.320815e-001 4.304984e+015 3.853609e+018 3.857914e+018
d  4.239290e-001 5.278202e+015 4.406828e+018 4.412106e+018
d  4.157765e-001 6.471433e+015 4.996070e+018 5.002542e+018
d  4.076240e-001 7.934414e+015 5.615326e+018 5.623260e+018
d  3.994715e-001 9.728129e+015 6.256989e+018 6.266718e+018
d  3.913191e-001 1.192734e+016 6.911938e+018 6.923866e+018
d  3.831666e-001 1.462373e+016 7.569694e+018 7.584317e+018
d  3.750141e-001 1.792968e+016 8.218655e+018 8.236585e+018
d  3.668616e-001 2.198300e+016 8.846413e+018 8.868396e+018
d  3.587091e-001 2.695265e+016 9.440122e+018 9.467075e+018
d  3.505567e-001 3.304577e+016 9.986931e+018 1.001998e+019
d  3.424042e-001 4.051635e+016 1.047443e+019 1.051495e+019
d  3.342517e-001 4.967579e+016 1.089113e+019 1.094081e+019
d  3.260992e-001 6.090587e+016 1.122689e+019 1.128779e+019
d  3.179467e-001 7.467472e+016 1.147334e+019 1.154801e+019
d  3.097943e-001 9.155626e+016 1.162423e+019 1.171579e+019
d  3.016418e-001 1.122542e+017 1.167569e+019 1.178795e+019
d  2.934893e-001 1.376312e+017 1.162640e+019 1.176403e+019
d  2.853368e-001 1.687452e+017 1.147761e+019 1.164636e+019
d  2.771843e-001 2.068930e+017 1.123316e+019 1.144006e+019
d  2.690319e-001 2.536648e+017 1.089925e+019 1.115291e+019
d  2.608794e-001 3.110102e+017 1.048419e+019 1.079520e+019
d  2.527269e-001 3.813195e+017 9.998097e+018 1.037942e+019
d  2.445744e-001 4.675236e+017 9.452437e+018 9.919960e+018
d  2.364219e-001 5.732155e+017 8.859602e+018 9.432818e+018
d  2.282695e-001 7.028010e+017 8.232442e+018 8.935243e+018
d  2.201170e-001 8.616815e+017 7.583804e+018 8.445486e+018
d  2.119645e-001 1.056480e+018 6.926112e+018 7.982592e+018
d  2.038120e-001 1.295316e+018 6.270988e+018 7.566304e+018
d  1.956595e-001 1.588145e+018 5.628937e+018 7.217082e+018
d  1.875070e-001 1.947173e+018 5.009113e+018 6.956286e+018
d  1.793546e-001 2.387366e+018 4.419156e+018 6.806521e+018
d  1.712021e-001 2.927072e+018 3.865109e+018 6.792181e+018
d  1.630496e-001 3.588788e+018 3.351415e+018 6.940203e+018
d  1.548971e-001 4.400097e+018 2.880969e+018 7.281066e+018
d  1.467446e-001 5.394816e+018 2.455235e+018 7.850051e+018
d  1.385922e-001 6.614410e+018 2.074395e+018 8.688805e+018
d  1.304397e-001 8.109714e+018 1.737536e+018 9.847250e+018
d  1.222872e-001 9.943058e+018 1.442847e+018 1.138591e+019
d  1.141347e-001 1.219086e+019 1.187820e+018 1.337868e+019
d  1.059822e-001 1.494682e+019 9.694496e+017 1.591627e+019
d  9.782977e-002 1.832581e+019 7.844110e+017 1.911022e+019
d  8.967728e-002 2.246869e+019 6.292252e+017 2.309791e+019
d  8.152480e-002 2.754813e+019 5.003945e+017 2.804852e+019
d  7.337232e-002 3.377587e+019 3.945145e+017 3.417039e+019
d  6.521984e-002 4.141150e+019 3.083595e+017 4.171986e+019
d  5.706736e-002 5.077330e+019 2.389438e+017 5.101225e+019
d  4.891488e-002 6.225150e+019 1.835601e+017 6.243506e+019
d  4.076240e-002 7.632456e+019 1.397992e+017 7.646436e+019
d  3.260992e-002 9.357907e+019 1.055541e+017 9.368462e+019
d  2.445744e-002 1.147343e+020 7.901137e+016 1.148133e+020
d  1.630496e-002 1.406720e+020 5.863380e+016 1.407306e+020
d  8.152480e-003 1.724734e+020 4.313705e+016 1.725165e+020
d  0.000000e+000 2.114640e+020 3.146276e+016 2.114955e+020
