v ATLAS
# This file was created by ATLAS version 5.28.1.R on Fri Sep 25 04:21:10 2026.
#SSF 2.0 generic
##############################################################################
#                    Copyright (c) 1984 - 2019                               #
#                    Silvaco Inc. All rights reserved                        #
#                                                                            #
# This file format and the following Key are copyright Silvaco Inc.          #
# You may not use, this format or key without reproducing this message in    #
# full and obtaining express written permission from Silvaco Inc.            #
#                                                                            #
# To obtain such permission please contact: Silvaco Inc.                     #
#                                           support@silvaco.com              #
#                                                                            #
# KEY=SVC86hn7562asdx                       PROD=345                         #
##############################################################################
p 4 77 79 78 206
d  0.000000e+000 0.000000e+000 0.000000e+000 0.000000e+000
d  1.634764e-002 0.000000e+000 0.000000e+000 0.000000e+000
d  3.269529e-002 0.000000e+000 0.000000e+000 0.000000e+000
d  4.904293e-002 0.000000e+000 0.000000e+000 0.000000e+000
d  6.539058e-002 0.000000e+000 0.000000e+000 0.000000e+000
d  8.173822e-002 0.000000e+000 0.000000e+000 0.000000e+000
d  9.808586e-002 0.000000e+000 0.000000e+000 0.000000e+000
d  1.144335e-001 0.000000e+000 0.000000e+000 0.000000e+000
d  1.307812e-001 0.000000e+000 0.000000e+000 0.000000e+000
d  1.471288e-001 0.000000e+000 0.000000e+000 0.000000e+000
d  1.634764e-001 0.000000e+000 0.000000e+000 0.000000e+000
d  1.798241e-001 0.000000e+000 0.000000e+000 0.000000e+000
d  1.961717e-001 0.000000e+000 0.000000e+000 0.000000e+000
d  2.125194e-001 0.000000e+000 0.000000e+000 0.000000e+000
d  2.288670e-001 0.000000e+000 0.000000e+000 0.000000e+000
d  2.452147e-001 0.000000e+000 0.000000e+000 0.000000e+000
d  2.615623e-001 0.000000e+000 0.000000e+000 0.000000e+000
d  2.779099e-001 0.000000e+000 0.000000e+000 0.000000e+000
d  2.942576e-001 0.000000e+000 0.000000e+000 0.000000e+000
d  3.106052e-001 0.000000e+000 0.000000e+000 0.000000e+000
d  3.269529e-001 0.000000e+000 0.000000e+000 0.000000e+000
d  3.433005e-001 0.000000e+000 0.000000e+000 0.000000e+000
d  3.596482e-001 0.000000e+000 0.000000e+000 0.000000e+000
d  3.759958e-001 0.000000e+000 0.000000e+000 0.000000e+000
d  3.923435e-001 0.000000e+000 0.000000e+000 0.000000e+000
d  4.086911e-001 0.000000e+000 0.000000e+000 0.000000e+000
d  4.250387e-001 0.000000e+000 0.000000e+000 0.000000e+000
d  4.413864e-001 0.000000e+000 0.000000e+000 0.000000e+000
d  4.577340e-001 0.000000e+000 0.000000e+000 0.000000e+000
d  4.740817e-001 0.000000e+000 0.000000e+000 0.000000e+000
d  4.904293e-001 0.000000e+000 0.000000e+000 0.000000e+000
d  5.067770e-001 0.000000e+000 0.000000e+000 0.000000e+000
d  5.231246e-001 0.000000e+000 0.000000e+000 0.000000e+000
d  5.394723e-001 0.000000e+000 0.000000e+000 0.000000e+000
d  5.558199e-001 0.000000e+000 0.000000e+000 0.000000e+000
d  5.721675e-001 0.000000e+000 0.000000e+000 0.000000e+000
d  5.885152e-001 0.000000e+000 0.000000e+000 0.000000e+000
d  6.048628e-001 0.000000e+000 0.000000e+000 0.000000e+000
d  6.212105e-001 0.000000e+000 0.000000e+000 0.000000e+000
d  6.375581e-001 0.000000e+000 0.000000e+000 0.000000e+000
d  6.539058e-001 0.000000e+000 0.000000e+000 0.000000e+000
d  6.702534e-001 0.000000e+000 0.000000e+000 0.000000e+000
d  6.866010e-001 0.000000e+000 0.000000e+000 0.000000e+000
d  7.029487e-001 0.000000e+000 0.000000e+000 0.000000e+000
d  7.192963e-001 0.000000e+000 0.000000e+000 0.000000e+000
d  7.356440e-001 0.000000e+000 0.000000e+000 0.000000e+000
d  7.519916e-001 0.000000e+000 0.000000e+000 0.000000e+000
d  7.683393e-001 0.000000e+000 0.000000e+000 0.000000e+000
d  7.846869e-001 0.000000e+000 0.000000e+000 0.000000e+000
d  8.010346e-001 0.000000e+000 0.000000e+000 0.000000e+000
d  8.173822e-001 0.000000e+000 0.000000e+000 0.000000e+000
d  8.337298e-001 0.000000e+000 0.000000e+000 0.000000e+000
d  8.500775e-001 0.000000e+000 0.000000e+000 0.000000e+000
d  8.664251e-001 0.000000e+000 0.000000e+000 0.000000e+000
d  8.827728e-001 0.000000e+000 0.000000e+000 0.000000e+000
d  8.991204e-001 0.000000e+000 0.000000e+000 0.000000e+000
d  9.154681e-001 0.000000e+000 0.000000e+000 0.000000e+000
d  9.318157e-001 0.000000e+000 0.000000e+000 0.000000e+000
d  9.481634e-001 0.000000e+000 0.000000e+000 0.000000e+000
d  9.645110e-001 0.000000e+000 0.000000e+000 0.000000e+000
d  9.808586e-001 0.000000e+000 0.000000e+000 0.000000e+000
d  9.972063e-001 0.000000e+000 0.000000e+000 0.000000e+000
d  1.013554e+000 0.000000e+000 0.000000e+000 0.000000e+000
d  1.029902e+000 0.000000e+000 0.000000e+000 0.000000e+000
d  1.046249e+000 0.000000e+000 0.000000e+000 0.000000e+000
d  1.062597e+000 0.000000e+000 0.000000e+000 0.000000e+000
d  1.078945e+000 0.000000e+000 0.000000e+000 0.000000e+000
d  1.095292e+000 0.000000e+000 0.000000e+000 0.000000e+000
d  1.111640e+000 0.000000e+000 0.000000e+000 0.000000e+000
d  1.127987e+000 0.000000e+000 0.000000e+000 0.000000e+000
d  1.144335e+000 0.000000e+000 0.000000e+000 0.000000e+000
d  1.160683e+000 0.000000e+000 0.000000e+000 0.000000e+000
d  1.177030e+000 0.000000e+000 0.000000e+000 0.000000e+000
d  1.193378e+000 0.000000e+000 0.000000e+000 0.000000e+000
d  1.209726e+000 0.000000e+000 0.000000e+000 0.000000e+000
d  1.226073e+000 0.000000e+000 0.000000e+000 0.000000e+000
d  1.242421e+000 0.000000e+000 0.000000e+000 0.000000e+000
d  1.258769e+000 0.000000e+000 0.000000e+000 0.000000e+000
d  1.275116e+000 0.000000e+000 0.000000e+000 0.000000e+000
d  1.291464e+000 0.000000e+000 0.000000e+000 0.000000e+000
d  1.307812e+000 0.000000e+000 0.000000e+000 0.000000e+000
d  1.324159e+000 0.000000e+000 0.000000e+000 0.000000e+000
d  1.340507e+000 0.000000e+000 0.000000e+000 0.000000e+000
d  1.356854e+000 0.000000e+000 0.000000e+000 0.000000e+000
d  1.373202e+000 0.000000e+000 0.000000e+000 0.000000e+000
d  1.389550e+000 0.000000e+000 0.000000e+000 0.000000e+000
d  1.405897e+000 0.000000e+000 0.000000e+000 0.000000e+000
d  1.422245e+000 0.000000e+000 0.000000e+000 0.000000e+000
d  1.438593e+000 0.000000e+000 0.000000e+000 0.000000e+000
d  1.454940e+000 0.000000e+000 0.000000e+000 0.000000e+000
d  1.471288e+000 0.000000e+000 0.000000e+000 0.000000e+000
d  1.487636e+000 0.000000e+000 0.000000e+000 0.000000e+000
d  1.503983e+000 0.000000e+000 0.000000e+000 0.000000e+000
d  1.520331e+000 0.000000e+000 0.000000e+000 0.000000e+000
d  1.536679e+000 0.000000e+000 0.000000e+000 0.000000e+000
d  1.553026e+000 0.000000e+000 0.000000e+000 0.000000e+000
d  1.569374e+000 0.000000e+000 0.000000e+000 0.000000e+000
d  1.585721e+000 0.000000e+000 0.000000e+000 0.000000e+000
d  1.602069e+000 0.000000e+000 0.000000e+000 0.000000e+000
d  1.618417e+000 0.000000e+000 0.000000e+000 0.000000e+000
d  1.634764e+000 0.000000e+000 0.000000e+000 0.000000e+000
d  1.651112e+000 0.000000e+000 0.000000e+000 0.000000e+000
d  1.667460e+000 0.000000e+000 0.000000e+000 0.000000e+000
d  1.683807e+000 0.000000e+000 0.000000e+000 0.000000e+000
d  1.700155e+000 0.000000e+000 0.000000e+000 0.000000e+000
d  1.716503e+000 0.000000e+000 0.000000e+000 0.000000e+000
d  1.732850e+000 0.000000e+000 0.000000e+000 0.000000e+000
d  1.749198e+000 0.000000e+000 0.000000e+000 0.000000e+000
d  1.765546e+000 0.000000e+000 0.000000e+000 0.000000e+000
d  1.781893e+000 0.000000e+000 0.000000e+000 0.000000e+000
d  1.798241e+000 0.000000e+000 0.000000e+000 0.000000e+000
d  1.814588e+000 0.000000e+000 0.000000e+000 0.000000e+000
d  1.830936e+000 0.000000e+000 0.000000e+000 0.000000e+000
d  1.847284e+000 0.000000e+000 0.000000e+000 0.000000e+000
d  1.863631e+000 0.000000e+000 0.000000e+000 0.000000e+000
d  1.879979e+000 0.000000e+000 0.000000e+000 0.000000e+000
d  1.896327e+000 0.000000e+000 0.000000e+000 0.000000e+000
d  1.912674e+000 0.000000e+000 0.000000e+000 0.000000e+000
d  1.929022e+000 0.000000e+000 0.000000e+000 0.000000e+000
d  1.945370e+000 0.000000e+000 0.000000e+000 0.000000e+000
d  1.961717e+000 0.000000e+000 0.000000e+000 0.000000e+000
d  1.978065e+000 0.000000e+000 0.000000e+000 0.000000e+000
d  1.994413e+000 0.000000e+000 0.000000e+000 0.000000e+000
d  2.010760e+000 0.000000e+000 0.000000e+000 0.000000e+000
d  2.027108e+000 0.000000e+000 0.000000e+000 0.000000e+000
d  2.043455e+000 0.000000e+000 0.000000e+000 0.000000e+000
d  2.059803e+000 0.000000e+000 0.000000e+000 0.000000e+000
d  2.076151e+000 0.000000e+000 0.000000e+000 0.000000e+000
d  2.092498e+000 0.000000e+000 0.000000e+000 0.000000e+000
d  2.108846e+000 0.000000e+000 0.000000e+000 0.000000e+000
d  2.125194e+000 0.000000e+000 0.000000e+000 0.000000e+000
d  2.141541e+000 0.000000e+000 0.000000e+000 0.000000e+000
d  2.157889e+000 0.000000e+000 0.000000e+000 0.000000e+000
d  2.174237e+000 0.000000e+000 0.000000e+000 0.000000e+000
d  2.190584e+000 0.000000e+000 0.000000e+000 0.000000e+000
d  2.206932e+000 0.000000e+000 0.000000e+000 0.000000e+000
d  2.223280e+000 0.000000e+000 0.000000e+000 0.000000e+000
d  2.239627e+000 0.000000e+000 0.000000e+000 0.000000e+000
d  2.255975e+000 0.000000e+000 0.000000e+000 0.000000e+000
d  2.272323e+000 0.000000e+000 0.000000e+000 0.000000e+000
d  2.288670e+000 0.000000e+000 0.000000e+000 0.000000e+000
d  2.305018e+000 0.000000e+000 0.000000e+000 0.000000e+000
d  2.321365e+000 0.000000e+000 0.000000e+000 0.000000e+000
d  2.337713e+000 0.000000e+000 0.000000e+000 0.000000e+000
d  2.354061e+000 0.000000e+000 0.000000e+000 0.000000e+000
d  2.370408e+000 0.000000e+000 0.000000e+000 0.000000e+000
d  2.386756e+000 0.000000e+000 0.000000e+000 0.000000e+000
d  2.403104e+000 0.000000e+000 0.000000e+000 0.000000e+000
d  2.419451e+000 0.000000e+000 0.000000e+000 0.000000e+000
d  2.435799e+000 0.000000e+000 0.000000e+000 0.000000e+000
d  2.452147e+000 0.000000e+000 0.000000e+000 0.000000e+000
d  2.468494e+000 0.000000e+000 0.000000e+000 0.000000e+000
d  2.484842e+000 0.000000e+000 0.000000e+000 0.000000e+000
d  2.501190e+000 0.000000e+000 0.000000e+000 0.000000e+000
d  2.517537e+000 0.000000e+000 0.000000e+000 0.000000e+000
d  2.533885e+000 0.000000e+000 0.000000e+000 0.000000e+000
d  2.550232e+000 0.000000e+000 0.000000e+000 0.000000e+000
d  2.566580e+000 0.000000e+000 0.000000e+000 0.000000e+000
d  2.582928e+000 0.000000e+000 0.000000e+000 0.000000e+000
d  2.599275e+000 0.000000e+000 0.000000e+000 0.000000e+000
d  2.615623e+000 0.000000e+000 0.000000e+000 0.000000e+000
d  2.631971e+000 0.000000e+000 0.000000e+000 0.000000e+000
d  2.648318e+000 0.000000e+000 0.000000e+000 0.000000e+000
d  2.664666e+000 0.000000e+000 0.000000e+000 0.000000e+000
d  2.681014e+000 0.000000e+000 0.000000e+000 0.000000e+000
d  2.697361e+000 0.000000e+000 0.000000e+000 0.000000e+000
d  2.713709e+000 0.000000e+000 0.000000e+000 0.000000e+000
d  2.730057e+000 0.000000e+000 0.000000e+000 0.000000e+000
d  2.746404e+000 0.000000e+000 0.000000e+000 0.000000e+000
d  2.762752e+000 0.000000e+000 0.000000e+000 0.000000e+000
d  2.779099e+000 0.000000e+000 0.000000e+000 0.000000e+000
d  2.795447e+000 0.000000e+000 0.000000e+000 0.000000e+000
d  2.811795e+000 0.000000e+000 0.000000e+000 0.000000e+000
d  2.828142e+000 0.000000e+000 0.000000e+000 0.000000e+000
d  2.844490e+000 0.000000e+000 0.000000e+000 0.000000e+000
d  2.860838e+000 0.000000e+000 0.000000e+000 0.000000e+000
d  2.877185e+000 0.000000e+000 0.000000e+000 0.000000e+000
d  2.893533e+000 0.000000e+000 0.000000e+000 0.000000e+000
d  2.909881e+000 0.000000e+000 0.000000e+000 0.000000e+000
d  2.926228e+000 0.000000e+000 0.000000e+000 0.000000e+000
d  2.942576e+000 0.000000e+000 0.000000e+000 0.000000e+000
d  2.958924e+000 0.000000e+000 0.000000e+000 0.000000e+000
d  2.975271e+000 0.000000e+000 0.000000e+000 0.000000e+000
d  2.991619e+000 0.000000e+000 0.000000e+000 0.000000e+000
d  3.007966e+000 0.000000e+000 0.000000e+000 0.000000e+000
d  3.024314e+000 0.000000e+000 0.000000e+000 0.000000e+000
d  3.040662e+000 0.000000e+000 0.000000e+000 0.000000e+000
d  3.057009e+000 0.000000e+000 0.000000e+000 0.000000e+000
d  3.073357e+000 0.000000e+000 0.000000e+000 0.000000e+000
d  3.089705e+000 0.000000e+000 0.000000e+000 0.000000e+000
d  3.106052e+000 0.000000e+000 0.000000e+000 0.000000e+000
d  3.122400e+000 0.000000e+000 0.000000e+000 0.000000e+000
