drain current vs drain bias
36 2 2
drain bias
drain current
0 -4.74856e-019
0.05 3.49822e-008
0.1 6.90015e-008
0.15 1.02061e-007
0.2 1.34164e-007
0.25 1.65315e-007
0.3 1.95516e-007
0.35 2.24772e-007
0.4 2.53087e-007
0.45 2.80464e-007
0.5 3.06909e-007
0.6 3.57017e-007
0.7 4.03449e-007
0.8 4.46247e-007
0.9 4.85459e-007
1 5.21135e-007
1.1 5.53334e-007
1.2 5.82123e-007
1.3 6.07578e-007
1.4 6.29789e-007
1.5 6.48862e-007
1.6 6.64923e-007
1.7 6.78126e-007
1.8 6.88659e-007
1.9 6.96757e-007
2 7.02705e-007
2.1 7.06849e-007
2.2 7.09582e-007
2.3 7.11298e-007
2.4 7.12343e-007
2.5 7.12978e-007
2.6 7.13382e-007
2.7 7.13661e-007
2.8 7.1387e-007
2.9 7.14036e-007
3 7.14174e-007
