drain current vs drain bias
36 2 2
drain bias
drain current
0 5.41318e-020
0.05 1.64415e-008
0.1 3.20151e-008
0.15 4.67298e-008
0.2 6.05952e-008
0.25 7.36218e-008
0.3 8.58208e-008
0.35 9.72043e-008
0.4 1.07785e-007
0.45 1.17579e-007
0.5 1.26599e-007
0.6 1.42394e-007
0.7 1.55328e-007
0.8 1.65595e-007
0.9 1.73435e-007
1 1.79144e-007
1.1 1.83073e-007
1.2 1.85617e-007
1.3 1.87167e-007
1.4 1.88055e-007
1.5 1.88532e-007
1.6 1.88774e-007
1.7 1.88899e-007
1.8 1.88975e-007
1.9 1.8903e-007
2 1.89074e-007
2.1 1.8911e-007
2.2 1.89141e-007
2.3 1.89169e-007
2.4 1.89193e-007
2.5 1.89216e-007
2.6 1.89237e-007
2.7 1.89256e-007
2.8 1.89274e-007
2.9 1.89291e-007
3 1.89307e-007
