source current vs drain bias
36 2 2
drain bias
source current
0 1.14505e-019
0.05 -2.11645e-009
0.1 -3.83618e-009
0.15 -5.21043e-009
0.2 -6.29024e-009
0.25 -7.12446e-009
0.3 -7.75784e-009
0.35 -8.22977e-009
0.4 -8.57377e-009
0.45 -8.81772e-009
0.5 -8.98458e-009
0.6 -9.15927e-009
0.7 -9.21411e-009
0.8 -9.22655e-009
0.9 -9.23075e-009
1 -9.23348e-009
1.1 -9.23566e-009
1.2 -9.23749e-009
1.3 -9.2391e-009
1.4 -9.24053e-009
1.5 -9.24183e-009
1.6 -9.24302e-009
1.7 -9.24413e-009
1.8 -9.24516e-009
1.9 -9.24612e-009
2 -9.24704e-009
2.1 -9.2479e-009
2.2 -9.24872e-009
2.3 -9.24951e-009
2.4 -9.25026e-009
2.5 -9.25098e-009
2.6 -9.25167e-009
2.7 -9.25234e-009
2.8 -9.25299e-009
2.9 -9.25361e-009
3 -9.25421e-009
