source current vs drain bias
36 2 2
drain bias
source current
0 3.8196e-020
0.05 -8.24451e-009
0.1 -1.57495e-008
0.15 -2.25362e-008
0.2 -2.86277e-008
0.25 -3.405e-008
0.3 -3.88317e-008
0.35 -4.30047e-008
0.4 -4.66044e-008
0.45 -4.96699e-008
0.5 -5.2244e-008
0.6 -5.61063e-008
0.7 -5.85887e-008
0.8 -6.0084e-008
0.9 -6.09256e-008
1 -6.13592e-008
1.1 -6.15556e-008
1.2 -6.16339e-008
1.3 -6.16683e-008
1.4 -6.16893e-008
1.5 -6.17051e-008
1.6 -6.1718e-008
1.7 -6.17291e-008
1.8 -6.17388e-008
1.9 -6.17474e-008
2 -6.17553e-008
2.1 -6.17626e-008
2.2 -6.17693e-008
2.3 -6.17755e-008
2.4 -6.17814e-008
2.5 -6.17869e-008
2.6 -6.17922e-008
2.7 -6.17972e-008
2.8 -6.1802e-008
2.9 -6.18065e-008
3 -6.18109e-008
