source current vs drain bias
36 2 2
drain bias
source current
0 1.81993e-019
0.05 -2.54895e-008
0.1 -5.00505e-008
0.15 -7.36882e-008
0.2 -9.64078e-008
0.25 -1.18215e-007
0.3 -1.39115e-007
0.35 -1.59115e-007
0.4 -1.7822e-007
0.45 -1.96438e-007
0.5 -2.13777e-007
0.6 -2.45845e-007
0.7 -2.74494e-007
0.8 -2.99802e-007
0.9 -3.2186e-007
1 -3.40776e-007
1.1 -3.56679e-007
1.2 -3.69726e-007
1.3 -3.80107e-007
1.4 -3.88059e-007
1.5 -3.93875e-007
1.6 -3.97901e-007
1.7 -4.00531e-007
1.8 -4.02154e-007
1.9 -4.03109e-007
2 -4.03652e-007
2.1 -4.03964e-007
2.2 -4.04158e-007
2.3 -4.04293e-007
2.4 -4.04397e-007
2.5 -4.04481e-007
2.6 -4.04553e-007
2.7 -4.04616e-007
2.8 -4.04671e-007
2.9 -4.04722e-007
3 -4.04768e-007
