Probe avg_n vs gate bias
76 2 2
gate bias
Probe avg_n
-3 5.43754e+012
-2.8 5.43908e+012
-2.6 5.44174e+012
-2.4 5.4463e+012
-2.2 5.45415e+012
-2 5.46767e+012
-1.8 5.49099e+012
-1.6 5.53132e+012
-1.4 5.60147e+012
-1.2 5.72452e+012
-1 5.94355e+012
-0.95 6.0218e+012
-0.9 6.11292e+012
-0.85 6.21927e+012
-0.8 6.34375e+012
-0.75 6.48994e+012
-0.7 6.66224e+012
-0.65 6.86618e+012
-0.6 7.1087e+012
-0.55 7.39886e+012
-0.5 7.74992e+012
-0.45 8.19e+012
-0.4 8.82544e+012
-0.35 1.02263e+013
-0.3 1.56528e+013
-0.25 4.23191e+013
-0.2 1.62661e+014
-0.15 5.74778e+014
-0.1 1.58361e+015
-0.05 3.4715e+015
-4.24783e-016 6.45906e+015
0.05 1.07621e+016
0.1 1.66454e+016
0.15 2.44506e+016
0.2 3.46083e+016
0.25 4.76409e+016
0.3 6.41489e+016
0.35 8.47714e+016
0.4 1.1011e+017
0.45 1.40633e+017
0.5 1.76603e+017
0.55 2.18058e+017
0.6 2.6486e+017
0.65 3.16756e+017
0.7 3.7343e+017
0.75 4.34558e+017
0.8 4.9984e+017
0.85 5.6903e+017
0.9 6.41952e+017
0.95 7.185e+017
1 7.98636e+017
1.05 8.82371e+017
1.1 9.69736e+017
1.15 1.06075e+018
1.2 1.15538e+018
1.25 1.25355e+018
1.3 1.35512e+018
1.35 1.45988e+018
1.4 1.56763e+018
1.45 1.67814e+018
1.5 1.79118e+018
1.6 2.02401e+018
1.7 2.26454e+018
1.8 2.51146e+018
1.9 2.76371e+018
2 3.02041e+018
2.1 3.28087e+018
2.2 3.54452e+018
2.3 3.81089e+018
2.4 4.07961e+018
2.5 4.35034e+018
2.6 4.62283e+018
2.7 4.89685e+018
2.8 5.17222e+018
2.9 5.44877e+018
3 5.72637e+018
