Conduction Band Energy vs Depth
108 2 2
Depth
Conduction Band Energy
0 3.51386
0.0200769 3.51386
0.0346253 3.51386
0.0451677 3.51386
0.0528071 3.51386
0.0583429 3.51386
0.0623543 3.51386
0.0652611 3.51386
0.0673675 3.51386
0.0688939 3.51386
0.07 0.139923
0.07 0.139923
0.0709987 0.139904
0.0719247 0.139852
0.0727833 0.139773
0.0735795 0.139673
0.0743178 0.139557
0.0750024 0.139427
0.0756372 0.139289
0.0762258 0.139143
0.0767715 0.138992
0.0772776 0.138839
0.0777469 0.138685
0.078182 0.13853
0.0785855 0.138377
0.0789596 0.138227
0.0793065 0.138079
0.0796282 0.137935
0.0799264 0.137796
0.080203 0.137661
0.0804595 0.137531
0.0806973 0.137407
0.0809178 0.137287
0.0811222 0.137173
0.0813118 0.137064
0.0814876 0.136961
0.0816506 0.136863
0.0818017 0.13677
0.0819419 0.136682
0.0820719 0.136599
0.0821924 0.136521
0.0823041 0.136447
0.0824077 0.136378
0.0825038 0.136313
0.0825929 0.136252
0.0826755 0.136194
0.0827521 0.136141
0.0828231 0.13609
0.0828889 0.136043
0.08295 0.135999
0.08295 0.135999
0.0830125 0.135935
0.083075 0.135853
0.0831375 0.135751
0.0832 0.135631
0.0832 0.135631
0.0832595 3.51151
0.0833253 3.51366
0.0833982 3.51604
0.0834789 3.51867
0.0835683 3.52159
0.0836672 3.52482
0.0837767 3.5284
0.083898 3.53235
0.0840323 3.53674
0.0841809 3.54159
0.0843455 3.54696
0.0845277 3.5529
0.0847294 3.55949
0.0849527 3.56678
0.0852 4.47485
0.0852 4.47485
0.0854427 4.47849
0.0856984 4.48233
0.0859678 4.48637
0.0862516 4.49063
0.0865506 4.49512
0.0868656 4.49985
0.0871976 4.50483
0.0875473 4.51008
0.0879157 4.51561
0.0883039 4.52144
0.0887128 4.52758
0.0891437 4.53404
0.0895977 4.54086
0.0900759 4.54804
0.0905798 4.5556
0.0911107 4.56357
0.0916701 4.57196
0.0922594 4.58081
0.0928802 4.59013
0.0935344 4.59995
0.0942235 4.61029
0.0949496 4.62119
0.0957146 4.63267
0.0965206 4.64477
0.0973697 4.65752
0.0982644 4.67095
0.0992069 4.68509
0.1002 4.7
0.1002 0
0.101255 0
0.102979 0
0.105793 0
0.110391 0
0.117901 0
0.130166 0
0.1502 0
