Conduction Band Energy vs Depth
108 2 2
Depth
Conduction Band Energy
0 3.1417
0.0200769 3.1417
0.0346253 3.1417
0.0451677 3.1417
0.0528071 3.1417
0.0583429 3.1417
0.0623543 3.1417
0.0652611 3.1417
0.0673675 3.1417
0.0688939 3.1417
0.07 -0.232235
0.07 -0.232235
0.0709987 -0.232942
0.0719247 -0.234889
0.0727833 -0.237871
0.0735795 -0.24174
0.0743178 -0.246387
0.0750024 -0.251729
0.0756372 -0.257704
0.0762258 -0.264263
0.0767715 -0.27137
0.0772776 -0.278994
0.0777469 -0.287113
0.078182 -0.295704
0.0785855 -0.304752
0.0789596 -0.314237
0.0793065 -0.324146
0.0796282 -0.334462
0.0799264 -0.345171
0.080203 -0.356262
0.0804595 -0.36772
0.0806973 -0.379532
0.0809178 -0.391679
0.0811222 -0.404141
0.0813118 -0.41689
0.0814876 -0.429894
0.0816506 -0.443115
0.0818017 -0.456511
0.0819419 -0.470036
0.0820719 -0.48364
0.0821924 -0.497272
0.0823041 -0.510882
0.0824077 -0.524418
0.0825038 -0.537832
0.0825929 -0.551076
0.0826755 -0.564108
0.0827521 -0.576887
0.0828231 -0.589377
0.0828889 -0.601547
0.08295 -0.613368
0.08295 -0.613368
0.0830125 -0.626054
0.083075 -0.639368
0.0831375 -0.653347
0.0832 -0.668031
0.0832 -0.668031
0.0832595 2.69317
0.0833253 2.67907
0.0833982 2.66345
0.0834789 2.64617
0.0835683 2.62703
0.0836672 2.60584
0.0837767 2.58238
0.083898 2.5564
0.0840323 2.52765
0.0841809 2.49581
0.0843455 2.46056
0.0845277 2.42154
0.0847294 2.37833
0.0849527 2.33049
0.0852 3.17753
0.0852 3.17753
0.0854427 3.15363
0.0856984 3.12844
0.0859678 3.10191
0.0862516 3.07395
0.0865506 3.0445
0.0868656 3.01346
0.0871976 2.98077
0.0875473 2.94632
0.0879157 2.91003
0.0883039 2.8718
0.0887128 2.83151
0.0891437 2.78907
0.0895977 2.74435
0.0900759 2.69724
0.0905798 2.64761
0.0911107 2.59531
0.0916701 2.54022
0.0922594 2.48217
0.0928802 2.42101
0.0935344 2.35658
0.0942235 2.28869
0.0949496 2.21717
0.0957146 2.14182
0.0965206 2.06243
0.0973697 1.97879
0.0982644 1.89066
0.0992069 1.79782
0.1002 1.7
0.1002 0
0.101255 0
0.102979 0
0.105793 0
0.110391 0
0.117901 0
0.130166 0
0.1502 0
