Conduction Band Energy vs Depth
108 2 2
Depth
Conduction Band Energy
0 3.44779
0.0200769 3.44779
0.0346253 3.44779
0.0451677 3.44779
0.0528071 3.4478
0.0583429 3.4478
0.0623543 3.4478
0.0652611 3.4478
0.0673675 3.4478
0.0688939 3.4478
0.07 0.0738556
0.07 0.0738556
0.0709987 0.0737832
0.0719247 0.0735857
0.0727833 0.0732879
0.0735795 0.0729099
0.0743178 0.0724683
0.0750024 0.0719769
0.0756372 0.0714472
0.0762258 0.0708892
0.0767715 0.0703112
0.0772776 0.0697205
0.0777469 0.0691233
0.078182 0.0685248
0.0785855 0.0679295
0.0789596 0.0673413
0.0793065 0.0667633
0.0796282 0.0661982
0.0799264 0.0656481
0.080203 0.0651147
0.0804595 0.0645993
0.0806973 0.064103
0.0809178 0.0636264
0.0811222 0.06317
0.0813118 0.0627339
0.0814876 0.0623182
0.0816506 0.0619228
0.0818017 0.0615474
0.0819419 0.0611915
0.0820719 0.0608548
0.0821924 0.0605367
0.0823041 0.0602365
0.0824077 0.0599536
0.0825038 0.0596873
0.0825929 0.0594369
0.0826755 0.0592018
0.0827521 0.0589811
0.0828231 0.0587742
0.0828889 0.0585804
0.08295 0.0583989
0.08295 0.0583989
0.0830125 0.0581929
0.083075 0.0579664
0.0831375 0.0577193
0.0832 0.0574515
0.0832 0.0574515
0.0832595 3.43319
0.0833253 3.43517
0.0833982 3.43737
0.0834789 3.43981
0.0835683 3.44251
0.0836672 3.44549
0.0837767 3.4488
0.083898 3.45246
0.0840323 3.45651
0.0841809 3.461
0.0843455 3.46597
0.0845277 3.47147
0.0847294 3.47756
0.0849527 3.4843
0.0852 4.39176
0.0852 4.39176
0.0854427 4.39513
0.0856984 4.39868
0.0859678 4.40242
0.0862516 4.40636
0.0865506 4.41051
0.0868656 4.41489
0.0871976 4.4195
0.0875473 4.42435
0.0879157 4.42946
0.0883039 4.43485
0.0887128 4.44053
0.0891437 4.44651
0.0895977 4.45281
0.0900759 4.45945
0.0905798 4.46645
0.0911107 4.47382
0.0916701 4.48158
0.0922594 4.48977
0.0928802 4.49838
0.0935344 4.50747
0.0942235 4.51703
0.0949496 4.52711
0.0957146 4.53773
0.0965206 4.54892
0.0973697 4.56071
0.0982644 4.57313
0.0992069 4.58621
0.1002 4.6
0.1002 0
0.101255 0
0.102979 0
0.105793 0
0.110391 0
0.117901 0
0.130166 0
0.1502 0
