Probe chan_mob vs gate bias
76 2 2
gate bias
Probe chan_mob
-3 57.7925
-2.8 57.7925
-2.6 57.7925
-2.4 57.7925
-2.2 57.7925
-2 57.7925
-1.8 57.7925
-1.6 57.7925
-1.4 57.7925
-1.2 57.7925
-1 57.7925
-0.95 57.7925
-0.9 57.7925
-0.85 57.7925
-0.8 57.7925
-0.75 57.7925
-0.7 57.7925
-0.65 57.7925
-0.6 57.7925
-0.55 57.7925
-0.5 57.7925
-0.45 57.7925
-0.4 57.7925
-0.35 57.7925
-0.3 57.7925
-0.25 57.7925
-0.2 57.7925
-0.15 57.7925
-0.1 57.7925
-0.05 57.7925
-4.24783e-016 57.7925
0.05 57.7925
0.1 57.7925
0.15 57.7925
0.2 57.7925
0.25 57.7925
0.3 57.7925
0.35 57.7925
0.4 57.7925
0.45 57.7925
0.5 57.7925
0.55 57.7925
0.6 57.7925
0.65 57.7925
0.7 57.7925
0.75 57.7925
0.8 57.7925
0.85 57.7925
0.9 57.7925
0.95 57.7925
1 57.7925
1.05 57.7925
1.1 57.7925
1.15 57.7925
1.2 57.7925
1.25 57.7925
1.3 57.7925
1.35 57.7925
1.4 57.7925
1.45 57.7925
1.5 57.7925
1.6 57.7925
1.7 57.7925
1.8 57.7925
1.9 57.7925
2 57.7925
2.1 57.7925
2.2 57.7925
2.3 57.7925
2.4 57.7925
2.5 57.7925
2.6 57.7925
2.7 57.7925
2.8 57.7925
2.9 57.7925
3 57.7925
