Probe chan_n vs gate bias
76 2 2
gate bias
Probe chan_n
-3 5.31327e-032
-2.8 1.61922e-029
-2.6 3.68681e-026
-2.4 8.42538e-023
-2.2 1.59701e-019
-2 2.78968e-016
-1.8 6.36836e-013
-1.6 1.44133e-009
-1.4 2.65756e-006
-1.2 0.00608405
-1 13.9212
-0.95 96.2866
-0.9 665.736
-0.85 4598.29
-0.8 31684.1
-0.75 217305
-0.7 1.4799e+006
-0.65 9.99709e+006
-0.6 6.71024e+007
-0.55 4.49446e+008
-0.5 3.01631e+009
-0.45 2.02748e+010
-0.4 1.3532e+011
-0.35 8.81722e+011
-0.3 5.48262e+012
-0.25 3.14036e+013
-0.2 1.54321e+014
-0.15 5.9009e+014
-0.1 1.68338e+015
-0.05 3.73313e+015
-4.24783e-016 6.87341e+015
0.05 1.10811e+016
0.1 1.6226e+016
0.15 2.21229e+016
0.2 2.85745e+016
0.25 3.54017e+016
0.3 4.24569e+016
0.35 4.96253e+016
0.4 5.68165e+016
0.45 6.39573e+016
0.5 7.09876e+016
0.55 7.78629e+016
0.6 8.45559e+016
0.65 9.10555e+016
0.7 9.73632e+016
0.75 1.03489e+017
0.8 1.09447e+017
0.85 1.15256e+017
0.9 1.20937e+017
0.95 1.26508e+017
1 1.31991e+017
1.05 1.37403e+017
1.1 1.42764e+017
1.15 1.48086e+017
1.2 1.53381e+017
1.25 1.58657e+017
1.3 1.63917e+017
1.35 1.69163e+017
1.4 1.74395e+017
1.45 1.79612e+017
1.5 1.84812e+017
1.6 1.95151e+017
1.7 2.054e+017
1.8 2.15549e+017
1.9 2.25589e+017
2 2.35519e+017
2.1 2.45337e+017
2.2 2.55045e+017
2.3 2.64643e+017
2.4 2.74134e+017
2.5 2.83523e+017
2.6 2.92811e+017
2.7 3.02002e+017
2.8 3.11101e+017
2.9 3.20109e+017
3 3.29031e+017
