drain current vs gate bias
76 2 2
gate bias
drain current
-3 -7.93391e-020
-2.8 9.58201e-020
-2.6 -3.86133e-020
-2.4 -3.0593e-019
-2.2 1.88321e-019
-2 4.59519e-019
-1.8 -1.76949e-019
-1.6 2.85313e-021
-1.4 7.14381e-019
-1.2 -3.31403e-019
-1 -5.94768e-020
-0.95 6.63245e-019
-0.9 -4.80638e-019
-0.85 -8.06305e-019
-0.8 4.05384e-019
-0.75 -7.62584e-019
-0.7 -3.93847e-019
-0.65 6.46039e-019
-0.6 3.27172e-018
-0.55 1.51068e-017
-0.5 9.54644e-017
-0.45 6.44334e-016
-0.4 4.30418e-015
-0.35 2.82914e-014
-0.3 1.79416e-013
-0.25 1.06472e-012
-0.2 5.5902e-012
-0.15 2.39814e-011
-0.1 8.02911e-011
-0.05 2.14102e-010
-4.24783e-016 4.78446e-010
0.05 9.39937e-010
0.1 1.68246e-009
0.15 2.81312e-009
0.2 4.4693e-009
0.25 6.82613e-009
0.3 1.01028e-008
0.35 1.45652e-008
0.4 2.05212e-008
0.45 2.83073e-008
0.5 3.82674e-008
0.55 5.07294e-008
0.6 6.59856e-008
0.65 8.42814e-008
0.7 1.05814e-007
0.75 1.30734e-007
0.8 1.59146e-007
0.85 1.91105e-007
0.9 2.26614e-007
0.95 2.6562e-007
1 3.08014e-007
1.05 3.53623e-007
1.1 4.02223e-007
1.15 4.53553e-007
1.2 5.07333e-007
1.25 5.63285e-007
1.3 6.2115e-007
1.35 6.80695e-007
1.4 7.41719e-007
1.45 8.04045e-007
1.5 8.67524e-007
1.6 9.97453e-007
1.7 1.13069e-006
1.8 1.26664e-006
1.9 1.40484e-006
2 1.54496e-006
2.1 1.6867e-006
2.2 1.82987e-006
2.3 1.97427e-006
2.4 2.11977e-006
2.5 2.26624e-006
2.6 2.41358e-006
2.7 2.56171e-006
2.8 2.71056e-006
2.9 2.86005e-006
3 3.01015e-006
