Electron Conc vs Depth
108 2 2
Depth
Electron Conc
0 0
0.0200769 0
0.0346253 0
0.0451677 0
0.0528071 0
0.0583429 0
0.0623543 0
0.0652611 0
0.0673675 0
0.0688939 0
0.07 0
0.07 8.1846e+016
0.0709987 8.40884e+016
0.0719247 9.05802e+016
0.0727833 1.01495e+017
0.0735795 1.17606e+017
0.0743178 1.40302e+017
0.0750024 1.71724e+017
0.0756372 2.15021e+017
0.0762258 2.74742e+017
0.0767715 3.5738e+017
0.0772776 4.72096e+017
0.0777469 6.31592e+017
0.078182 8.53008e+017
0.0785855 1.15857e+018
0.0789596 1.57555e+018
0.0793065 2.13501e+018
0.0796282 2.86919e+018
0.0799264 3.80813e+018
0.080203 4.97644e+018
0.0804595 6.39147e+018
0.0806973 8.0631e+018
0.0809178 9.99472e+018
0.0811222 1.21846e+019
0.0813118 1.46269e+019
0.0814876 1.73131e+019
0.0816506 2.02316e+019
0.0818017 2.33687e+019
0.0819419 2.67086e+019
0.0820719 3.02336e+019
0.0821924 3.3924e+019
0.0823041 3.7759e+019
0.0824077 4.17165e+019
0.0825038 4.57738e+019
0.0825929 4.99078e+019
0.0826755 5.40954e+019
0.0827521 5.8314e+019
0.0828231 6.25418e+019
0.0828889 6.67581e+019
0.08295 7.09434e+019
0.08295 7.09434e+019
0.0830125 7.55305e+019
0.083075 8.04492e+019
0.0831375 8.57263e+019
0.0832 9.13913e+019
0.0832 0
0.0832595 0
0.0833253 0
0.0833982 0
0.0834789 0
0.0835683 0
0.0836672 0
0.0837767 0
0.083898 0
0.0840323 0
0.0841809 0
0.0843455 0
0.0845277 0
0.0847294 0
0.0849527 0
0.0852 0
0.0852 0
0.0854427 0
0.0856984 0
0.0859678 0
0.0862516 0
0.0865506 0
0.0868656 0
0.0871976 0
0.0875473 0
0.0879157 0
0.0883039 0
0.0887128 0
0.0891437 0
0.0895977 0
0.0900759 0
0.0905798 0
0.0911107 0
0.0916701 0
0.0922594 0
0.0928802 0
0.0935344 0
0.0942235 0
0.0949496 0
0.0957146 0
0.0965206 0
0.0973697 0
0.0982644 0
0.0992069 0
0.1002 0
0.1002 0
0.101255 0
0.102979 0
0.105793 0
0.110391 0
0.117901 0
0.130166 0
0.1502 0
