Electron Conc vs Depth
108 2 2
Depth
Electron Conc
0 0
0.0200769 0
0.0346253 0
0.0451677 0
0.0528071 0
0.0583429 0
0.0623543 0
0.0652611 0
0.0673675 0
0.0688939 0
0.07 0
0.07 1.4251e+016
0.0709987 1.42908e+016
0.0719247 1.44002e+016
0.0727833 1.45667e+016
0.0735795 1.47808e+016
0.0743178 1.50349e+016
0.0750024 1.53228e+016
0.0756372 1.56393e+016
0.0762258 1.59797e+016
0.0767715 1.63402e+016
0.0772776 1.67169e+016
0.0777469 1.71066e+016
0.078182 1.75063e+016
0.0785855 1.7913e+016
0.0789596 1.83241e+016
0.0793065 1.87373e+016
0.0796282 1.91502e+016
0.0799264 1.9561e+016
0.080203 1.99676e+016
0.0804595 2.03684e+016
0.0806973 2.07621e+016
0.0809178 2.11472e+016
0.0811222 2.15227e+016
0.0813118 2.18877e+016
0.0814876 2.22413e+016
0.0816506 2.2583e+016
0.0818017 2.29123e+016
0.0819419 2.32288e+016
0.0820719 2.35323e+016
0.0821924 2.38227e+016
0.0823041 2.40999e+016
0.0824077 2.43642e+016
0.0825038 2.46155e+016
0.0825929 2.48542e+016
0.0826755 2.50805e+016
0.0827521 2.52947e+016
0.0828231 2.54972e+016
0.0828889 2.56884e+016
0.08295 2.58687e+016
0.08295 2.58687e+016
0.0830125 2.60748e+016
0.083075 2.63035e+016
0.0831375 2.65551e+016
0.0832 2.68305e+016
0.0832 0
0.0832595 0
0.0833253 0
0.0833982 0
0.0834789 0
0.0835683 0
0.0836672 0
0.0837767 0
0.083898 0
0.0840323 0
0.0841809 0
0.0843455 0
0.0845277 0
0.0847294 0
0.0849527 0
0.0852 0
0.0852 0
0.0854427 0
0.0856984 0
0.0859678 0
0.0862516 0
0.0865506 0
0.0868656 0
0.0871976 0
0.0875473 0
0.0879157 0
0.0883039 0
0.0887128 0
0.0891437 0
0.0895977 0
0.0900759 0
0.0905798 0
0.0911107 0
0.0916701 0
0.0922594 0
0.0928802 0
0.0935344 0
0.0942235 0
0.0949496 0
0.0957146 0
0.0965206 0
0.0973697 0
0.0982644 0
0.0992069 0
0.1002 0
0.1002 0
0.101255 0
0.102979 0
0.105793 0
0.110391 0
0.117901 0
0.130166 0
0.1502 0
