Valence Band Energy vs Depth
108 2 2
Depth
Valence Band Energy
0 -5.48614
0.0200769 -5.48614
0.0346253 -5.48614
0.0451677 -5.48614
0.0528071 -5.48614
0.0583429 -5.48614
0.0623543 -5.48614
0.0652611 -5.48614
0.0673675 -5.48614
0.0688939 -5.48614
0.07 -2.93614
0.07 -2.93614
0.0709987 -2.93616
0.0719247 -2.93621
0.0727833 -2.93629
0.0735795 -2.93639
0.0743178 -2.9365
0.0750024 -2.93663
0.0756372 -2.93677
0.0762258 -2.93692
0.0767715 -2.93707
0.0772776 -2.93722
0.0777469 -2.93738
0.078182 -2.93753
0.0785855 -2.93768
0.0789596 -2.93783
0.0793065 -2.93798
0.0796282 -2.93812
0.0799264 -2.93826
0.080203 -2.9384
0.0804595 -2.93853
0.0806973 -2.93865
0.0809178 -2.93877
0.0811222 -2.93889
0.0813118 -2.939
0.0814876 -2.9391
0.0816506 -2.9392
0.0818017 -2.93929
0.0819419 -2.93938
0.0820719 -2.93946
0.0821924 -2.93954
0.0823041 -2.93961
0.0824077 -2.93968
0.0825038 -2.93975
0.0825929 -2.93981
0.0826755 -2.93987
0.0827521 -2.93992
0.0828231 -2.93997
0.0828889 -2.94002
0.08295 -2.94006
0.08295 -2.94006
0.0830125 -2.94012
0.083075 -2.94021
0.0831375 -2.94031
0.0832 -2.94043
0.0832 -2.94043
0.0832595 -5.48849
0.0833253 -5.48634
0.0833982 -5.48396
0.0834789 -5.48133
0.0835683 -5.47841
0.0836672 -5.47518
0.0837767 -5.4716
0.083898 -5.46765
0.0840323 -5.46326
0.0841809 -5.45841
0.0843455 -5.45304
0.0845277 -5.4471
0.0847294 -5.44051
0.0849527 -5.43322
0.0852 -1.22515
0.0852 -1.22515
0.0854427 -1.22151
0.0856984 -1.21767
0.0859678 -1.21363
0.0862516 -1.20937
0.0865506 -1.20488
0.0868656 -1.20015
0.0871976 -1.19517
0.0875473 -1.18992
0.0879157 -1.18439
0.0883039 -1.17856
0.0887128 -1.17242
0.0891437 -1.16596
0.0895977 -1.15914
0.0900759 -1.15196
0.0905798 -1.1444
0.0911107 -1.13643
0.0916701 -1.12804
0.0922594 -1.11919
0.0928802 -1.10987
0.0935344 -1.10005
0.0942235 -1.08971
0.0949496 -1.07881
0.0957146 -1.06733
0.0965206 -1.05523
0.0973697 -1.04248
0.0982644 -1.02905
0.0992069 -1.01491
0.1002 -1
0.1002 0
0.101255 0
0.102979 0
0.105793 0
0.110391 0
0.117901 0
0.130166 0
0.1502 0
