Valence Band Energy vs Depth
108 2 2
Depth
Valence Band Energy
0 -5.8583
0.0200769 -5.8583
0.0346253 -5.8583
0.0451677 -5.8583
0.0528071 -5.8583
0.0583429 -5.8583
0.0623543 -5.8583
0.0652611 -5.8583
0.0673675 -5.8583
0.0688939 -5.8583
0.07 -3.3083
0.07 -3.3083
0.0709987 -3.309
0.0719247 -3.31095
0.0727833 -3.31393
0.0735795 -3.3178
0.0743178 -3.32245
0.0750024 -3.32779
0.0756372 -3.33376
0.0762258 -3.34032
0.0767715 -3.34743
0.0772776 -3.35505
0.0777469 -3.36317
0.078182 -3.37176
0.0785855 -3.38081
0.0789596 -3.3903
0.0793065 -3.40021
0.0796282 -3.41052
0.0799264 -3.42123
0.080203 -3.43232
0.0804595 -3.44378
0.0806973 -3.45559
0.0809178 -3.46774
0.0811222 -3.4802
0.0813118 -3.49295
0.0814876 -3.50595
0.0816506 -3.51918
0.0818017 -3.53257
0.0819419 -3.5461
0.0820719 -3.5597
0.0821924 -3.57333
0.0823041 -3.58694
0.0824077 -3.60048
0.0825038 -3.61389
0.0825929 -3.62714
0.0826755 -3.64017
0.0827521 -3.65295
0.0828231 -3.66544
0.0828889 -3.67761
0.08295 -3.68943
0.08295 -3.68943
0.0830125 -3.70211
0.083075 -3.71543
0.0831375 -3.72941
0.0832 -3.74409
0.0832 -3.74409
0.0832595 -6.30683
0.0833253 -6.32093
0.0833982 -6.33655
0.0834789 -6.35383
0.0835683 -6.37297
0.0836672 -6.39416
0.0837767 -6.41762
0.083898 -6.4436
0.0840323 -6.47235
0.0841809 -6.50419
0.0843455 -6.53944
0.0845277 -6.57846
0.0847294 -6.62167
0.0849527 -6.66951
0.0852 -2.52247
0.0852 -2.52247
0.0854427 -2.54637
0.0856984 -2.57156
0.0859678 -2.59809
0.0862516 -2.62605
0.0865506 -2.6555
0.0868656 -2.68654
0.0871976 -2.71923
0.0875473 -2.75368
0.0879157 -2.78997
0.0883039 -2.8282
0.0887128 -2.86849
0.0891437 -2.91093
0.0895977 -2.95565
0.0900759 -3.00276
0.0905798 -3.05239
0.0911107 -3.10469
0.0916701 -3.15978
0.0922594 -3.21783
0.0928802 -3.27899
0.0935344 -3.34342
0.0942235 -3.41131
0.0949496 -3.48283
0.0957146 -3.55818
0.0965206 -3.63757
0.0973697 -3.72121
0.0982644 -3.80934
0.0992069 -3.90218
0.1002 -4
0.1002 0
0.101255 0
0.102979 0
0.105793 0
0.110391 0
0.117901 0
0.130166 0
0.1502 0
