Valence Band Energy vs Depth
108 2 2
Depth
Valence Band Energy
0 -5.55221
0.0200769 -5.55221
0.0346253 -5.55221
0.0451677 -5.55221
0.0528071 -5.5522
0.0583429 -5.5522
0.0623543 -5.5522
0.0652611 -5.5522
0.0673675 -5.5522
0.0688939 -5.5522
0.07 -3.0022
0.07 -3.0022
0.0709987 -3.00228
0.0719247 -3.00247
0.0727833 -3.00277
0.0735795 -3.00315
0.0743178 -3.00359
0.0750024 -3.00408
0.0756372 -3.00461
0.0762258 -3.00517
0.0767715 -3.00575
0.0772776 -3.00634
0.0777469 -3.00694
0.078182 -3.00754
0.0785855 -3.00813
0.0789596 -3.00872
0.0793065 -3.0093
0.0796282 -3.00986
0.0799264 -3.01041
0.080203 -3.01095
0.0804595 -3.01146
0.0806973 -3.01196
0.0809178 -3.01243
0.0811222 -3.01289
0.0813118 -3.01333
0.0814876 -3.01374
0.0816506 -3.01414
0.0818017 -3.01451
0.0819419 -3.01487
0.0820719 -3.01521
0.0821924 -3.01552
0.0823041 -3.01582
0.0824077 -3.01611
0.0825038 -3.01637
0.0825929 -3.01662
0.0826755 -3.01686
0.0827521 -3.01708
0.0828231 -3.01729
0.0828889 -3.01748
0.08295 -3.01766
0.08295 -3.01766
0.0830125 -3.01787
0.083075 -3.01809
0.0831375 -3.01834
0.0832 -3.01861
0.0832 -3.01861
0.0832595 -5.56681
0.0833253 -5.56483
0.0833982 -5.56263
0.0834789 -5.56019
0.0835683 -5.55749
0.0836672 -5.55451
0.0837767 -5.5512
0.083898 -5.54754
0.0840323 -5.54349
0.0841809 -5.539
0.0843455 -5.53403
0.0845277 -5.52853
0.0847294 -5.52244
0.0849527 -5.5157
0.0852 -1.30824
0.0852 -1.30824
0.0854427 -1.30487
0.0856984 -1.30132
0.0859678 -1.29758
0.0862516 -1.29364
0.0865506 -1.28949
0.0868656 -1.28511
0.0871976 -1.2805
0.0875473 -1.27565
0.0879157 -1.27054
0.0883039 -1.26515
0.0887128 -1.25947
0.0891437 -1.25349
0.0895977 -1.24719
0.0900759 -1.24055
0.0905798 -1.23355
0.0911107 -1.22618
0.0916701 -1.21842
0.0922594 -1.21023
0.0928802 -1.20162
0.0935344 -1.19253
0.0942235 -1.18297
0.0949496 -1.17289
0.0957146 -1.16227
0.0965206 -1.15108
0.0973697 -1.13929
0.0982644 -1.12687
0.0992069 -1.11379
0.1002 -1.1
0.1002 0
0.101255 0
0.102979 0
0.105793 0
0.110391 0
0.117901 0
0.130166 0
0.1502 0
