Probe bulk_front_electrons vs gate bias
121 2 2
gate bias
Probe bulk_front_electrons
-3 3.67175e-033
-2.95 4.32503e-033
-2.9 5.1869e-033
-2.85 6.3641e-033
-2.8 8.04338e-033
-2.75 1.05757e-032
-2.7 1.46834e-032
-2.65 2.20418e-032
-2.6 3.72389e-032
-2.55 7.62587e-032
-2.5 2.17005e-031
-2.45 9.78891e-031
-2.4 6.07413e-030
-2.35 4.12646e-029
-2.3 2.84698e-028
-2.25 1.96869e-027
-2.2 1.36172e-026
-2.15 9.37991e-026
-2.1 6.27122e-025
-2.05 4.06157e-024
-2 2.67685e-023
-1.95 1.81494e-022
-1.9 1.24741e-021
-1.85 8.61272e-021
-1.8 5.95482e-020
-1.75 4.1188e-019
-1.7 2.84919e-018
-1.65 1.971e-017
-1.6 1.36351e-016
-1.55 9.43255e-016
-1.5 6.52531e-015
-1.45 4.51412e-014
-1.4 3.12281e-013
-1.35 2.16031e-012
-1.3 1.49443e-011
-1.25 1.0336e-010
-1.2 7.13936e-010
-1.15 4.88745e-009
-1.1 3.16286e-008
-1.05 1.71593e-007
-1 9.96802e-007
-0.95 6.76777e-006
-0.9 4.67862e-005
-0.85 0.00032364
-0.8 0.00223879
-0.75 0.0154868
-0.7 0.10713
-0.65 0.741054
-0.6 5.12602
-0.55 35.4588
-0.5 245.284
-0.45 1696.72
-0.4 11736.9
-0.35 81187.9
-0.3 561601
-0.25 3.88473e+006
-0.2 2.68713e+007
-0.15 1.85867e+008
-0.1 1.28552e+009
-0.05 8.88874e+009
0 6.14044e+010
0.05 4.2285e+011
0.1 2.88074e+012
0.15 1.89502e+013
0.2 1.12775e+014
0.25 5.4136e+014
0.3 1.92606e+015
0.35 5.18602e+015
0.4 1.13594e+016
0.45 2.15545e+016
0.5 3.69578e+016
0.55 5.88369e+016
0.6 8.85388e+016
0.65 1.27492e+017
0.7 1.77216e+017
0.75 2.39332e+017
0.8 3.15575e+017
0.85 4.07785e+017
0.9 5.17894e+017
0.95 6.47905e+017
1 7.99846e+017
1.05 9.7567e+017
1.1 1.1771e+018
1.15 1.40552e+018
1.2 1.66189e+018
1.25 1.94682e+018
1.3 2.26057e+018
1.35 2.60315e+018
1.4 2.97438e+018
1.45 3.37396e+018
1.5 3.80153e+018
1.55 4.25668e+018
1.6 4.739e+018
1.65 5.24806e+018
1.7 5.78339e+018
1.75 6.34444e+018
1.8 6.9306e+018
1.85 7.54114e+018
1.9 8.17523e+018
1.95 8.83195e+018
2 9.51027e+018
2.05 1.02091e+019
2.1 1.09274e+019
2.15 1.1664e+019
2.2 1.24178e+019
2.25 1.31877e+019
2.3 1.39725e+019
2.35 1.47714e+019
2.4 1.55834e+019
2.45 1.64074e+019
2.5 1.72427e+019
2.55 1.80884e+019
2.6 1.89437e+019
2.65 1.98081e+019
2.7 2.06807e+019
2.75 2.15611e+019
2.8 2.24485e+019
2.85 2.33426e+019
2.9 2.42429e+019
2.95 2.51488e+019
3 2.60599e+019
