Probe bulk_back_electrons vs gate bias
121 2 2
gate bias
Probe bulk_back_electrons
-3 2.42912e-032
-2.95 2.55055e-032
-2.9 2.7021e-032
-2.85 2.89752e-032
-2.8 3.16022e-032
-2.75 3.53283e-032
-2.7 4.10057e-032
-2.65 5.05593e-032
-2.6 6.91545e-032
-2.55 1.14591e-031
-2.5 2.73531e-031
-2.45 1.12544e-030
-2.4 6.81632e-030
-2.35 4.61187e-029
-2.3 3.17997e-028
-2.25 2.19876e-027
-2.2 1.52084e-026
-2.15 1.04759e-025
-2.1 7.00401e-025
-2.05 4.53616e-024
-2 2.98964e-023
-1.95 2.02701e-022
-1.9 1.39317e-021
-1.85 9.61911e-021
-1.8 6.65063e-020
-1.75 4.60007e-019
-1.7 3.18212e-018
-1.65 2.20131e-017
-1.6 1.52283e-016
-1.55 1.05347e-015
-1.5 7.28778e-015
-1.45 5.04159e-014
-1.4 3.4877e-013
-1.35 2.41274e-012
-1.3 1.66905e-011
-1.25 1.15437e-010
-1.2 7.97359e-010
-1.15 5.45855e-009
-1.1 3.53244e-008
-1.05 1.91644e-007
-1 1.11328e-006
-0.95 7.55858e-006
-0.9 5.22531e-005
-0.85 0.000361457
-0.8 0.00250039
-0.75 0.0172965
-0.7 0.119648
-0.65 0.827649
-0.6 5.72507
-0.55 39.6028
-0.5 273.949
-0.45 1895.02
-0.4 13108.5
-0.35 90676.1
-0.3 627233
-0.25 4.33872e+006
-0.2 3.00116e+007
-0.15 2.07587e+008
-0.1 1.43572e+009
-0.05 9.92667e+009
0 6.85597e+010
0.05 4.71767e+011
0.1 3.20569e+012
0.15 2.0908e+013
0.2 1.21276e+014
0.25 5.47249e+014
0.3 1.74353e+015
0.35 4.03624e+015
0.4 7.41994e+015
0.45 1.169e+016
0.5 1.66022e+016
0.55 2.19433e+016
0.6 2.75484e+016
0.65 3.32985e+016
0.7 3.91116e+016
0.75 4.49342e+016
0.8 5.07328e+016
0.85 5.64872e+016
0.9 6.21863e+016
0.95 6.78243e+016
1 7.33985e+016
1.05 7.89067e+016
1.1 8.43446e+016
1.15 8.97061e+016
1.2 9.49847e+016
1.25 1.00176e+017
1.3 1.05277e+017
1.35 1.10287e+017
1.4 1.1521e+017
1.45 1.20049e+017
1.5 1.24811e+017
1.55 1.29502e+017
1.6 1.3413e+017
1.65 1.387e+017
1.7 1.43221e+017
1.75 1.47696e+017
1.8 1.52133e+017
1.85 1.56533e+017
1.9 1.60899e+017
1.95 1.65235e+017
2 1.69541e+017
2.05 1.73818e+017
2.1 1.78066e+017
2.15 1.82285e+017
2.2 1.86477e+017
2.25 1.9064e+017
2.3 1.94776e+017
2.35 1.98883e+017
2.4 2.02962e+017
2.45 2.07013e+017
2.5 2.11036e+017
2.55 2.15032e+017
2.6 2.19e+017
2.65 2.22942e+017
2.7 2.26856e+017
2.75 2.30744e+017
2.8 2.34606e+017
2.85 2.38442e+017
2.9 2.42253e+017
2.95 2.46039e+017
3 2.498e+017
