Probe bulk_free_electrons vs gate bias
121 2 2
gate bias
Probe bulk_free_electrons
-3 6.36055e+011
-2.95 6.39514e+011
-2.9 6.43127e+011
-2.85 6.46909e+011
-2.8 6.50888e+011
-2.75 6.55103e+011
-2.7 6.59594e+011
-2.65 6.64364e+011
-2.6 6.69389e+011
-2.55 6.74659e+011
-2.5 6.80184e+011
-2.45 6.85978e+011
-2.4 6.92053e+011
-2.35 6.98423e+011
-2.3 7.05103e+011
-2.25 7.12112e+011
-2.2 7.19471e+011
-2.15 7.27202e+011
-2.1 7.35326e+011
-2.05 7.43871e+011
-2 7.52862e+011
-1.95 7.62329e+011
-1.9 7.72305e+011
-1.85 7.82823e+011
-1.8 7.93921e+011
-1.75 8.0564e+011
-1.7 8.18025e+011
-1.65 8.31124e+011
-1.6 8.4499e+011
-1.55 8.59681e+011
-1.5 8.75261e+011
-1.45 8.918e+011
-1.4 9.09377e+011
-1.35 9.28075e+011
-1.3 9.47992e+011
-1.25 9.69231e+011
-1.2 9.91912e+011
-1.15 1.01617e+012
-1.1 1.04214e+012
-1.05 1.07001e+012
-1 1.09996e+012
-0.95 1.1322e+012
-0.9 1.167e+012
-0.85 1.20463e+012
-0.8 1.24543e+012
-0.75 1.28979e+012
-0.7 1.33818e+012
-0.65 1.39114e+012
-0.6 1.44933e+012
-0.55 1.51357e+012
-0.5 1.58482e+012
-0.45 1.66432e+012
-0.4 1.7536e+012
-0.35 1.85464e+012
-0.3 1.97e+012
-0.25 2.10307e+012
-0.2 2.25845e+012
-0.15 2.44255e+012
-0.1 2.66512e+012
-0.05 2.9449e+012
0 3.34187e+012
0.05 4.16696e+012
0.1 7.36899e+012
0.15 2.51419e+013
0.2 1.22872e+014
0.25 5.41601e+014
0.3 1.77384e+015
0.35 4.35633e+015
0.4 8.67869e+015
0.45 1.50278e+016
0.5 2.36818e+016
0.55 3.49644e+016
0.6 4.92715e+016
0.65 6.70853e+016
0.7 8.89839e+016
0.75 1.15645e+017
0.8 1.47841e+017
0.85 1.8642e+017
0.9 2.32279e+017
0.95 2.86327e+017
1 3.49448e+017
1.05 4.22434e+017
1.1 5.05911e+017
1.15 6.00297e+017
1.2 7.05796e+017
1.25 8.22429e+017
1.3 9.50083e+017
1.35 1.08856e+018
1.4 1.23761e+018
1.45 1.39699e+018
1.5 1.56645e+018
1.55 1.74577e+018
1.6 1.93477e+018
1.65 2.13326e+018
1.7 2.34104e+018
1.75 2.55789e+018
1.8 2.78358e+018
1.85 3.0178e+018
1.9 3.26023e+018
1.95 3.51049e+018
2 3.7682e+018
2.05 4.03295e+018
2.1 4.30434e+018
2.15 4.58197e+018
2.2 4.86545e+018
2.25 5.15442e+018
2.3 5.44851e+018
2.35 5.74741e+018
2.4 6.0508e+018
2.45 6.3584e+018
2.5 6.66995e+018
2.55 6.98521e+018
2.6 7.30394e+018
2.65 7.62594e+018
2.7 7.95101e+018
2.75 8.27899e+018
2.8 8.6097e+018
2.85 8.943e+018
2.9 9.27875e+018
2.95 9.61681e+018
3 9.95707e+018
