Probe bulk_ionized_acceptors vs gate bias
121 2 2
gate bias
Probe bulk_ionized_acceptors
-3 1.36102e+013
-2.95 1.39766e+013
-2.9 1.43566e+013
-2.85 1.47516e+013
-2.8 1.51643e+013
-2.75 1.55984e+013
-2.7 1.60575e+013
-2.65 1.65414e+013
-2.6 1.70472e+013
-2.55 1.75736e+013
-2.5 1.81214e+013
-2.45 1.86914e+013
-2.4 1.92845e+013
-2.35 1.99016e+013
-2.3 2.05439e+013
-2.25 2.12126e+013
-2.2 2.19093e+013
-2.15 2.26355e+013
-2.1 2.33928e+013
-2.05 2.41831e+013
-2 2.50082e+013
-1.95 2.58702e+013
-1.9 2.67713e+013
-1.85 2.7714e+013
-1.8 2.87008e+013
-1.75 2.97347e+013
-1.7 3.08187e+013
-1.65 3.19561e+013
-1.6 3.31508e+013
-1.55 3.44066e+013
-1.5 3.57282e+013
-1.45 3.71203e+013
-1.4 3.85885e+013
-1.35 4.01387e+013
-1.3 4.17777e+013
-1.25 4.35131e+013
-1.2 4.53531e+013
-1.15 4.73074e+013
-1.1 4.93866e+013
-1.05 5.1603e+013
-1 5.39706e+013
-0.95 5.65054e+013
-0.9 5.92258e+013
-0.85 6.21534e+013
-0.8 6.53134e+013
-0.75 6.87352e+013
-0.7 7.24541e+013
-0.65 7.65118e+013
-0.6 8.09589e+013
-0.55 8.58566e+013
-0.5 9.12805e+013
-0.45 9.73244e+013
-0.4 1.04109e+014
-0.35 1.11795e+014
-0.3 1.20621e+014
-0.25 1.31009e+014
-0.2 1.43903e+014
-0.15 1.61918e+014
-0.1 1.93284e+014
-0.05 2.65515e+014
0 4.72748e+014
0.05 1.13828e+015
0.1 3.35549e+015
0.15 1.06103e+016
0.2 3.22346e+016
0.25 8.46166e+016
0.3 1.80077e+017
0.35 3.16241e+017
0.4 4.83263e+017
0.45 6.72292e+017
0.5 8.77202e+017
0.55 1.09388e+018
0.6 1.31942e+018
0.65 1.55159e+018
0.7 1.78852e+018
0.75 2.02853e+018
0.8 2.27003e+018
0.85 2.51145e+018
0.9 2.75137e+018
0.95 2.98862e+018
1 3.22232e+018
1.05 3.45174e+018
1.1 3.67599e+018
1.15 3.89408e+018
1.2 4.1051e+018
1.25 4.30833e+018
1.3 4.50331e+018
1.35 4.68986e+018
1.4 4.86799e+018
1.45 5.0379e+018
1.5 5.19988e+018
1.55 5.35432e+018
1.6 5.50161e+018
1.65 5.64217e+018
1.7 5.77638e+018
1.75 5.90461e+018
1.8 6.02722e+018
1.85 6.14453e+018
1.9 6.25683e+018
1.95 6.36442e+018
2 6.46755e+018
2.05 6.56649e+018
2.1 6.66146e+018
2.15 6.7527e+018
2.2 6.84042e+018
2.25 6.92483e+018
2.3 7.00611e+018
2.35 7.08444e+018
2.4 7.15999e+018
2.45 7.23291e+018
2.5 7.30335e+018
2.55 7.37144e+018
2.6 7.43732e+018
2.65 7.50109e+018
2.7 7.56287e+018
2.75 7.62275e+018
2.8 7.68085e+018
2.85 7.73723e+018
2.9 7.792e+018
2.95 7.84522e+018
3 7.89697e+018
