Probe channel_electrons vs gate bias
121 2 2
gate bias
Probe channel_electrons
-3 1.39677e-032
-2.95 1.50662e-032
-2.9 1.64453e-032
-2.85 1.82348e-032
-2.8 2.06558e-032
-2.75 2.41134e-032
-2.7 2.94198e-032
-2.65 3.84168e-032
-2.6 5.60624e-032
-2.55 9.947e-032
-2.5 2.51975e-031
-2.45 1.07056e-030
-2.4 6.53975e-030
-2.35 4.43113e-029
-2.3 3.056e-028
-2.25 2.11311e-027
-2.2 1.46161e-026
-2.15 1.00679e-025
-2.1 6.73125e-025
-2.05 4.35954e-024
-2 2.87325e-023
-1.95 1.9481e-022
-1.9 1.33893e-021
-1.85 9.24464e-021
-1.8 6.39172e-020
-1.75 4.42099e-019
-1.7 3.05824e-018
-1.65 2.11562e-017
-1.6 1.46355e-016
-1.55 1.01246e-015
-1.5 7.00407e-015
-1.45 4.84532e-014
-1.4 3.35193e-013
-1.35 2.31881e-012
-1.3 1.60407e-011
-1.25 1.10943e-010
-1.2 7.66318e-010
-1.15 5.24605e-009
-1.1 3.39494e-008
-1.05 1.84187e-007
-1 1.06997e-006
-0.95 7.26457e-006
-0.9 5.02206e-005
-0.85 0.000347397
-0.8 0.00240313
-0.75 0.0166237
-0.7 0.114994
-0.65 0.795428
-0.6 5.50189
-0.55 38.0588
-0.5 263.269
-0.45 1821.13
-0.4 12597.5
-0.35 87140.9
-0.3 602779
-0.25 4.16957e+006
-0.2 2.88415e+007
-0.15 1.99495e+008
-0.1 1.37976e+009
-0.05 9.53996e+009
0 6.5894e+010
0.05 4.53548e+011
0.1 3.08478e+012
0.15 2.01819e+013
0.2 1.18152e+014
0.25 5.45122e+014
0.3 1.80613e+015
0.35 4.40742e+015
0.4 8.60182e+015
0.45 1.4419e+016
0.5 2.17728e+016
0.55 3.053e+016
0.6 4.05474e+016
0.65 5.16898e+016
0.7 6.38405e+016
0.75 7.69039e+016
0.8 9.08051e+016
0.85 1.05487e+017
0.9 1.20905e+017
0.95 1.37025e+017
1 1.5382e+017
1.05 1.71264e+017
1.1 1.8932e+017
1.15 2.07944e+017
1.2 2.27086e+017
1.25 2.46698e+017
1.3 2.66739e+017
1.35 2.87175e+017
1.4 3.07984e+017
1.45 3.29153e+017
1.5 3.50678e+017
1.55 3.72564e+017
1.6 3.94819e+017
1.65 4.17457e+017
1.7 4.40491e+017
1.75 4.63935e+017
1.8 4.87799e+017
1.85 5.12091e+017
1.9 5.36817e+017
1.95 5.61976e+017
2 5.87567e+017
2.05 6.13584e+017
2.1 6.40022e+017
2.15 6.66871e+017
2.2 6.94124e+017
2.25 7.21771e+017
2.3 7.49801e+017
2.35 7.78205e+017
2.4 8.06973e+017
2.45 8.36096e+017
2.5 8.65564e+017
2.55 8.95368e+017
2.6 9.25499e+017
2.65 9.5595e+017
2.7 9.86712e+017
2.75 1.01778e+018
2.8 1.04914e+018
2.85 1.08079e+018
2.9 1.11272e+018
2.95 1.14493e+018
3 1.17741e+018
