source current vs gate bias
121 2 2
gate bias
source current
-3 0
-2.95 0
-2.9 0
-2.85 0
-2.8 0
-2.75 0
-2.7 0
-2.65 0
-2.6 0
-2.55 0
-2.5 0
-2.45 0
-2.4 0
-2.35 0
-2.3 0
-2.25 0
-2.2 0
-2.15 0
-2.1 0
-2.05 0
-2 0
-1.95 0
-1.9 0
-1.85 0
-1.8 0
-1.75 0
-1.7 0
-1.65 0
-1.6 0
-1.55 0
-1.5 0
-1.45 0
-1.4 0
-1.35 0
-1.3 0
-1.25 0
-1.2 0
-1.15 0
-1.1 0
-1.05 0
-1 0
-0.95 0
-0.9 0
-0.85 0
-0.8 0
-0.75 0
-0.7 0
-0.65 0
-0.6 0
-0.55 0
-0.5 0
-0.45 0
-0.4 0
-0.35 0
-0.3 -1.68723e-021
-0.25 -1.34979e-020
-0.2 -9.11105e-020
-0.15 -6.2997e-019
-0.1 -4.35116e-018
-0.05 -3.00781e-017
0 -2.07804e-016
0.05 -1.43215e-015
0.1 -9.78738e-015
0.15 -6.50708e-014
0.2 -3.99366e-013
0.25 -2.05134e-012
0.3 -8.07864e-012
0.35 -2.42862e-011
0.4 -5.87721e-011
0.45 -1.21319e-010
0.5 -2.23262e-010
0.55 -3.77701e-010
0.6 -5.99889e-010
0.65 -9.07697e-010
0.7 -1.32213e-009
0.75 -1.86782e-009
0.8 -2.57348e-009
0.85 -3.47208e-009
0.9 -4.60065e-009
0.95 -5.99931e-009
1 -7.7097e-009
1.05 -9.77344e-009
1.1 -1.22311e-008
1.15 -1.51215e-008
1.2 -1.84804e-008
1.25 -2.23398e-008
1.3 -2.67268e-008
1.35 -3.16628e-008
1.4 -3.71632e-008
1.45 -4.32368e-008
1.5 -4.98852e-008
1.55 -5.7103e-008
1.6 -6.48782e-008
1.65 -7.31921e-008
1.7 -8.2021e-008
1.75 -9.13371e-008
1.8 -1.0111e-007
1.85 -1.11307e-007
1.9 -1.21898e-007
1.95 -1.32851e-007
2 -1.44138e-007
2.05 -1.55729e-007
2.1 -1.67602e-007
2.15 -1.79732e-007
2.2 -1.92099e-007
2.25 -2.04684e-007
2.3 -2.1747e-007
2.35 -2.30442e-007
2.4 -2.43586e-007
2.45 -2.56891e-007
2.5 -2.70344e-007
2.55 -2.83935e-007
2.6 -2.97657e-007
2.65 -3.11499e-007
2.7 -3.25456e-007
2.75 -3.3952e-007
2.8 -3.53684e-007
2.85 -3.67943e-007
2.9 -3.82292e-007
2.95 -3.96726e-007
3 -4.1124e-007
