Probe bulk_free_electrons vs gate bias
121 2 2
gate bias
Probe bulk_free_electrons
-3 2.15042e+012
-2.95 2.15806e+012
-2.9 2.16607e+012
-2.85 2.17448e+012
-2.8 2.18333e+012
-2.75 2.19264e+012
-2.7 2.20249e+012
-2.65 2.21292e+012
-2.6 2.22399e+012
-2.55 2.23568e+012
-2.5 2.24799e+012
-2.45 2.26097e+012
-2.4 2.27463e+012
-2.35 2.28903e+012
-2.3 2.3042e+012
-2.25 2.32019e+012
-2.2 2.33706e+012
-2.15 2.35486e+012
-2.1 2.37364e+012
-2.05 2.39348e+012
-2 2.41445e+012
-1.95 2.43661e+012
-1.9 2.46006e+012
-1.85 2.48487e+012
-1.8 2.51116e+012
-1.75 2.53902e+012
-1.7 2.56856e+012
-1.65 2.59992e+012
-1.6 2.63324e+012
-1.55 2.66866e+012
-1.5 2.70636e+012
-1.45 2.74652e+012
-1.4 2.78934e+012
-1.35 2.83507e+012
-1.3 2.88394e+012
-1.25 2.93626e+012
-1.2 2.99233e+012
-1.15 3.05252e+012
-1.1 3.11723e+012
-1.05 3.18694e+012
-1 3.26216e+012
-0.95 3.3435e+012
-0.9 3.43165e+012
-0.85 3.52741e+012
-0.8 3.6317e+012
-0.75 3.7456e+012
-0.7 3.87039e+012
-0.65 4.00754e+012
-0.6 4.15882e+012
-0.55 4.32634e+012
-0.5 4.5126e+012
-0.45 4.72065e+012
-0.4 4.95416e+012
-0.35 5.21759e+012
-0.3 5.51643e+012
-0.25 5.85742e+012
-0.2 6.24895e+012
-0.15 6.70148e+012
-0.1 7.22868e+012
-0.05 7.85152e+012
0 8.62294e+012
0.05 9.7926e+012
0.1 1.29266e+013
0.15 2.83522e+013
0.2 1.20567e+014
0.25 6.23122e+014
0.3 2.68494e+015
0.35 8.48796e+015
0.4 2.03215e+016
0.45 3.98704e+016
0.5 6.8387e+016
0.55 1.07033e+017
0.6 1.57093e+017
0.65 2.20084e+017
0.7 2.9783e+017
0.75 3.92488e+017
0.8 5.06549e+017
0.85 6.42797e+017
0.9 8.04226e+017
0.95 9.93928e+017
1 1.21501e+018
1.05 1.47046e+018
1.1 1.76293e+018
1.15 2.09447e+018
1.2 2.46639e+018
1.25 2.87927e+018
1.3 3.33306e+018
1.35 3.82725e+018
1.4 4.36103e+018
1.45 4.93341e+018
1.5 5.54335e+018
1.55 6.1898e+018
1.6 6.87175e+018
1.65 7.58823e+018
1.7 8.33824e+018
1.75 9.12072e+018
1.8 9.93456e+018
1.85 1.07785e+019
1.9 1.16512e+019
1.95 1.25513e+019
2 1.34772e+019
2.05 1.44273e+019
2.1 1.54e+019
2.15 1.63939e+019
2.2 1.74073e+019
2.25 1.84389e+019
2.3 1.94871e+019
2.35 2.05508e+019
2.4 2.16287e+019
2.45 2.27196e+019
2.5 2.38225e+019
2.55 2.49364e+019
2.6 2.60605e+019
2.65 2.7194e+019
2.7 2.8336e+019
2.75 2.9486e+019
2.8 3.06434e+019
2.85 3.18075e+019
2.9 3.29779e+019
2.95 3.41542e+019
3 3.53358e+019
