source current vs gate bias
121 2 2
gate bias
source current
-3 0
-2.95 0
-2.9 0
-2.85 0
-2.8 0
-2.75 0
-2.7 0
-2.65 0
-2.6 0
-2.55 0
-2.5 0
-2.45 0
-2.4 0
-2.35 0
-2.3 0
-2.25 0
-2.2 0
-2.15 0
-2.1 0
-2.05 0
-2 0
-1.95 0
-1.9 0
-1.85 0
-1.8 0
-1.75 0
-1.7 0
-1.65 0
-1.6 0
-1.55 0
-1.5 0
-1.45 0
-1.4 0
-1.35 0
-1.3 0
-1.25 0
-1.2 0
-1.15 0
-1.1 0
-1.05 0
-1 0
-0.95 0
-0.9 0
-0.85 0
-0.8 0
-0.75 0
-0.7 0
-0.65 0
-0.6 0
-0.55 0
-0.5 0
-0.45 0
-0.4 0
-0.35 0
-0.3 -2.06464e-021
-0.25 -8.25856e-021
-0.2 -4.95513e-020
-0.15 -3.48924e-019
-0.1 -2.40737e-018
-0.05 -1.66596e-017
0 -1.15174e-016
0.05 -7.9556e-016
0.1 -5.47894e-015
0.15 -3.73512e-014
0.2 -2.46432e-013
0.25 -1.48344e-012
0.3 -7.36871e-012
0.35 -2.79747e-011
0.4 -8.17103e-011
0.45 -1.93895e-010
0.5 -3.94975e-010
0.55 -7.1997e-010
0.6 -1.20886e-009
0.65 -1.90752e-009
0.7 -2.86884e-009
0.75 -4.15404e-009
0.8 -5.83379e-009
0.85 -7.989e-009
0.9 -1.07107e-008
0.95 -1.40984e-008
1 -1.82569e-008
1.05 -2.32911e-008
1.1 -2.93027e-008
1.15 -3.63885e-008
1.2 -4.46389e-008
1.25 -5.41359e-008
1.3 -6.49508e-008
1.35 -7.71425e-008
1.4 -9.07551e-008
1.45 -1.05817e-007
1.5 -1.22338e-007
1.55 -1.40312e-007
1.6 -1.59715e-007
1.65 -1.80506e-007
1.7 -2.0263e-007
1.75 -2.26019e-007
1.8 -2.50598e-007
1.85 -2.76284e-007
1.9 -3.02993e-007
1.95 -3.30642e-007
2 -3.59147e-007
2.05 -3.88431e-007
2.1 -4.1842e-007
2.15 -4.49046e-007
2.2 -4.80246e-007
2.25 -5.11963e-007
2.3 -5.44146e-007
2.35 -5.76749e-007
2.4 -6.0973e-007
2.45 -6.43054e-007
2.5 -6.76686e-007
2.55 -7.10599e-007
2.6 -7.44766e-007
2.65 -7.79165e-007
2.7 -8.13774e-007
2.75 -8.48576e-007
2.8 -8.83554e-007
2.85 -9.18694e-007
2.9 -9.53982e-007
2.95 -9.89407e-007
3 -1.02496e-006
