Probe avg_n vs gate bias
76 2 2
gate bias
Probe avg_n
-3 5.44393e+012
-2.8 5.4488e+012
-2.6 5.45653e+012
-2.4 5.46873e+012
-2.2 5.48801e+012
-2 5.51859e+012
-1.8 5.56724e+012
-1.6 5.64511e+012
-1.4 5.7709e+012
-1.2 5.97699e+012
-1 6.32234e+012
-0.95 6.442e+012
-0.9 6.57972e+012
-0.85 6.73877e+012
-0.8 6.9232e+012
-0.75 7.13807e+012
-0.7 7.38981e+012
-0.65 7.68703e+012
-0.6 8.04254e+012
-0.55 8.48103e+012
-0.5 9.0729e+012
-0.45 1.00927e+013
-0.4 1.27654e+013
-0.35 2.26465e+013
-0.3 6.36751e+013
-0.25 2.2634e+014
-0.2 7.70217e+014
-0.15 2.16401e+015
-0.1 4.88698e+015
-0.05 9.24309e+015
-8.36062e-016 1.54102e+016
0.05 2.35503e+016
0.1 3.38686e+016
0.15 4.66321e+016
0.2 6.21706e+016
0.25 8.08664e+016
0.3 1.03134e+017
0.35 1.29386e+017
0.4 1.59989e+017
0.45 1.95219e+017
0.5 2.35248e+017
0.55 2.80148e+017
0.6 3.29911e+017
0.65 3.84446e+017
0.7 4.43596e+017
0.75 5.07158e+017
0.8 5.74928e+017
0.85 6.46719e+017
0.9 7.22377e+017
0.95 8.01787e+017
1 8.84866e+017
1.05 9.71555e+017
1.1 1.0618e+018
1.15 1.15553e+018
1.2 1.25266e+018
1.25 1.35305e+018
1.3 1.45656e+018
1.35 1.56299e+018
1.4 1.67216e+018
1.45 1.78386e+018
1.5 1.8979e+018
1.6 2.13224e+018
1.7 2.3738e+018
1.8 2.62142e+018
1.9 2.87412e+018
2 3.1311e+018
2.1 3.39173e+018
2.2 3.65546e+018
2.3 3.92185e+018
2.4 4.19054e+018
2.5 4.46122e+018
2.6 4.73364e+018
2.7 5.00757e+018
2.8 5.28284e+018
2.9 5.55928e+018
3 5.83676e+018
