Conduction Band Energy vs Depth
108 2 2
Depth
Conduction Band Energy
0 3.5235
0.0200769 3.5235
0.0346253 3.5235
0.0451677 3.5235
0.0528071 3.5235
0.0583429 3.5235
0.0623543 3.5235
0.0652611 3.5235
0.0673675 3.5235
0.0688939 3.5235
0.07 0.149558
0.07 0.149558
0.0709987 0.149522
0.0719247 0.149423
0.0727833 0.149275
0.0735795 0.149088
0.0743178 0.148869
0.0750024 0.148626
0.0756372 0.148365
0.0762258 0.148091
0.0767715 0.147808
0.0772776 0.14752
0.0777469 0.147229
0.078182 0.146939
0.0785855 0.146651
0.0789596 0.146367
0.0793065 0.146089
0.0796282 0.145818
0.0799264 0.145555
0.080203 0.145301
0.0804595 0.145056
0.0806973 0.14482
0.0809178 0.144595
0.0811222 0.144379
0.0813118 0.144174
0.0814876 0.143979
0.0816506 0.143793
0.0818017 0.143617
0.0819419 0.143451
0.0820719 0.143294
0.0821924 0.143146
0.0823041 0.143006
0.0824077 0.142875
0.0825038 0.142752
0.0825929 0.142636
0.0826755 0.142527
0.0827521 0.142425
0.0828231 0.14233
0.0828889 0.14224
0.08295 0.142157
0.08295 0.142157
0.0830125 0.142053
0.083075 0.14193
0.0831375 0.141788
0.0832 0.141627
0.0832 0.141627
0.0832595 3.51747
0.0833253 3.51957
0.0833982 3.5219
0.0834789 3.52448
0.0835683 3.52734
0.0836672 3.5305
0.0837767 3.534
0.083898 3.53788
0.0840323 3.54217
0.0841809 3.54692
0.0843455 3.55218
0.0845277 3.55801
0.0847294 3.56445
0.0849527 3.57159
0.0852 4.4795
0.0852 4.4795
0.0854427 4.48306
0.0856984 4.48682
0.0859678 4.49078
0.0862516 4.49495
0.0865506 4.49935
0.0868656 4.50398
0.0871976 4.50886
0.0875473 4.514
0.0879157 4.51942
0.0883039 4.52512
0.0887128 4.53114
0.0891437 4.53747
0.0895977 4.54414
0.0900759 4.55117
0.0905798 4.55858
0.0911107 4.56639
0.0916701 4.57461
0.0922594 4.58327
0.0928802 4.5924
0.0935344 4.60201
0.0942235 4.61214
0.0949496 4.62282
0.0957146 4.63406
0.0965206 4.64591
0.0973697 4.65839
0.0982644 4.67155
0.0992069 4.6854
0.1002 4.7
0.1002 0
0.101255 0
0.102979 0
0.105793 0
0.110391 0
0.117901 0
0.130166 0
0.1502 0
