Conduction Band Energy vs Depth
108 2 2
Depth
Conduction Band Energy
0 3.14897
0.0200769 3.14897
0.0346253 3.14897
0.0451677 3.14897
0.0528071 3.14897
0.0583429 3.14897
0.0623543 3.14897
0.0652611 3.14897
0.0673675 3.14897
0.0688939 3.14897
0.07 -0.224966
0.07 -0.224966
0.0709987 -0.225707
0.0719247 -0.227747
0.0727833 -0.23087
0.0735795 -0.234919
0.0743178 -0.239776
0.0750024 -0.245351
0.0756372 -0.251578
0.0762258 -0.258403
0.0767715 -0.265784
0.0772776 -0.273688
0.0777469 -0.282086
0.078182 -0.290957
0.0785855 -0.300279
0.0789596 -0.310036
0.0793065 -0.320209
0.0796282 -0.330784
0.0799264 -0.341745
0.080203 -0.353078
0.0804595 -0.364768
0.0806973 -0.376797
0.0809178 -0.389147
0.0811222 -0.401794
0.0813118 -0.414712
0.0814876 -0.427868
0.0816506 -0.441224
0.0818017 -0.454739
0.0819419 -0.468369
0.0820719 -0.482064
0.0821924 -0.495776
0.0823041 -0.509454
0.0824077 -0.52305
0.0825038 -0.536514
0.0825929 -0.549802
0.0826755 -0.56287
0.0827521 -0.57568
0.0828231 -0.588196
0.0828889 -0.600388
0.08295 -0.612227
0.08295 -0.612227
0.0830125 -0.624929
0.083075 -0.638257
0.0831375 -0.652247
0.0832 -0.66694
0.0832 -0.66694
0.0832595 2.69425
0.0833253 2.68014
0.0833982 2.66452
0.0834789 2.64722
0.0835683 2.62807
0.0836672 2.60687
0.0837767 2.5834
0.083898 2.55741
0.0840323 2.52864
0.0841809 2.49678
0.0843455 2.46151
0.0845277 2.42247
0.0847294 2.37923
0.0849527 2.33137
0.0852 3.17838
0.0852 3.17838
0.0854427 3.15446
0.0856984 3.12926
0.0859678 3.10271
0.0862516 3.07474
0.0865506 3.04527
0.0868656 3.01422
0.0871976 2.9815
0.0875473 2.94704
0.0879157 2.91072
0.0883039 2.87247
0.0887128 2.83216
0.0891437 2.78969
0.0895977 2.74495
0.0900759 2.69781
0.0905798 2.64815
0.0911107 2.59583
0.0916701 2.5407
0.0922594 2.48262
0.0928802 2.42143
0.0935344 2.35696
0.0942235 2.28903
0.0949496 2.21747
0.0957146 2.14207
0.0965206 2.06264
0.0973697 1.97895
0.0982644 1.89077
0.0992069 1.79787
0.1002 1.7
0.1002 0
0.101255 0
0.102979 0
0.105793 0
0.110391 0
0.117901 0
0.130166 0
0.1502 0
