Conduction Band Energy vs Depth
108 2 2
Depth
Conduction Band Energy
0 3.4501
0.0200769 3.4501
0.0346253 3.4501
0.0451677 3.4501
0.0528071 3.4501
0.0583429 3.4501
0.0623543 3.4501
0.0652611 3.4501
0.0673675 3.4501
0.0688939 3.4501
0.07 0.0761581
0.07 0.0761581
0.0709987 0.0760807
0.0719247 0.0758696
0.0727833 0.0755515
0.0735795 0.075148
0.0743178 0.0746767
0.0750024 0.0741525
0.0756372 0.0735879
0.0762258 0.0729934
0.0767715 0.072378
0.0772776 0.0717494
0.0777469 0.0711143
0.078182 0.0704782
0.0785855 0.0698459
0.0789596 0.0692214
0.0793065 0.0686081
0.0796282 0.0680088
0.0799264 0.0674257
0.080203 0.0668605
0.0804595 0.0663147
0.0806973 0.0657893
0.0809178 0.065285
0.0811222 0.0648021
0.0813118 0.064341
0.0814876 0.0639016
0.0816506 0.0634838
0.0818017 0.0630871
0.0819419 0.0627113
0.0820719 0.0623558
0.0821924 0.0620199
0.0823041 0.0617031
0.0824077 0.0614046
0.0825038 0.0611237
0.0825929 0.0608596
0.0826755 0.0606116
0.0827521 0.0603789
0.0828231 0.0601608
0.0828889 0.0599565
0.08295 0.0597652
0.08295 0.0597652
0.0830125 0.0595494
0.083075 0.0593133
0.0831375 0.0590568
0.0832 0.05878
0.0832 0.05878
0.0832595 3.43451
0.0833253 3.43648
0.0833982 3.43867
0.0834789 3.4411
0.0835683 3.44378
0.0836672 3.44675
0.0837767 3.45004
0.083898 3.45369
0.0840323 3.45772
0.0841809 3.46218
0.0843455 3.46713
0.0845277 3.4726
0.0847294 3.47866
0.0849527 3.48537
0.0852 4.39279
0.0852 4.39279
0.0854427 4.39615
0.0856984 4.39968
0.0859678 4.4034
0.0862516 4.40732
0.0865506 4.41145
0.0868656 4.4158
0.0871976 4.42039
0.0875473 4.42522
0.0879157 4.43031
0.0883039 4.43567
0.0887128 4.44132
0.0891437 4.44727
0.0895977 4.45354
0.0900759 4.46015
0.0905798 4.46711
0.0911107 4.47444
0.0916701 4.48217
0.0922594 4.49031
0.0928802 4.49889
0.0935344 4.50792
0.0942235 4.51744
0.0949496 4.52747
0.0957146 4.53804
0.0965206 4.54917
0.0973697 4.5609
0.0982644 4.57326
0.0992069 4.58628
0.1002 4.6
0.1002 0
0.101255 0
0.102979 0
0.105793 0
0.110391 0
0.117901 0
0.130166 0
0.1502 0
