Probe chan_n vs gate bias
76 2 2
gate bias
Probe chan_n
-3 1.52969e-023
-2.8 9.90562e-022
-2.6 6.2643e-019
-2.4 4.08081e-016
-2.2 2.33626e-013
-2 1.11228e-010
-1.8 7.19642e-008
-1.6 4.61204e-005
-1.4 0.0240963
-1.2 15.6892
-1 10229.8
-0.95 51685.7
-0.9 261049
-0.85 1.31726e+006
-0.8 6.63302e+006
-0.75 3.32718e+007
-0.7 1.65944e+008
-0.65 8.22306e+008
-0.6 4.05379e+009
-0.55 1.99448e+010
-0.5 9.82239e+010
-0.45 4.83865e+011
-0.4 2.36677e+012
-0.35 1.13257e+013
-0.3 5.18256e+013
-0.25 2.18087e+014
-0.2 7.88731e+014
-0.15 2.28715e+015
-0.1 5.25351e+015
-0.05 9.9594e+015
-8.36062e-016 1.63849e+016
0.05 2.43249e+016
0.1 3.34851e+016
0.15 4.35508e+016
0.2 5.42309e+016
0.25 6.52803e+016
0.3 7.65059e+016
0.35 8.77608e+016
0.4 9.89342e+016
0.45 1.09942e+017
0.5 1.20725e+017
0.55 1.31243e+017
0.6 1.41474e+017
0.65 1.5141e+017
0.7 1.6105e+017
0.75 1.70402e+017
0.8 1.79481e+017
0.85 1.88309e+017
0.9 1.9691e+017
0.95 2.05309e+017
1 2.13532e+017
1.05 2.21602e+017
1.1 2.29543e+017
1.15 2.37372e+017
1.2 2.45104e+017
1.25 2.5275e+017
1.3 2.60318e+017
1.35 2.67812e+017
1.4 2.75235e+017
1.45 2.8259e+017
1.5 2.89877e+017
1.6 3.0425e+017
1.7 3.18356e+017
1.8 3.32201e+017
1.9 3.45791e+017
2 3.59133e+017
2.1 3.72237e+017
2.2 3.85112e+017
2.3 3.97768e+017
2.4 4.10215e+017
2.5 4.22463e+017
2.6 4.34521e+017
2.7 4.46398e+017
2.8 4.58103e+017
2.9 4.69642e+017
3 4.81024e+017
