Probe chan_mob vs gate bias
76 2 2
gate bias
Probe chan_mob
-3 45.1965
-2.8 45.1965
-2.6 45.1965
-2.4 45.1965
-2.2 45.1965
-2 45.1965
-1.8 45.1965
-1.6 45.1965
-1.4 45.1965
-1.2 45.1965
-1 45.1965
-0.95 45.1965
-0.9 45.1965
-0.85 45.1965
-0.8 45.1965
-0.75 45.1965
-0.7 45.1965
-0.65 45.1965
-0.6 45.1965
-0.55 45.1965
-0.5 45.1965
-0.45 45.1965
-0.4 45.1965
-0.35 45.1965
-0.3 45.1965
-0.25 45.1965
-0.2 45.1965
-0.15 45.1965
-0.1 45.1965
-0.05 45.1965
-8.36062e-016 45.1965
0.05 45.1965
0.1 45.1965
0.15 45.1965
0.2 45.1965
0.25 45.1965
0.3 45.1965
0.35 45.1965
0.4 45.1965
0.45 45.1965
0.5 45.1965
0.55 45.1965
0.6 45.1965
0.65 45.1965
0.7 45.1965
0.75 45.1965
0.8 45.1965
0.85 45.1965
0.9 45.1965
0.95 45.1965
1 45.1965
1.05 45.1965
1.1 45.1965
1.15 45.1965
1.2 45.1965
1.25 45.1965
1.3 45.1965
1.35 45.1965
1.4 45.1965
1.45 45.1965
1.5 45.1965
1.6 45.1965
1.7 45.1965
1.8 45.1965
1.9 45.1965
2 45.1965
2.1 45.1965
2.2 45.1965
2.3 45.1965
2.4 45.1965
2.5 45.1965
2.6 45.1965
2.7 45.1965
2.8 45.1965
2.9 45.1965
3 45.1965
