v ATLAS
# This file was created by ATLAS version 5.28.1.R on Fri Sep 25 05:39:23 2026.
#SSF 2.0 generic
##############################################################################
#                    Copyright (c) 1984 - 2019                               #
#                    Silvaco Inc. All rights reserved                        #
#                                                                            #
# This file format and the following Key are copyright Silvaco Inc.          #
# You may not use, this format or key without reproducing this message in    #
# full and obtaining express written permission from Silvaco Inc.            #
#                                                                            #
# To obtain such permission please contact: Silvaco Inc.                     #
#                                           support@silvaco.com              #
#                                                                            #
# KEY=SVC86hn7562asdx                       PROD=345                         #
##############################################################################
p 4 77 79 78 206
d  0.000000e+000 0.000000e+000 0.000000e+000 0.000000e+000
d  1.610503e-002 0.000000e+000 0.000000e+000 0.000000e+000
d  3.221005e-002 0.000000e+000 0.000000e+000 0.000000e+000
d  4.831508e-002 0.000000e+000 0.000000e+000 0.000000e+000
d  6.442010e-002 0.000000e+000 0.000000e+000 0.000000e+000
d  8.052513e-002 0.000000e+000 0.000000e+000 0.000000e+000
d  9.663016e-002 0.000000e+000 0.000000e+000 0.000000e+000
d  1.127352e-001 0.000000e+000 0.000000e+000 0.000000e+000
d  1.288402e-001 0.000000e+000 0.000000e+000 0.000000e+000
d  1.449452e-001 0.000000e+000 0.000000e+000 0.000000e+000
d  1.610503e-001 0.000000e+000 0.000000e+000 0.000000e+000
d  1.771553e-001 0.000000e+000 0.000000e+000 0.000000e+000
d  1.932603e-001 0.000000e+000 0.000000e+000 0.000000e+000
d  2.093653e-001 0.000000e+000 0.000000e+000 0.000000e+000
d  2.254704e-001 0.000000e+000 0.000000e+000 0.000000e+000
d  2.415754e-001 0.000000e+000 0.000000e+000 0.000000e+000
d  2.576804e-001 0.000000e+000 0.000000e+000 0.000000e+000
d  2.737854e-001 0.000000e+000 0.000000e+000 0.000000e+000
d  2.898905e-001 0.000000e+000 0.000000e+000 0.000000e+000
d  3.059955e-001 0.000000e+000 0.000000e+000 0.000000e+000
d  3.221005e-001 0.000000e+000 0.000000e+000 0.000000e+000
d  3.382055e-001 0.000000e+000 0.000000e+000 0.000000e+000
d  3.543106e-001 0.000000e+000 0.000000e+000 0.000000e+000
d  3.704156e-001 0.000000e+000 0.000000e+000 0.000000e+000
d  3.865206e-001 0.000000e+000 0.000000e+000 0.000000e+000
d  4.026257e-001 0.000000e+000 0.000000e+000 0.000000e+000
d  4.187307e-001 0.000000e+000 0.000000e+000 0.000000e+000
d  4.348357e-001 0.000000e+000 0.000000e+000 0.000000e+000
d  4.509407e-001 0.000000e+000 0.000000e+000 0.000000e+000
d  4.670458e-001 0.000000e+000 0.000000e+000 0.000000e+000
d  4.831508e-001 0.000000e+000 0.000000e+000 0.000000e+000
d  4.992558e-001 0.000000e+000 0.000000e+000 0.000000e+000
d  5.153608e-001 0.000000e+000 0.000000e+000 0.000000e+000
d  5.314659e-001 0.000000e+000 0.000000e+000 0.000000e+000
d  5.475709e-001 0.000000e+000 0.000000e+000 0.000000e+000
d  5.636759e-001 0.000000e+000 0.000000e+000 0.000000e+000
d  5.797809e-001 0.000000e+000 0.000000e+000 0.000000e+000
d  5.958860e-001 0.000000e+000 0.000000e+000 0.000000e+000
d  6.119910e-001 0.000000e+000 0.000000e+000 0.000000e+000
d  6.280960e-001 0.000000e+000 0.000000e+000 0.000000e+000
d  6.442010e-001 0.000000e+000 0.000000e+000 0.000000e+000
d  6.603061e-001 0.000000e+000 0.000000e+000 0.000000e+000
d  6.764111e-001 0.000000e+000 0.000000e+000 0.000000e+000
d  6.925161e-001 0.000000e+000 0.000000e+000 0.000000e+000
d  7.086212e-001 0.000000e+000 0.000000e+000 0.000000e+000
d  7.247262e-001 0.000000e+000 0.000000e+000 0.000000e+000
d  7.408312e-001 0.000000e+000 0.000000e+000 0.000000e+000
d  7.569362e-001 0.000000e+000 0.000000e+000 0.000000e+000
d  7.730413e-001 0.000000e+000 0.000000e+000 0.000000e+000
d  7.891463e-001 0.000000e+000 0.000000e+000 0.000000e+000
d  8.052513e-001 0.000000e+000 0.000000e+000 0.000000e+000
d  8.213563e-001 0.000000e+000 0.000000e+000 0.000000e+000
d  8.374614e-001 0.000000e+000 0.000000e+000 0.000000e+000
d  8.535664e-001 0.000000e+000 0.000000e+000 0.000000e+000
d  8.696714e-001 0.000000e+000 0.000000e+000 0.000000e+000
d  8.857764e-001 0.000000e+000 0.000000e+000 0.000000e+000
d  9.018815e-001 0.000000e+000 0.000000e+000 0.000000e+000
d  9.179865e-001 0.000000e+000 0.000000e+000 0.000000e+000
d  9.340915e-001 0.000000e+000 0.000000e+000 0.000000e+000
d  9.501965e-001 0.000000e+000 0.000000e+000 0.000000e+000
d  9.663016e-001 0.000000e+000 0.000000e+000 0.000000e+000
d  9.824066e-001 0.000000e+000 0.000000e+000 0.000000e+000
d  9.985116e-001 0.000000e+000 0.000000e+000 0.000000e+000
d  1.014617e+000 0.000000e+000 0.000000e+000 0.000000e+000
d  1.030722e+000 0.000000e+000 0.000000e+000 0.000000e+000
d  1.046827e+000 0.000000e+000 0.000000e+000 0.000000e+000
d  1.062932e+000 0.000000e+000 0.000000e+000 0.000000e+000
d  1.079037e+000 0.000000e+000 0.000000e+000 0.000000e+000
d  1.095142e+000 0.000000e+000 0.000000e+000 0.000000e+000
d  1.111247e+000 0.000000e+000 0.000000e+000 0.000000e+000
d  1.127352e+000 0.000000e+000 0.000000e+000 0.000000e+000
d  1.143457e+000 0.000000e+000 0.000000e+000 0.000000e+000
d  1.159562e+000 0.000000e+000 0.000000e+000 0.000000e+000
d  1.175667e+000 0.000000e+000 0.000000e+000 0.000000e+000
d  1.191772e+000 0.000000e+000 0.000000e+000 0.000000e+000
d  1.207877e+000 0.000000e+000 0.000000e+000 0.000000e+000
d  1.223982e+000 0.000000e+000 0.000000e+000 0.000000e+000
d  1.240087e+000 0.000000e+000 0.000000e+000 0.000000e+000
d  1.256192e+000 0.000000e+000 0.000000e+000 0.000000e+000
d  1.272297e+000 0.000000e+000 0.000000e+000 0.000000e+000
d  1.288402e+000 0.000000e+000 0.000000e+000 0.000000e+000
d  1.304507e+000 0.000000e+000 0.000000e+000 0.000000e+000
d  1.320612e+000 0.000000e+000 0.000000e+000 0.000000e+000
d  1.336717e+000 0.000000e+000 0.000000e+000 0.000000e+000
d  1.352822e+000 0.000000e+000 0.000000e+000 0.000000e+000
d  1.368927e+000 0.000000e+000 0.000000e+000 0.000000e+000
d  1.385032e+000 0.000000e+000 0.000000e+000 0.000000e+000
d  1.401137e+000 0.000000e+000 0.000000e+000 0.000000e+000
d  1.417242e+000 0.000000e+000 0.000000e+000 0.000000e+000
d  1.433347e+000 0.000000e+000 0.000000e+000 0.000000e+000
d  1.449452e+000 0.000000e+000 0.000000e+000 0.000000e+000
d  1.465557e+000 0.000000e+000 0.000000e+000 0.000000e+000
d  1.481662e+000 0.000000e+000 0.000000e+000 0.000000e+000
d  1.497767e+000 0.000000e+000 0.000000e+000 0.000000e+000
d  1.513872e+000 0.000000e+000 0.000000e+000 0.000000e+000
d  1.529977e+000 0.000000e+000 0.000000e+000 0.000000e+000
d  1.546083e+000 0.000000e+000 0.000000e+000 0.000000e+000
d  1.562188e+000 0.000000e+000 0.000000e+000 0.000000e+000
d  1.578293e+000 0.000000e+000 0.000000e+000 0.000000e+000
d  1.594398e+000 0.000000e+000 0.000000e+000 0.000000e+000
d  1.610503e+000 0.000000e+000 0.000000e+000 0.000000e+000
d  1.626608e+000 0.000000e+000 0.000000e+000 0.000000e+000
d  1.642713e+000 0.000000e+000 0.000000e+000 0.000000e+000
d  1.658818e+000 0.000000e+000 0.000000e+000 0.000000e+000
d  1.674923e+000 0.000000e+000 0.000000e+000 0.000000e+000
d  1.691028e+000 0.000000e+000 0.000000e+000 0.000000e+000
d  1.707133e+000 0.000000e+000 0.000000e+000 0.000000e+000
d  1.723238e+000 0.000000e+000 0.000000e+000 0.000000e+000
d  1.739343e+000 0.000000e+000 0.000000e+000 0.000000e+000
d  1.755448e+000 0.000000e+000 0.000000e+000 0.000000e+000
d  1.771553e+000 0.000000e+000 0.000000e+000 0.000000e+000
d  1.787658e+000 0.000000e+000 0.000000e+000 0.000000e+000
d  1.803763e+000 0.000000e+000 0.000000e+000 0.000000e+000
d  1.819868e+000 0.000000e+000 0.000000e+000 0.000000e+000
d  1.835973e+000 0.000000e+000 0.000000e+000 0.000000e+000
d  1.852078e+000 0.000000e+000 0.000000e+000 0.000000e+000
d  1.868183e+000 0.000000e+000 0.000000e+000 0.000000e+000
d  1.884288e+000 0.000000e+000 0.000000e+000 0.000000e+000
d  1.900393e+000 0.000000e+000 0.000000e+000 0.000000e+000
d  1.916498e+000 0.000000e+000 0.000000e+000 0.000000e+000
d  1.932603e+000 0.000000e+000 0.000000e+000 0.000000e+000
d  1.948708e+000 0.000000e+000 0.000000e+000 0.000000e+000
d  1.964813e+000 0.000000e+000 0.000000e+000 0.000000e+000
d  1.980918e+000 0.000000e+000 0.000000e+000 0.000000e+000
d  1.997023e+000 0.000000e+000 0.000000e+000 0.000000e+000
d  2.013128e+000 0.000000e+000 0.000000e+000 0.000000e+000
d  2.029233e+000 0.000000e+000 0.000000e+000 0.000000e+000
d  2.045338e+000 0.000000e+000 0.000000e+000 0.000000e+000
d  2.061443e+000 0.000000e+000 0.000000e+000 0.000000e+000
d  2.077548e+000 0.000000e+000 0.000000e+000 0.000000e+000
d  2.093653e+000 0.000000e+000 0.000000e+000 0.000000e+000
d  2.109758e+000 0.000000e+000 0.000000e+000 0.000000e+000
d  2.125863e+000 0.000000e+000 0.000000e+000 0.000000e+000
d  2.141968e+000 0.000000e+000 0.000000e+000 0.000000e+000
d  2.158074e+000 0.000000e+000 0.000000e+000 0.000000e+000
d  2.174179e+000 0.000000e+000 0.000000e+000 0.000000e+000
d  2.190284e+000 0.000000e+000 0.000000e+000 0.000000e+000
d  2.206389e+000 0.000000e+000 0.000000e+000 0.000000e+000
d  2.222494e+000 0.000000e+000 0.000000e+000 0.000000e+000
d  2.238599e+000 0.000000e+000 0.000000e+000 0.000000e+000
d  2.254704e+000 0.000000e+000 0.000000e+000 0.000000e+000
d  2.270809e+000 0.000000e+000 0.000000e+000 0.000000e+000
d  2.286914e+000 0.000000e+000 0.000000e+000 0.000000e+000
d  2.303019e+000 0.000000e+000 0.000000e+000 0.000000e+000
d  2.319124e+000 0.000000e+000 0.000000e+000 0.000000e+000
d  2.335229e+000 0.000000e+000 0.000000e+000 0.000000e+000
d  2.351334e+000 0.000000e+000 0.000000e+000 0.000000e+000
d  2.367439e+000 0.000000e+000 0.000000e+000 0.000000e+000
d  2.383544e+000 0.000000e+000 0.000000e+000 0.000000e+000
d  2.399649e+000 0.000000e+000 0.000000e+000 0.000000e+000
d  2.415754e+000 0.000000e+000 0.000000e+000 0.000000e+000
d  2.431859e+000 0.000000e+000 0.000000e+000 0.000000e+000
d  2.447964e+000 0.000000e+000 0.000000e+000 0.000000e+000
d  2.464069e+000 0.000000e+000 0.000000e+000 0.000000e+000
d  2.480174e+000 0.000000e+000 0.000000e+000 0.000000e+000
d  2.496279e+000 0.000000e+000 0.000000e+000 0.000000e+000
d  2.512384e+000 0.000000e+000 0.000000e+000 0.000000e+000
d  2.528489e+000 0.000000e+000 0.000000e+000 0.000000e+000
d  2.544594e+000 0.000000e+000 0.000000e+000 0.000000e+000
d  2.560699e+000 0.000000e+000 0.000000e+000 0.000000e+000
d  2.576804e+000 0.000000e+000 0.000000e+000 0.000000e+000
d  2.592909e+000 0.000000e+000 0.000000e+000 0.000000e+000
d  2.609014e+000 0.000000e+000 0.000000e+000 0.000000e+000
d  2.625119e+000 0.000000e+000 0.000000e+000 0.000000e+000
d  2.641224e+000 0.000000e+000 0.000000e+000 0.000000e+000
d  2.657329e+000 0.000000e+000 0.000000e+000 0.000000e+000
d  2.673434e+000 0.000000e+000 0.000000e+000 0.000000e+000
d  2.689539e+000 0.000000e+000 0.000000e+000 0.000000e+000
d  2.705644e+000 0.000000e+000 0.000000e+000 0.000000e+000
d  2.721749e+000 0.000000e+000 0.000000e+000 0.000000e+000
d  2.737854e+000 0.000000e+000 0.000000e+000 0.000000e+000
d  2.753959e+000 0.000000e+000 0.000000e+000 0.000000e+000
d  2.770065e+000 0.000000e+000 0.000000e+000 0.000000e+000
d  2.786170e+000 0.000000e+000 0.000000e+000 0.000000e+000
d  2.802275e+000 0.000000e+000 0.000000e+000 0.000000e+000
d  2.818380e+000 0.000000e+000 0.000000e+000 0.000000e+000
d  2.834485e+000 0.000000e+000 0.000000e+000 0.000000e+000
d  2.850590e+000 0.000000e+000 0.000000e+000 0.000000e+000
d  2.866695e+000 0.000000e+000 0.000000e+000 0.000000e+000
d  2.882800e+000 0.000000e+000 0.000000e+000 0.000000e+000
d  2.898905e+000 0.000000e+000 0.000000e+000 0.000000e+000
d  2.915010e+000 0.000000e+000 0.000000e+000 0.000000e+000
d  2.931115e+000 0.000000e+000 0.000000e+000 0.000000e+000
d  2.947220e+000 0.000000e+000 0.000000e+000 0.000000e+000
d  2.963325e+000 0.000000e+000 0.000000e+000 0.000000e+000
d  2.979430e+000 0.000000e+000 0.000000e+000 0.000000e+000
d  2.995535e+000 0.000000e+000 0.000000e+000 0.000000e+000
d  3.011640e+000 0.000000e+000 0.000000e+000 0.000000e+000
d  3.027745e+000 0.000000e+000 0.000000e+000 0.000000e+000
d  3.043850e+000 0.000000e+000 0.000000e+000 0.000000e+000
d  3.059955e+000 0.000000e+000 0.000000e+000 0.000000e+000
d  3.076060e+000 0.000000e+000 0.000000e+000 0.000000e+000
