drain current vs gate bias
76 2 2
gate bias
drain current
-3 1.21738e-019
-2.8 1.38776e-020
-2.6 5.62959e-021
-2.4 -4.82536e-021
-2.2 1.20597e-019
-2 1.16781e-019
-1.8 3.97401e-019
-1.6 -4.7311e-019
-1.4 3.35157e-019
-1.2 -6.1226e-019
-1 7.2305e-019
-0.95 9.43023e-020
-0.9 -7.97904e-019
-0.85 1.22688e-019
-0.8 -1.17159e-018
-0.75 -1.84614e-018
-0.7 5.32014e-018
-0.65 2.38287e-017
-0.6 1.16097e-016
-0.55 5.8316e-016
-0.5 2.87763e-015
-0.45 1.41482e-014
-0.4 6.9383e-014
-0.35 3.35126e-013
-0.3 1.56561e-012
-0.25 6.85714e-012
-0.2 2.67128e-011
-0.15 8.73178e-011
-0.1 2.34473e-010
-0.05 5.29069e-010
-8.36062e-016 1.04204e-009
0.05 1.85386e-009
0.1 3.05725e-009
0.15 4.76094e-009
0.2 7.09361e-009
0.25 1.02071e-008
0.3 1.42782e-008
0.35 1.95076e-008
0.4 2.61152e-008
0.45 3.43305e-008
0.5 4.4378e-008
0.55 5.64618e-008
0.6 7.07534e-008
0.65 8.73901e-008
0.7 1.06478e-007
0.75 1.28093e-007
0.8 1.52281e-007
0.85 1.79053e-007
0.9 2.08386e-007
0.95 2.40223e-007
1 2.7447e-007
1.05 3.10997e-007
1.1 3.49651e-007
1.15 3.90255e-007
1.2 4.32626e-007
1.25 4.76583e-007
1.3 5.21954e-007
1.35 5.68581e-007
1.4 6.16324e-007
1.45 6.65059e-007
1.5 7.1468e-007
1.6 8.16218e-007
1.7 9.20334e-007
1.8 1.02657e-006
1.9 1.13458e-006
2 1.2441e-006
2.1 1.3549e-006
2.2 1.46682e-006
2.3 1.57973e-006
2.4 1.6935e-006
2.5 1.80804e-006
2.6 1.92327e-006
2.7 2.03913e-006
2.8 2.15555e-006
2.9 2.27248e-006
3 2.38989e-006
