source current vs gate bias
76 2 2
gate bias
source current
-3 1.93763e-019
-2.8 -4.48946e-019
-2.6 -2.83986e-019
-2.4 1.85982e-019
-2.2 2.15907e-019
-2 2.03788e-019
-1.8 6.19382e-018
-1.6 3.44661e-017
-1.4 2.32363e-016
-1.2 -1.09764e-018
-1 9.50356e-019
-0.95 4.47336e-017
-0.9 3.27844e-018
-0.85 8.20489e-018
-0.8 1.77028e-017
-0.75 -1.51102e-018
-0.7 -5.17078e-018
-0.65 -2.344e-017
-0.6 -1.18163e-016
-0.55 -5.84469e-016
-0.5 -2.87477e-015
-0.45 -1.4149e-014
-0.4 -6.93852e-014
-0.35 -3.35126e-013
-0.3 -1.56561e-012
-0.25 -6.85714e-012
-0.2 -2.67128e-011
-0.15 -8.73178e-011
-0.1 -2.34473e-010
-0.05 -5.29069e-010
-8.36062e-016 -1.04204e-009
0.05 -1.85386e-009
0.1 -3.05725e-009
0.15 -4.76094e-009
0.2 -7.09361e-009
0.25 -1.02071e-008
0.3 -1.42782e-008
0.35 -1.95076e-008
0.4 -2.61152e-008
0.45 -3.43305e-008
0.5 -4.4378e-008
0.55 -5.64618e-008
0.6 -7.07534e-008
0.65 -8.73901e-008
0.7 -1.06478e-007
0.75 -1.28093e-007
0.8 -1.52281e-007
0.85 -1.79053e-007
0.9 -2.08386e-007
0.95 -2.40223e-007
1 -2.7447e-007
1.05 -3.10997e-007
1.1 -3.49651e-007
1.15 -3.90255e-007
1.2 -4.32626e-007
1.25 -4.76583e-007
1.3 -5.21954e-007
1.35 -5.68581e-007
1.4 -6.16324e-007
1.45 -6.65059e-007
1.5 -7.1468e-007
1.6 -8.16218e-007
1.7 -9.20334e-007
1.8 -1.02657e-006
1.9 -1.13458e-006
2 -1.2441e-006
2.1 -1.3549e-006
2.2 -1.46682e-006
2.3 -1.57973e-006
2.4 -1.6935e-006
2.5 -1.80804e-006
2.6 -1.92327e-006
2.7 -2.03913e-006
2.8 -2.15555e-006
2.9 -2.27248e-006
3 -2.38989e-006
