Electron Conc vs Depth
108 2 2
Depth
Electron Conc
0 0
0.0200769 0
0.0346253 0
0.0451677 0
0.0528071 0
0.0583429 0
0.0623543 0
0.0652611 0
0.0673675 0
0.0688939 0
0.07 0
0.07 2.49462e+016
0.0709987 2.49753e+016
0.0719247 2.50548e+016
0.0727833 2.5175e+016
0.0735795 2.5328e+016
0.0743178 2.55076e+016
0.0750024 2.57084e+016
0.0756372 2.59261e+016
0.0762258 2.61567e+016
0.0767715 2.6397e+016
0.0772776 2.66441e+016
0.0777469 2.68955e+016
0.078182 2.71491e+016
0.0785855 2.74028e+016
0.0789596 2.76551e+016
0.0793065 2.79045e+016
0.0796282 2.81498e+016
0.0799264 2.839e+016
0.080203 2.86241e+016
0.0804595 2.88516e+016
0.0806973 2.90718e+016
0.0809178 2.92843e+016
0.0811222 2.94888e+016
0.0813118 2.9685e+016
0.0814876 2.98728e+016
0.0816506 3.00522e+016
0.0818017 3.02232e+016
0.0819419 3.03859e+016
0.0820719 3.05404e+016
0.0821924 3.06868e+016
0.0823041 3.08254e+016
0.0824077 3.09564e+016
0.0825038 3.108e+016
0.0825929 3.11965e+016
0.0826755 3.13062e+016
0.0827521 3.14094e+016
0.0828231 3.15063e+016
0.0828889 3.15973e+016
0.08295 3.16827e+016
0.08295 3.16827e+016
0.0830125 3.17894e+016
0.083075 3.1916e+016
0.0831375 3.20627e+016
0.0832 3.22298e+016
0.0832 0
0.0832595 0
0.0833253 0
0.0833982 0
0.0834789 0
0.0835683 0
0.0836672 0
0.0837767 0
0.083898 0
0.0840323 0
0.0841809 0
0.0843455 0
0.0845277 0
0.0847294 0
0.0849527 0
0.0852 0
0.0852 0
0.0854427 0
0.0856984 0
0.0859678 0
0.0862516 0
0.0865506 0
0.0868656 0
0.0871976 0
0.0875473 0
0.0879157 0
0.0883039 0
0.0887128 0
0.0891437 0
0.0895977 0
0.0900759 0
0.0905798 0
0.0911107 0
0.0916701 0
0.0922594 0
0.0928802 0
0.0935344 0
0.0942235 0
0.0949496 0
0.0957146 0
0.0965206 0
0.0973697 0
0.0982644 0
0.0992069 0
0.1002 0
0.1002 0
0.101255 0
0.102979 0
0.105793 0
0.110391 0
0.117901 0
0.130166 0
0.1502 0
