Electron Conc vs Depth
108 2 2
Depth
Electron Conc
0 0
0.0200769 0
0.0346253 0
0.0451677 0
0.0528071 0
0.0583429 0
0.0623543 0
0.0652611 0
0.0673675 0
0.0688939 0
0.07 0
0.07 1.43481e+017
0.0709987 1.46913e+017
0.0719247 1.56781e+017
0.0727833 1.73161e+017
0.0735795 1.96913e+017
0.0743178 2.29636e+017
0.0750024 2.73765e+017
0.0756372 3.32784e+017
0.0762258 4.1154e+017
0.0767715 5.1668e+017
0.0772776 6.5719e+017
0.0777469 8.45023e+017
0.078182 1.09572e+018
0.0785855 1.42884e+018
0.0789596 1.86802e+018
0.0793065 2.44025e+018
0.0796282 3.17439e+018
0.0799264 4.0988e+018
0.080203 5.23889e+018
0.0804595 6.61494e+018
0.0806973 8.24094e+018
0.0809178 1.01244e+019
0.0811222 1.2267e+019
0.0813118 1.46651e+019
0.0814876 1.73113e+019
0.0816506 2.01944e+019
0.0818017 2.33006e+019
0.0819419 2.66136e+019
0.0820719 3.01149e+019
0.0821924 3.37844e+019
0.0823041 3.76007e+019
0.0824077 4.15412e+019
0.0825038 4.55828e+019
0.0825929 4.9702e+019
0.0826755 5.38757e+019
0.0827521 5.8081e+019
0.0828231 6.2296e+019
0.0828889 6.64999e+019
0.08295 7.06731e+019
0.08295 7.06731e+019
0.0830125 7.52472e+019
0.083075 8.0152e+019
0.0831375 8.54145e+019
0.0832 9.10639e+019
0.0832 0
0.0832595 0
0.0833253 0
0.0833982 0
0.0834789 0
0.0835683 0
0.0836672 0
0.0837767 0
0.083898 0
0.0840323 0
0.0841809 0
0.0843455 0
0.0845277 0
0.0847294 0
0.0849527 0
0.0852 0
0.0852 0
0.0854427 0
0.0856984 0
0.0859678 0
0.0862516 0
0.0865506 0
0.0868656 0
0.0871976 0
0.0875473 0
0.0879157 0
0.0883039 0
0.0887128 0
0.0891437 0
0.0895977 0
0.0900759 0
0.0905798 0
0.0911107 0
0.0916701 0
0.0922594 0
0.0928802 0
0.0935344 0
0.0942235 0
0.0949496 0
0.0957146 0
0.0965206 0
0.0973697 0
0.0982644 0
0.0992069 0
0.1002 0
0.1002 0
0.101255 0
0.102979 0
0.105793 0
0.110391 0
0.117901 0
0.130166 0
0.1502 0
