Electron Conc vs Depth
108 2 2
Depth
Electron Conc
0 0
0.0200769 0
0.0346253 0
0.0451677 0
0.0528071 0
0.0583429 0
0.0623543 0
0.0652611 0
0.0673675 0
0.0688939 0
0.07 0
0.07 2.98234e+016
0.0709987 2.9898e+016
0.0719247 3.01025e+016
0.0727833 3.04133e+016
0.0735795 3.08122e+016
0.0743178 3.12847e+016
0.0750024 3.18187e+016
0.0756372 3.24041e+016
0.0762258 3.3032e+016
0.0767715 3.36948e+016
0.0772776 3.43854e+016
0.0777469 3.50976e+016
0.078182 3.58256e+016
0.0785855 3.65641e+016
0.0789596 3.73084e+016
0.0793065 3.8054e+016
0.0796282 3.8797e+016
0.0799264 3.95338e+016
0.080203 4.02611e+016
0.0804595 4.09762e+016
0.0806973 4.16765e+016
0.0809178 4.23599e+016
0.0811222 4.30247e+016
0.0813118 4.36692e+016
0.0814876 4.42923e+016
0.0816506 4.4893e+016
0.0818017 4.54708e+016
0.0819419 4.6025e+016
0.0820719 4.65555e+016
0.0821924 4.70623e+016
0.0823041 4.75453e+016
0.0824077 4.8005e+016
0.0825038 4.84415e+016
0.0825929 4.88556e+016
0.0826755 4.92476e+016
0.0827521 4.96182e+016
0.0828231 4.99682e+016
0.0828889 5.02983e+016
0.08295 5.06092e+016
0.08295 5.06092e+016
0.0830125 5.09623e+016
0.083075 5.13515e+016
0.0831375 5.17775e+016
0.0832 5.22414e+016
0.0832 0
0.0832595 0
0.0833253 0
0.0833982 0
0.0834789 0
0.0835683 0
0.0836672 0
0.0837767 0
0.083898 0
0.0840323 0
0.0841809 0
0.0843455 0
0.0845277 0
0.0847294 0
0.0849527 0
0.0852 0
0.0852 0
0.0854427 0
0.0856984 0
0.0859678 0
0.0862516 0
0.0865506 0
0.0868656 0
0.0871976 0
0.0875473 0
0.0879157 0
0.0883039 0
0.0887128 0
0.0891437 0
0.0895977 0
0.0900759 0
0.0905798 0
0.0911107 0
0.0916701 0
0.0922594 0
0.0928802 0
0.0935344 0
0.0942235 0
0.0949496 0
0.0957146 0
0.0965206 0
0.0973697 0
0.0982644 0
0.0992069 0
0.1002 0
0.1002 0
0.101255 0
0.102979 0
0.105793 0
0.110391 0
0.117901 0
0.130166 0
0.1502 0
