Valence Band Energy vs Depth
108 2 2
Depth
Valence Band Energy
0 -5.4765
0.0200769 -5.4765
0.0346253 -5.4765
0.0451677 -5.4765
0.0528071 -5.4765
0.0583429 -5.4765
0.0623543 -5.4765
0.0652611 -5.4765
0.0673675 -5.4765
0.0688939 -5.4765
0.07 -2.9265
0.07 -2.9265
0.0709987 -2.92654
0.0719247 -2.92664
0.0727833 -2.92678
0.0735795 -2.92697
0.0743178 -2.92719
0.0750024 -2.92743
0.0756372 -2.92769
0.0762258 -2.92797
0.0767715 -2.92825
0.0772776 -2.92854
0.0777469 -2.92883
0.078182 -2.92912
0.0785855 -2.92941
0.0789596 -2.92969
0.0793065 -2.92997
0.0796282 -2.93024
0.0799264 -2.93051
0.080203 -2.93076
0.0804595 -2.931
0.0806973 -2.93124
0.0809178 -2.93147
0.0811222 -2.93168
0.0813118 -2.93189
0.0814876 -2.93208
0.0816506 -2.93227
0.0818017 -2.93244
0.0819419 -2.93261
0.0820719 -2.93277
0.0821924 -2.93291
0.0823041 -2.93305
0.0824077 -2.93318
0.0825038 -2.93331
0.0825929 -2.93342
0.0826755 -2.93353
0.0827521 -2.93363
0.0828231 -2.93373
0.0828889 -2.93382
0.08295 -2.9339
0.08295 -2.9339
0.0830125 -2.93401
0.083075 -2.93413
0.0831375 -2.93427
0.0832 -2.93443
0.0832 -2.93443
0.0832595 -5.48253
0.0833253 -5.48043
0.0833982 -5.4781
0.0834789 -5.47552
0.0835683 -5.47266
0.0836672 -5.4695
0.0837767 -5.466
0.083898 -5.46212
0.0840323 -5.45783
0.0841809 -5.45308
0.0843455 -5.44782
0.0845277 -5.44199
0.0847294 -5.43555
0.0849527 -5.42841
0.0852 -1.2205
0.0852 -1.2205
0.0854427 -1.21694
0.0856984 -1.21318
0.0859678 -1.20922
0.0862516 -1.20505
0.0865506 -1.20065
0.0868656 -1.19602
0.0871976 -1.19114
0.0875473 -1.186
0.0879157 -1.18058
0.0883039 -1.17488
0.0887128 -1.16886
0.0891437 -1.16253
0.0895977 -1.15586
0.0900759 -1.14883
0.0905798 -1.14142
0.0911107 -1.13361
0.0916701 -1.12539
0.0922594 -1.11673
0.0928802 -1.1076
0.0935344 -1.09799
0.0942235 -1.08786
0.0949496 -1.07718
0.0957146 -1.06594
0.0965206 -1.05409
0.0973697 -1.04161
0.0982644 -1.02845
0.0992069 -1.0146
0.1002 -1
0.1002 0
0.101255 0
0.102979 0
0.105793 0
0.110391 0
0.117901 0
0.130166 0
0.1502 0
