Valence Band Energy vs Depth
108 2 2
Depth
Valence Band Energy
0 -5.85103
0.0200769 -5.85103
0.0346253 -5.85103
0.0451677 -5.85103
0.0528071 -5.85103
0.0583429 -5.85103
0.0623543 -5.85103
0.0652611 -5.85103
0.0673675 -5.85103
0.0688939 -5.85103
0.07 -3.30103
0.07 -3.30103
0.0709987 -3.30177
0.0719247 -3.30381
0.0727833 -3.30693
0.0735795 -3.31098
0.0743178 -3.31584
0.0750024 -3.32141
0.0756372 -3.32764
0.0762258 -3.33446
0.0767715 -3.34184
0.0772776 -3.34975
0.0777469 -3.35815
0.078182 -3.36702
0.0785855 -3.37634
0.0789596 -3.3861
0.0793065 -3.39627
0.0796282 -3.40684
0.0799264 -3.41781
0.080203 -3.42914
0.0804595 -3.44083
0.0806973 -3.45286
0.0809178 -3.46521
0.0811222 -3.47785
0.0813118 -3.49077
0.0814876 -3.50393
0.0816506 -3.51728
0.0818017 -3.5308
0.0819419 -3.54443
0.0820719 -3.55812
0.0821924 -3.57184
0.0823041 -3.58551
0.0824077 -3.59911
0.0825038 -3.61257
0.0825929 -3.62586
0.0826755 -3.63893
0.0827521 -3.65174
0.0828231 -3.66426
0.0828889 -3.67645
0.08295 -3.68829
0.08295 -3.68829
0.0830125 -3.70099
0.083075 -3.71432
0.0831375 -3.72831
0.0832 -3.743
0.0832 -3.743
0.0832595 -6.30575
0.0833253 -6.31986
0.0833982 -6.33548
0.0834789 -6.35278
0.0835683 -6.37193
0.0836672 -6.39313
0.0837767 -6.4166
0.083898 -6.44259
0.0840323 -6.47136
0.0841809 -6.50322
0.0843455 -6.53849
0.0845277 -6.57753
0.0847294 -6.62077
0.0849527 -6.66863
0.0852 -2.52162
0.0852 -2.52162
0.0854427 -2.54554
0.0856984 -2.57074
0.0859678 -2.59729
0.0862516 -2.62526
0.0865506 -2.65473
0.0868656 -2.68578
0.0871976 -2.7185
0.0875473 -2.75296
0.0879157 -2.78928
0.0883039 -2.82753
0.0887128 -2.86784
0.0891437 -2.91031
0.0895977 -2.95505
0.0900759 -3.00219
0.0905798 -3.05185
0.0911107 -3.10417
0.0916701 -3.1593
0.0922594 -3.21738
0.0928802 -3.27857
0.0935344 -3.34304
0.0942235 -3.41097
0.0949496 -3.48253
0.0957146 -3.55793
0.0965206 -3.63736
0.0973697 -3.72105
0.0982644 -3.80923
0.0992069 -3.90213
0.1002 -4
0.1002 0
0.101255 0
0.102979 0
0.105793 0
0.110391 0
0.117901 0
0.130166 0
0.1502 0
