Valence Band Energy vs Depth
108 2 2
Depth
Valence Band Energy
0 -5.5499
0.0200769 -5.5499
0.0346253 -5.5499
0.0451677 -5.5499
0.0528071 -5.5499
0.0583429 -5.5499
0.0623543 -5.5499
0.0652611 -5.5499
0.0673675 -5.5499
0.0688939 -5.5499
0.07 -2.9999
0.07 -2.9999
0.0709987 -2.99998
0.0719247 -3.00019
0.0727833 -3.00051
0.0735795 -3.00091
0.0743178 -3.00138
0.0750024 -3.00191
0.0756372 -3.00247
0.0762258 -3.00307
0.0767715 -3.00368
0.0772776 -3.00431
0.0777469 -3.00495
0.078182 -3.00558
0.0785855 -3.00621
0.0789596 -3.00684
0.0793065 -3.00745
0.0796282 -3.00805
0.0799264 -3.00863
0.080203 -3.0092
0.0804595 -3.00975
0.0806973 -3.01027
0.0809178 -3.01078
0.0811222 -3.01126
0.0813118 -3.01172
0.0814876 -3.01216
0.0816506 -3.01258
0.0818017 -3.01297
0.0819419 -3.01335
0.0820719 -3.0137
0.0821924 -3.01404
0.0823041 -3.01436
0.0824077 -3.01466
0.0825038 -3.01494
0.0825929 -3.0152
0.0826755 -3.01545
0.0827521 -3.01568
0.0828231 -3.0159
0.0828889 -3.0161
0.08295 -3.01629
0.08295 -3.01629
0.0830125 -3.01651
0.083075 -3.01675
0.0831375 -3.017
0.0832 -3.01728
0.0832 -3.01728
0.0832595 -5.56549
0.0833253 -5.56352
0.0833982 -5.56133
0.0834789 -5.5589
0.0835683 -5.55622
0.0836672 -5.55325
0.0837767 -5.54996
0.083898 -5.54631
0.0840323 -5.54228
0.0841809 -5.53782
0.0843455 -5.53287
0.0845277 -5.5274
0.0847294 -5.52134
0.0849527 -5.51463
0.0852 -1.30721
0.0852 -1.30721
0.0854427 -1.30385
0.0856984 -1.30032
0.0859678 -1.2966
0.0862516 -1.29268
0.0865506 -1.28855
0.0868656 -1.2842
0.0871976 -1.27961
0.0875473 -1.27478
0.0879157 -1.26969
0.0883039 -1.26433
0.0887128 -1.25868
0.0891437 -1.25273
0.0895977 -1.24646
0.0900759 -1.23985
0.0905798 -1.23289
0.0911107 -1.22556
0.0916701 -1.21783
0.0922594 -1.20969
0.0928802 -1.20111
0.0935344 -1.19208
0.0942235 -1.18256
0.0949496 -1.17253
0.0957146 -1.16196
0.0965206 -1.15083
0.0973697 -1.1391
0.0982644 -1.12674
0.0992069 -1.11372
0.1002 -1.1
0.1002 0
0.101255 0
0.102979 0
0.105793 0
0.110391 0
0.117901 0
0.130166 0
0.1502 0
