Probe avg_n vs gate bias
76 2 2
gate bias
Probe avg_n
-3 7.76083e+012
-2.8 7.76143e+012
-2.6 7.76248e+012
-2.4 7.76432e+012
-2.2 7.76751e+012
-2 7.77305e+012
-1.8 7.78265e+012
-1.6 7.79934e+012
-1.4 7.82838e+012
-1.2 7.8791e+012
-1 7.96814e+012
-0.95 7.9995e+012
-0.9 8.0357e+012
-0.85 8.07753e+012
-0.8 8.1259e+012
-0.75 8.18189e+012
-0.7 8.24679e+012
-0.65 8.32211e+012
-0.6 8.40965e+012
-0.55 8.51156e+012
-0.5 8.63044e+012
-0.45 8.7694e+012
-0.4 8.93225e+012
-0.35 9.12366e+012
-0.3 9.34947e+012
-0.25 9.617e+012
-0.2 9.93562e+012
-0.15 1.03175e+013
-0.1 1.07797e+013
-0.05 1.1352e+013
-4.24783e-016 1.21223e+013
0.05 1.35066e+013
0.1 1.78504e+013
0.15 3.83792e+013
0.2 1.41749e+014
0.25 5.77477e+014
0.3 1.90204e+015
0.35 4.794e+015
0.4 9.77982e+015
0.45 1.7234e+016
0.5 2.74941e+016
0.55 4.09443e+016
0.6 5.80592e+016
0.65 7.94269e+016
0.7 1.0575e+017
0.75 1.37825e+017
0.8 1.76487e+017
0.85 2.22536e+017
0.9 2.76651e+017
0.95 3.39342e+017
1 4.1094e+017
1.05 4.91623e+017
1.1 5.81417e+017
1.15 6.80218e+017
1.2 7.87823e+017
1.25 9.03983e+017
1.3 1.02845e+018
1.35 1.16101e+018
1.4 1.30151e+018
1.45 1.44984e+018
1.5 1.60595e+018
1.6 1.94126e+018
1.7 2.30673e+018
1.8 2.7007e+018
1.9 3.12066e+018
2 3.56364e+018
2.1 4.02667e+018
2.2 4.50701e+018
2.3 5.00223e+018
2.4 5.51027e+018
2.5 6.02937e+018
2.6 6.55807e+018
2.7 7.09511e+018
2.8 7.63944e+018
2.9 8.19018e+018
3 8.74657e+018
