Conduction Band Energy vs Depth
92 2 2
Depth
Conduction Band Energy
0 3.05543
0.0199902 3.05543
0.0344313 3.05543
0.0448638 3.05543
0.0524003 3.05543
0.0578448 3.05543
0.061778 3.05543
0.0646194 3.05543
0.066672 3.05543
0.0681549 3.05543
0.0692261 3.05543
0.07 -0.272172
0.07 -0.272172
0.0707848 -0.274689
0.0714745 -0.281251
0.0720807 -0.290785
0.0726135 -0.302568
0.0730818 -0.316073
0.0734934 -0.330885
0.0738552 -0.346663
0.0741731 -0.363116
0.0744526 -0.37999
0.0746982 -0.397054
0.0749141 -0.414101
0.0751038 -0.430939
0.0752706 -0.447398
0.0754172 -0.463327
0.075546 -0.478603
0.0756592 -0.493128
0.0757587 -0.506829
0.0758462 -0.519658
0.0759231 -0.531592
0.0759906 -0.542626
0.07605 -0.55277
0.07605 -0.55277
0.0761125 -0.563943
0.076175 -0.575654
0.0762375 -0.587934
0.0763 -0.600817
0.0763 -0.600817
0.0763595 2.71391
0.0764253 2.69965
0.0764982 2.68386
0.0765789 2.66639
0.0766683 2.64704
0.0767672 2.62562
0.0768767 2.6019
0.076998 2.57564
0.0771323 2.54657
0.0772809 2.51438
0.0774455 2.47875
0.0776277 2.4393
0.0778294 2.39562
0.0780527 2.34726
0.0783 3.19372
0.0783 3.19372
0.0785427 3.16955
0.0787984 3.14409
0.0790678 3.11726
0.0793516 3.089
0.0796506 3.05922
0.0799656 3.02785
0.0802976 2.9948
0.0806473 2.95997
0.0810157 2.92328
0.0814039 2.88463
0.0818128 2.8439
0.0822437 2.801
0.0826977 2.75579
0.0831759 2.70816
0.0836798 2.65799
0.0842107 2.60512
0.0847701 2.54942
0.0853594 2.49074
0.0859802 2.42891
0.0866344 2.36377
0.0873235 2.29514
0.0880496 2.22284
0.0888146 2.14666
0.0896206 2.0664
0.0904697 1.98184
0.0913644 1.89275
0.0923069 1.79889
0.0933 1.7
0.0933 0
0.0943551 0
0.0960786 0
0.0988935 0
0.103491 0
0.111001 0
0.123266 0
0.1433 0
