Conduction Band Energy vs Depth
92 2 2
Depth
Conduction Band Energy
0 3.35329
0.0199902 3.35329
0.0344313 3.35329
0.0448638 3.35329
0.0524003 3.35329
0.0578448 3.35329
0.061778 3.35329
0.0646194 3.35329
0.066672 3.35329
0.0681549 3.35329
0.0692261 3.35329
0.07 0.0256893
0.07 0.0256893
0.0707848 0.0251183
0.0714745 0.0236587
0.0720807 0.0216055
0.0726135 0.0191718
0.0730818 0.0165141
0.0734934 0.0137486
0.0738552 0.0109615
0.0741731 0.00821635
0.0744526 0.00555926
0.0746982 0.00302243
0.0749141 0.000627333
0.0751038 -0.00161301
0.0752706 -0.0036922
0.0754172 -0.00560886
0.075546 -0.00736547
0.0756592 -0.00896725
0.0757587 -0.0104214
0.0758462 -0.0117365
0.0759231 -0.0129217
0.0759906 -0.0139867
0.07605 -0.0149411
0.07605 -0.0149411
0.0761125 -0.0159834
0.076175 -0.0170649
0.0762375 -0.0181859
0.0763 -0.0193471
0.0763 -0.0193471
0.0763595 3.3072
0.0764253 3.30602
0.0764982 3.30473
0.0765789 3.30329
0.0766683 3.3017
0.0767672 3.29994
0.0768767 3.298
0.076998 3.29584
0.0771323 3.29345
0.0772809 3.29081
0.0774455 3.28788
0.0776277 3.28464
0.0778294 3.28105
0.0780527 3.27708
0.0783 4.17268
0.0783 4.17268
0.0785427 4.1707
0.0787984 4.16861
0.0790678 4.1664
0.0793516 4.16408
0.0796506 4.16164
0.0799656 4.15906
0.0802976 4.15635
0.0806473 4.15349
0.0810157 4.15047
0.0814039 4.1473
0.0818128 4.14395
0.0822437 4.14043
0.0826977 4.13672
0.0831759 4.1328
0.0836798 4.12868
0.0842107 4.12434
0.0847701 4.11977
0.0853594 4.11495
0.0859802 4.10987
0.0866344 4.10452
0.0873235 4.09888
0.0880496 4.09294
0.0888146 4.08669
0.0896206 4.08009
0.0904697 4.07315
0.0913644 4.06583
0.0923069 4.05812
0.0933 4.05
0.0933 0
0.0943551 0
0.0960786 0
0.0988935 0
0.103491 0
0.111001 0
0.123266 0
0.1433 0
