Probe chan_n vs gate bias
76 2 2
gate bias
Probe chan_n
-3 5.61996e-034
-2.8 9.87364e-034
-2.6 8.37143e-033
-2.4 1.03483e-029
-2.2 2.36865e-026
-2 5.4243e-023
-1.8 1.18669e-019
-1.6 2.42534e-016
-1.4 5.54884e-013
-1.2 1.25161e-009
-1 1.7076e-006
-0.95 1.18089e-005
-0.9 8.16883e-005
-0.85 0.000565085
-0.8 0.00390901
-0.75 0.0270408
-0.7 0.187056
-0.65 1.29393
-0.6 8.95058
-0.55 61.9136
-0.5 428.231
-0.45 2961.01
-0.4 20458.6
-0.35 141136
-0.3 971178
-0.25 6.66151e+006
-0.2 4.55586e+007
-0.15 3.10989e+008
-0.1 2.11925e+009
-0.05 1.43652e+010
-4.24783e-016 9.59474e+010
0.05 6.23556e+011
0.1 3.90376e+012
0.15 2.3276e+013
0.2 1.26975e+014
0.25 5.74529e+014
0.3 1.94824e+015
0.35 4.92586e+015
0.4 9.92838e+015
0.45 1.70929e+016
0.5 2.6399e+016
0.55 3.77656e+016
0.6 5.11034e+016
0.65 6.63402e+016
0.7 8.34278e+016
0.75 1.02338e+017
0.8 1.23047e+017
0.85 1.45524e+017
0.9 1.69719e+017
0.95 1.95562e+017
1 2.22982e+017
1.05 2.51912e+017
1.1 2.82294e+017
1.15 3.14076e+017
1.2 3.47215e+017
1.25 3.81683e+017
1.3 4.1747e+017
1.35 4.54583e+017
1.4 4.93044e+017
1.45 5.32895e+017
1.5 5.74183e+017
1.6 6.61294e+017
1.7 7.54763e+017
1.8 8.54806e+017
1.9 9.61427e+017
2 1.07446e+018
2.1 1.19364e+018
2.2 1.31863e+018
2.3 1.4491e+018
2.4 1.58469e+018
2.5 1.72505e+018
2.6 1.86986e+018
2.7 2.01878e+018
2.8 2.17152e+018
2.9 2.32777e+018
3 2.48727e+018
