drain current vs gate bias
76 2 2
gate bias
drain current
-3 6.44921e-021
-2.8 -5.10324e-021
-2.6 -1.24997e-021
-2.4 -3.38757e-021
-2.2 6.80288e-021
-2 2.27907e-020
-1.8 -3.80018e-021
-1.6 -1.12202e-020
-1.4 8.05111e-021
-1.2 1.16807e-019
-1 2.89313e-020
-0.95 3.34527e-020
-0.9 -9.3257e-020
-0.85 9.25358e-020
-0.8 5.15937e-021
-0.75 -1.37944e-019
-0.7 3.46732e-020
-0.65 -2.59078e-020
-0.6 -1.7098e-019
-0.55 1.45017e-019
-0.5 -2.55638e-019
-0.45 -8.77629e-020
-0.4 3.52181e-019
-0.35 1.80608e-019
-0.3 5.8277e-020
-0.25 -3.18732e-019
-0.2 3.26534e-019
-0.15 4.49746e-019
-0.1 5.93108e-018
-0.05 3.97695e-017
-4.24783e-016 2.66335e-016
0.05 1.75218e-015
0.1 1.11649e-014
0.15 6.81849e-014
0.2 3.88031e-013
0.25 1.91838e-012
0.3 7.57208e-012
0.35 2.32769e-011
0.4 5.78348e-011
0.45 1.2238e-010
0.5 2.30303e-010
0.55 3.97649e-010
0.6 6.43807e-010
0.65 9.92337e-010
0.7 1.47176e-009
0.75 2.11615e-009
0.8 2.9651e-009
0.85 4.06314e-009
0.9 5.45808e-009
0.95 7.19885e-009
1 9.33251e-009
1.05 1.19017e-008
1.1 1.49435e-008
1.15 1.8489e-008
1.2 2.25633e-008
1.25 2.71856e-008
1.3 3.23679e-008
1.35 3.81152e-008
1.4 4.44246e-008
1.45 5.12853e-008
1.5 5.86785e-008
1.6 7.49545e-008
1.7 9.2996e-008
1.8 1.12523e-007
1.9 1.33278e-007
2 1.55046e-007
2.1 1.77655e-007
2.2 2.00968e-007
2.3 2.24877e-007
2.4 2.49296e-007
2.5 2.74155e-007
2.6 2.99399e-007
2.7 3.2498e-007
2.8 3.5086e-007
2.9 3.77006e-007
3 4.03392e-007
