source current vs gate bias
76 2 2
gate bias
source current
-3 -1.08371e-020
-2.8 -7.65584e-021
-2.6 -2.34737e-021
-2.4 -1.08492e-020
-2.2 -1.99093e-020
-2 -1.28291e-020
-1.8 6.92493e-020
-1.6 7.37845e-020
-1.4 2.85263e-019
-1.2 2.36205e-018
-1 2.01838e-017
-0.95 5.75852e-020
-0.9 1.93615e-019
-0.85 -1.2793e-019
-0.8 -8.87633e-021
-0.75 1.6399e-019
-0.7 1.76417e-019
-0.65 4.01654e-020
-0.6 8.15735e-019
-0.55 1.39847e-018
-0.5 2.11567e-018
-0.45 4.13792e-018
-0.4 7.29967e-018
-0.35 1.25923e-017
-0.3 2.13028e-017
-0.25 3.58788e-017
-0.2 -3.15168e-019
-0.15 -8.32606e-019
-0.1 -5.83914e-018
-0.05 -3.9659e-017
-4.24783e-016 -2.66583e-016
0.05 -1.75196e-015
0.1 -1.11647e-014
0.15 -6.8185e-014
0.2 -3.88031e-013
0.25 -1.91838e-012
0.3 -7.57208e-012
0.35 -2.32769e-011
0.4 -5.78348e-011
0.45 -1.2238e-010
0.5 -2.30303e-010
0.55 -3.97649e-010
0.6 -6.43807e-010
0.65 -9.92337e-010
0.7 -1.47176e-009
0.75 -2.11615e-009
0.8 -2.9651e-009
0.85 -4.06314e-009
0.9 -5.45808e-009
0.95 -7.19885e-009
1 -9.33251e-009
1.05 -1.19017e-008
1.1 -1.49435e-008
1.15 -1.8489e-008
1.2 -2.25633e-008
1.25 -2.71856e-008
1.3 -3.23679e-008
1.35 -3.81152e-008
1.4 -4.44246e-008
1.45 -5.12853e-008
1.5 -5.86785e-008
1.6 -7.49545e-008
1.7 -9.2996e-008
1.8 -1.12523e-007
1.9 -1.33278e-007
2 -1.55046e-007
2.1 -1.77655e-007
2.2 -2.00968e-007
2.3 -2.24877e-007
2.4 -2.49296e-007
2.5 -2.74155e-007
2.6 -2.99399e-007
2.7 -3.2498e-007
2.8 -3.5086e-007
2.9 -3.77006e-007
3 -4.03392e-007
