Electron Conc vs Depth
92 2 2
Depth
Electron Conc
0 0
0.0199902 0
0.0344313 0
0.0448638 0
0.0524003 0
0.0578448 0
0.061778 0
0.0646194 0
0.066672 0
0.0681549 0
0.0692261 0
0.07 0
0.07 4.58336e+016
0.0707848 4.68505e+016
0.0714745 4.95533e+016
0.0720807 5.36191e+016
0.0726135 5.88692e+016
0.0730818 6.51861e+016
0.0734934 7.24729e+016
0.0738552 8.06317e+016
0.0741731 8.95539e+016
0.0744526 9.91166e+016
0.0746982 1.09184e+017
0.0749141 1.1961e+017
0.0751038 1.30246e+017
0.0752706 1.40945e+017
0.0754172 1.51568e+017
0.075546 1.61991e+017
0.0756592 1.72104e+017
0.0757587 1.81818e+017
0.0758462 1.91062e+017
0.0759231 1.99784e+017
0.0759906 2.07951e+017
0.07605 2.15545e+017
0.07605 2.15545e+017
0.0761125 2.24146e+017
0.076175 2.33422e+017
0.0762375 2.43429e+017
0.0763 2.54232e+017
0.0763 0
0.0763595 0
0.0764253 0
0.0764982 0
0.0765789 0
0.0766683 0
0.0767672 0
0.0768767 0
0.076998 0
0.0771323 0
0.0772809 0
0.0774455 0
0.0776277 0
0.0778294 0
0.0780527 0
0.0783 0
0.0783 0
0.0785427 0
0.0787984 0
0.0790678 0
0.0793516 0
0.0796506 0
0.0799656 0
0.0802976 0
0.0806473 0
0.0810157 0
0.0814039 0
0.0818128 0
0.0822437 0
0.0826977 0
0.0831759 0
0.0836798 0
0.0842107 0
0.0847701 0
0.0853594 0
0.0859802 0
0.0866344 0
0.0873235 0
0.0880496 0
0.0888146 0
0.0896206 0
0.0904697 0
0.0913644 0
0.0923069 0
0.0933 0
0.0933 0
0.0943551 0
0.0960786 0
0.0988935 0
0.103491 0
0.111001 0
0.123266 0
0.1433 0
