Valence Band Energy vs Depth
92 2 2
Depth
Valence Band Energy
0 -5.25062
0.0199902 -5.25062
0.0344313 -5.25062
0.0448638 -5.25062
0.0524003 -5.25062
0.0578448 -5.25062
0.061778 -5.25062
0.0646194 -5.25062
0.066672 -5.25062
0.0681549 -5.25062
0.0692261 -5.25062
0.07 -2.70062
0.07 -2.70062
0.0707848 -2.70048
0.0714745 -2.70012
0.0720807 -2.69961
0.0726135 -2.69903
0.0730818 -2.69841
0.0734934 -2.69778
0.0738552 -2.69716
0.0741731 -2.69656
0.0744526 -2.696
0.0746982 -2.69548
0.0749141 -2.695
0.0751038 -2.69455
0.0752706 -2.69415
0.0754172 -2.69378
0.075546 -2.69346
0.0756592 -2.69316
0.0757587 -2.6929
0.0758462 -2.69266
0.0759231 -2.69245
0.0759906 -2.69226
0.07605 -2.69209
0.07605 -2.69209
0.0761125 -2.69192
0.076175 -2.69174
0.0762375 -2.69157
0.0763 -2.69139
0.0763 -2.69139
0.0763595 -5.24111
0.0764253 -5.24081
0.0764982 -5.24047
0.0765789 -5.24009
0.0766683 -5.23968
0.0767672 -5.23922
0.0768767 -5.23871
0.076998 -5.23814
0.0771323 -5.23752
0.0772809 -5.23683
0.0774455 -5.23606
0.0776277 -5.23522
0.0778294 -5.23428
0.0780527 -5.23324
0.0783 -1.03209
0.0783 -1.03209
0.0785427 -1.03157
0.0787984 -1.03102
0.0790678 -1.03045
0.0793516 -1.02984
0.0796506 -1.0292
0.0799656 -1.02853
0.0802976 -1.02782
0.0806473 -1.02707
0.0810157 -1.02628
0.0814039 -1.02545
0.0818128 -1.02457
0.0822437 -1.02365
0.0826977 -1.02268
0.0831759 -1.02166
0.0836798 -1.02058
0.0842107 -1.01944
0.0847701 -1.01825
0.0853594 -1.01699
0.0859802 -1.01566
0.0866344 -1.01426
0.0873235 -1.01278
0.0880496 -1.01123
0.0888146 -1.0096
0.0896206 -1.00787
0.0904697 -1.00605
0.0913644 -1.00414
0.0923069 -1.00212
0.0933 -1
0.0933 0
0.0943551 0
0.0960786 0
0.0988935 0
0.103491 0
0.111001 0
0.123266 0
0.1433 0
