Valence Band Energy vs Depth
92 2 2
Depth
Valence Band Energy
0 -5.94457
0.0199902 -5.94457
0.0344313 -5.94457
0.0448638 -5.94457
0.0524003 -5.94457
0.0578448 -5.94457
0.061778 -5.94457
0.0646194 -5.94457
0.066672 -5.94457
0.0681549 -5.94457
0.0692261 -5.94457
0.07 -3.39457
0.07 -3.39457
0.0707848 -3.39709
0.0714745 -3.40365
0.0720807 -3.41319
0.0726135 -3.42497
0.0730818 -3.43847
0.0734934 -3.45329
0.0738552 -3.46906
0.0741731 -3.48552
0.0744526 -3.50239
0.0746982 -3.51945
0.0749141 -3.5365
0.0751038 -3.55334
0.0752706 -3.5698
0.0754172 -3.58573
0.075546 -3.601
0.0756592 -3.61553
0.0757587 -3.62923
0.0758462 -3.64206
0.0759231 -3.65399
0.0759906 -3.66503
0.07605 -3.67517
0.07605 -3.67517
0.0761125 -3.68634
0.076175 -3.69805
0.0762375 -3.71033
0.0763 -3.72322
0.0763 -3.72322
0.0763595 -6.28609
0.0764253 -6.30035
0.0764982 -6.31614
0.0765789 -6.33361
0.0766683 -6.35296
0.0767672 -6.37438
0.0768767 -6.3981
0.076998 -6.42436
0.0771323 -6.45343
0.0772809 -6.48562
0.0774455 -6.52125
0.0776277 -6.5607
0.0778294 -6.60438
0.0780527 -6.65274
0.0783 -2.50628
0.0783 -2.50628
0.0785427 -2.53045
0.0787984 -2.55591
0.0790678 -2.58274
0.0793516 -2.611
0.0796506 -2.64078
0.0799656 -2.67215
0.0802976 -2.7052
0.0806473 -2.74003
0.0810157 -2.77672
0.0814039 -2.81537
0.0818128 -2.8561
0.0822437 -2.899
0.0826977 -2.94421
0.0831759 -2.99184
0.0836798 -3.04201
0.0842107 -3.09488
0.0847701 -3.15058
0.0853594 -3.20926
0.0859802 -3.27109
0.0866344 -3.33623
0.0873235 -3.40486
0.0880496 -3.47716
0.0888146 -3.55334
0.0896206 -3.6336
0.0904697 -3.71816
0.0913644 -3.80725
0.0923069 -3.90111
0.0933 -4
0.0933 0
0.0943551 0
0.0960786 0
0.0988935 0
0.103491 0
0.111001 0
0.123266 0
0.1433 0
