Valence Band Energy vs Depth
92 2 2
Depth
Valence Band Energy
0 -5.64671
0.0199902 -5.64671
0.0344313 -5.64671
0.0448638 -5.64671
0.0524003 -5.64671
0.0578448 -5.64671
0.061778 -5.64671
0.0646194 -5.64671
0.066672 -5.64671
0.0681549 -5.64671
0.0692261 -5.64671
0.07 -3.09671
0.07 -3.09671
0.0707848 -3.09728
0.0714745 -3.09874
0.0720807 -3.10079
0.0726135 -3.10323
0.0730818 -3.10589
0.0734934 -3.10865
0.0738552 -3.11144
0.0741731 -3.11418
0.0744526 -3.11684
0.0746982 -3.11938
0.0749141 -3.12177
0.0751038 -3.12401
0.0752706 -3.12609
0.0754172 -3.12801
0.075546 -3.12977
0.0756592 -3.13137
0.0757587 -3.13282
0.0758462 -3.13414
0.0759231 -3.13532
0.0759906 -3.13639
0.07605 -3.13734
0.07605 -3.13734
0.0761125 -3.13838
0.076175 -3.13946
0.0762375 -3.14059
0.0763 -3.14175
0.0763 -3.14175
0.0763595 -5.6928
0.0764253 -5.69398
0.0764982 -5.69527
0.0765789 -5.69671
0.0766683 -5.6983
0.0767672 -5.70006
0.0768767 -5.702
0.076998 -5.70416
0.0771323 -5.70655
0.0772809 -5.70919
0.0774455 -5.71212
0.0776277 -5.71536
0.0778294 -5.71895
0.0780527 -5.72292
0.0783 -1.52732
0.0783 -1.52732
0.0785427 -1.5293
0.0787984 -1.53139
0.0790678 -1.5336
0.0793516 -1.53592
0.0796506 -1.53836
0.0799656 -1.54094
0.0802976 -1.54365
0.0806473 -1.54651
0.0810157 -1.54953
0.0814039 -1.5527
0.0818128 -1.55605
0.0822437 -1.55957
0.0826977 -1.56328
0.0831759 -1.5672
0.0836798 -1.57132
0.0842107 -1.57566
0.0847701 -1.58023
0.0853594 -1.58505
0.0859802 -1.59013
0.0866344 -1.59548
0.0873235 -1.60112
0.0880496 -1.60706
0.0888146 -1.61331
0.0896206 -1.61991
0.0904697 -1.62685
0.0913644 -1.63417
0.0923069 -1.64188
0.0933 -1.65
0.0933 0
0.0943551 0
0.0960786 0
0.0988935 0
0.103491 0
0.111001 0
0.123266 0
0.1433 0
