Probe avg_n vs gate bias
76 2 2
gate bias
Probe avg_n
-3 1.75002e+014
-2.8 1.773e+014
-2.6 1.80077e+014
-2.4 1.83441e+014
-2.2 1.87531e+014
-2 1.92527e+014
-1.8 1.98661e+014
-1.6 2.06244e+014
-1.4 2.15695e+014
-1.2 2.27599e+014
-1 2.42794e+014
-0.95 2.47242e+014
-0.9 2.51995e+014
-0.85 2.57082e+014
-0.8 2.62534e+014
-0.75 2.68386e+014
-0.7 2.74678e+014
-0.65 2.81455e+014
-0.6 2.88767e+014
-0.55 2.96673e+014
-0.5 3.05237e+014
-0.45 3.14537e+014
-0.4 3.24657e+014
-0.35 3.35697e+014
-0.3 3.47769e+014
-0.25 3.61005e+014
-0.2 3.75553e+014
-0.15 3.91586e+014
-0.1 4.09305e+014
-0.05 4.28943e+014
-4.24783e-016 4.50812e+014
0.05 4.75522e+014
0.1 5.05337e+014
0.15 5.52137e+014
0.2 6.80856e+014
0.25 1.19429e+015
0.3 3.04512e+015
0.35 7.91059e+015
0.4 1.74614e+016
0.45 3.2897e+016
0.5 5.51078e+016
0.55 8.49291e+016
0.6 1.23304e+017
0.65 1.71375e+017
0.7 2.30541e+017
0.75 3.0249e+017
0.8 3.89216e+017
0.85 4.92991e+017
0.9 6.16325e+017
0.95 7.61882e+017
1 9.32377e+017
1.05 1.13044e+018
1.1 1.35847e+018
1.15 1.61845e+018
1.2 1.91184e+018
1.25 2.23956e+018
1.3 2.60204e+018
1.35 2.99928e+018
1.4 3.43097e+018
1.45 3.89663e+018
1.5 4.39562e+018
1.6 5.49083e+018
1.7 6.71065e+018
1.8 8.04809e+018
1.9 9.49449e+018
2 1.10393e+019
2.1 1.26706e+019
2.2 1.43762e+019
2.3 1.61446e+019
2.4 1.79654e+019
2.5 1.98294e+019
2.6 2.17292e+019
2.7 2.36584e+019
2.8 2.5612e+019
2.9 2.75858e+019
3 2.95763e+019
