Conduction Band Energy vs Depth
168 2 2
Depth
Conduction Band Energy
0 3.48216
0.0199741 3.48216
0.0200101 3.48216
0.0343285 3.48216
0.0343543 3.48216
0.0446183 3.48216
0.0446368 3.48216
0.0519946 3.48216
0.0520079 3.48216
0.0572822 3.48216
0.0572917 3.48216
0.0610726 3.48216
0.0610795 3.48216
0.0637898 3.48216
0.0637947 3.48216
0.0657376 3.48216
0.0657411 3.48216
0.0671338 3.48216
0.0671363 3.48216
0.0681347 3.48216
0.0681365 3.48216
0.0688522 3.48216
0.0688535 3.48216
0.0693665 3.48216
0.0693675 3.48216
0.0697352 3.48216
0.0697359 3.48216
0.0699995 0.44096
0.07 0.435474
0.07 0.435474
0.0702477 0.435488
0.0702481 0.435488
0.0704682 0.435524
0.0704686 0.435524
0.0706643 0.435575
0.0706647 0.435575
0.0708386 0.435636
0.0708389 0.435636
0.0709935 0.435701
0.0709938 0.435701
0.0711313 0.435769
0.0711315 0.435769
0.0712537 0.435836
0.0712539 0.435836
0.0713625 0.435902
0.0713627 0.435902
0.0714592 0.435964
0.0714594 0.435965
0.0715452 0.436024
0.0715453 0.436024
0.0716216 0.43608
0.0716217 0.43608
0.0716895 0.436132
0.0716896 0.436132
0.0717499 0.436179
0.07175 0.43618
0.07175 0.43618
0.0718124 0.436229
0.0718125 0.436229
0.0718749 0.436279
0.071875 0.436279
0.0719374 0.436329
0.0719375 0.436329
0.0719999 0.43638
0.072 0.43638
0.072 0.43638
0.0720594 3.4797
0.0720595 3.48519
0.0721252 3.48753
0.0721253 3.48753
0.0721981 3.49012
0.0721982 3.49013
0.0722788 3.493
0.0722789 3.493
0.0723681 3.49618
0.0723683 3.49619
0.072467 3.4997
0.0724672 3.49971
0.0725765 3.5036
0.0725767 3.50361
0.0726978 3.50792
0.072698 3.50793
0.072832 3.5127
0.0728323 3.51271
0.0729806 3.518
0.0729809 3.51801
0.0731452 3.52386
0.0731455 3.52387
0.0733273 3.53035
0.0733277 3.53036
0.073529 3.53753
0.0735294 3.53754
0.0737523 3.54548
0.0737527 3.5455
0.0739996 4.45267
0.074 4.4543
0.074 4.4543
0.0742423 4.45827
0.0742427 4.45828
0.0744979 4.46246
0.0744984 4.46247
0.0747673 4.46687
0.0747678 4.46688
0.0750511 4.47152
0.0750516 4.47153
0.0753501 4.47642
0.0753506 4.47643
0.0756651 4.48158
0.0756656 4.48159
0.075997 4.48701
0.0759976 4.48702
0.0763466 4.49274
0.0763473 4.49275
0.076715 4.49878
0.0767157 4.49879
0.0771032 4.50513
0.0771039 4.50514
0.0775121 4.51183
0.0775128 4.51184
0.0779429 4.51889
0.0779437 4.5189
0.0783968 4.52632
0.0783977 4.52634
0.0788751 4.53416
0.0788759 4.53417
0.0793789 4.54241
0.0793798 4.54242
0.0799098 4.5511
0.0799107 4.55112
0.0804691 4.56027
0.0804701 4.56028
0.0810583 4.56992
0.0810594 4.56993
0.0816791 4.58009
0.0816802 4.5801
0.0823332 4.5908
0.0823344 4.59082
0.0830223 4.60209
0.0830235 4.60211
0.0837483 4.61398
0.0837496 4.614
0.0845132 4.62651
0.0845146 4.62653
0.0853191 4.63971
0.0853206 4.63973
0.0861682 4.65362
0.0861697 4.65364
0.0870628 4.66827
0.0870644 4.66829
0.0880052 4.68371
0.0880069 4.68373
0.0889982 4.69997
0.089 4.7
0.089 0
0.0900532 0
0.0900551 0
0.0917755 0
0.0917786 0
0.0945884 0
0.0945935 0
0.0991829 0
0.0991911 0
0.106687 0
0.106701 0
0.118944 0
0.118966 0
0.138964 0
0.139 0
