Conduction Band Energy vs Depth
168 2 2
Depth
Conduction Band Energy
0 2.64797
0.0199741 2.64797
0.0200101 2.64797
0.0343285 2.64797
0.0343543 2.64797
0.0446183 2.64798
0.0446368 2.64798
0.0519946 2.64798
0.0520079 2.64798
0.0572822 2.64798
0.0572917 2.64798
0.0610726 2.64798
0.0610795 2.64798
0.0637898 2.64798
0.0637947 2.64798
0.0657376 2.64798
0.0657411 2.64798
0.0671338 2.64798
0.0671363 2.64798
0.0681347 2.64798
0.0681365 2.64798
0.0688522 2.64798
0.0688535 2.64798
0.0693665 2.64798
0.0693675 2.64798
0.0697352 2.64798
0.0697359 2.64798
0.0699995 -0.393227
0.07 -0.398714
0.07 -0.398714
0.0702477 -0.400921
0.0702481 -0.400925
0.0704682 -0.406654
0.0704686 -0.406665
0.0706643 -0.414863
0.0706647 -0.414878
0.0708386 -0.42477
0.0708389 -0.424788
0.0709935 -0.435787
0.0709938 -0.435807
0.0711313 -0.447462
0.0711315 -0.447483
0.0712537 -0.459447
0.0712539 -0.459468
0.0713625 -0.471469
0.0713627 -0.471491
0.0714592 -0.483319
0.0714594 -0.483341
0.0715452 -0.49484
0.0715453 -0.49486
0.0716216 -0.505912
0.0716217 -0.505932
0.0716895 -0.516452
0.0716896 -0.516471
0.0717499 -0.526405
0.07175 -0.526424
0.07175 -0.526424
0.0718124 -0.537336
0.0718125 -0.537356
0.0718749 -0.548941
0.071875 -0.548962
0.0719374 -0.561258
0.0719375 -0.56128
0.0719999 -0.574328
0.072 -0.574352
0.072 -0.574352
0.0720594 2.45569
0.0720595 2.46116
0.0721252 2.44881
0.0721253 2.44879
0.0721981 2.43511
0.0721982 2.43509
0.0722788 2.41995
0.0722789 2.41992
0.0723681 2.40315
0.0723683 2.40312
0.072467 2.38457
0.0724672 2.38453
0.0725765 2.36398
0.0725767 2.36395
0.0726978 2.3412
0.072698 2.34116
0.072832 2.31597
0.0728323 2.31592
0.0729806 2.28804
0.0729809 2.28799
0.0731452 2.25712
0.0731455 2.25706
0.0733273 2.22288
0.0733277 2.22282
0.073529 2.18497
0.0735294 2.1849
0.0737523 2.14301
0.0737527 2.14293
0.0739996 2.99492
0.074 2.99646
0.074 2.99646
0.0742423 2.97552
0.0742427 2.97548
0.0744979 2.95343
0.0744984 2.95339
0.0747673 2.93014
0.0747678 2.9301
0.0750511 2.90562
0.0750516 2.90557
0.0753501 2.87977
0.0753506 2.87973
0.0756651 2.85255
0.0756656 2.8525
0.075997 2.82386
0.0759976 2.82381
0.0763466 2.79364
0.0763473 2.79358
0.076715 2.7618
0.0767157 2.76174
0.0771032 2.72825
0.0771039 2.72819
0.0775121 2.69291
0.0775128 2.69284
0.0779429 2.65567
0.0779437 2.6556
0.0783968 2.61644
0.0783977 2.61637
0.0788751 2.5751
0.0788759 2.57503
0.0793789 2.53156
0.0793798 2.53148
0.0799098 2.48567
0.0799107 2.48559
0.0804691 2.43734
0.0804701 2.43725
0.0810583 2.38641
0.0810594 2.38631
0.0816791 2.33275
0.0816802 2.33265
0.0823332 2.27622
0.0823344 2.27612
0.0830223 2.21666
0.0830235 2.21655
0.0837483 2.15391
0.0837496 2.15379
0.0845132 2.08779
0.0845146 2.08767
0.0853191 2.01814
0.0853206 2.01801
0.0861682 1.94476
0.0861697 1.94462
0.0870628 1.86744
0.0870644 1.8673
0.0880052 1.78598
0.0880069 1.78583
0.0889982 1.70016
0.089 1.7
0.089 0
0.0900532 0
0.0900551 0
0.0917755 0
0.0917786 0
0.0945884 0
0.0945935 0
0.0991829 0
0.0991911 0
0.106687 0
0.106701 0
0.118944 0
0.118966 0
0.138964 0
0.139 0
