Conduction Band Energy vs Depth
168 2 2
Depth
Conduction Band Energy
0 3.03555
0.0199741 3.03555
0.0200101 3.03555
0.0343285 3.03555
0.0343543 3.03555
0.0446183 3.03555
0.0446368 3.03555
0.0519946 3.03556
0.0520079 3.03556
0.0572822 3.03556
0.0572917 3.03556
0.0610726 3.03556
0.0610795 3.03556
0.0637898 3.03556
0.0637947 3.03556
0.0657376 3.03556
0.0657411 3.03556
0.0671338 3.03556
0.0671363 3.03556
0.0681347 3.03556
0.0681365 3.03556
0.0688522 3.03556
0.0688535 3.03556
0.0693665 3.03556
0.0693675 3.03556
0.0697352 3.03556
0.0697359 3.03556
0.0699995 -0.00564734
0.07 -0.0111342
0.07 -0.0111342
0.0702477 -0.0114385
0.0702481 -0.0114391
0.0704682 -0.0122238
0.0704686 -0.0122252
0.0706643 -0.0133357
0.0706647 -0.0133377
0.0708386 -0.0146586
0.0708389 -0.0146611
0.0709935 -0.0161062
0.0709938 -0.0161088
0.0711313 -0.0176138
0.0711315 -0.0176166
0.0712537 -0.0191339
0.0712539 -0.0191367
0.0713625 -0.0206316
0.0713627 -0.0206343
0.0714592 -0.0220821
0.0714594 -0.0220848
0.0715452 -0.0234685
0.0715453 -0.023471
0.0716216 -0.0247794
0.0716217 -0.0247819
0.0716895 -0.0260085
0.0716896 -0.0260108
0.0717499 -0.0271526
0.07175 -0.0271547
0.07175 -0.0271547
0.0718124 -0.0284078
0.0718125 -0.0284102
0.0718749 -0.0297368
0.071875 -0.0297393
0.0719374 -0.0311409
0.0719375 -0.0311435
0.0719999 -0.0326214
0.072 -0.0326241
0.072 -0.0326241
0.0720594 3.00915
0.0720595 3.01464
0.0721252 3.01528
0.0721253 3.01528
0.0721981 3.01598
0.0721982 3.01598
0.0722788 3.01676
0.0722789 3.01676
0.0723681 3.01762
0.0723683 3.01762
0.072467 3.01858
0.0724672 3.01858
0.0725765 3.01963
0.0725767 3.01964
0.0726978 3.0208
0.072698 3.02081
0.072832 3.0221
0.0728323 3.0221
0.0729806 3.02354
0.0729809 3.02354
0.0731452 3.02513
0.0731455 3.02513
0.0733273 3.02688
0.0733277 3.02689
0.073529 3.02883
0.0735294 3.02884
0.0737523 3.03099
0.0737527 3.03099
0.0739996 3.93176
0.074 3.93338
0.074 3.93338
0.0742423 3.93446
0.0742427 3.93446
0.0744979 3.93559
0.0744984 3.93559
0.0747673 3.93679
0.0747678 3.93679
0.0750511 3.93805
0.0750516 3.93805
0.0753501 3.93938
0.0753506 3.93938
0.0756651 3.94078
0.0756656 3.94078
0.075997 3.94225
0.0759976 3.94225
0.0763466 3.9438
0.0763473 3.94381
0.076715 3.94544
0.0767157 3.94544
0.0771032 3.94716
0.0771039 3.94717
0.0775121 3.94898
0.0775128 3.94898
0.0779429 3.95089
0.0779437 3.9509
0.0783968 3.95291
0.0783977 3.95291
0.0788751 3.95503
0.0788759 3.95504
0.0793789 3.95727
0.0793798 3.95727
0.0799098 3.95963
0.0799107 3.95963
0.0804691 3.96211
0.0804701 3.96212
0.0810583 3.96473
0.0810594 3.96473
0.0816791 3.96749
0.0816802 3.96749
0.0823332 3.97039
0.0823344 3.9704
0.0830223 3.97345
0.0830235 3.97346
0.0837483 3.97668
0.0837496 3.97668
0.0845132 3.98007
0.0845146 3.98008
0.0853191 3.98365
0.0853206 3.98366
0.0861682 3.98742
0.0861697 3.98743
0.0870628 3.9914
0.0870644 3.9914
0.0880052 3.99558
0.0880069 3.99559
0.0889982 3.99999
0.089 4
0.089 0
0.0900532 0
0.0900551 0
0.0917755 0
0.0917786 0
0.0945884 0
0.0945935 0
0.0991829 0
0.0991911 0
0.106687 0
0.106701 0
0.118944 0
0.118966 0
0.138964 0
0.139 0
