Probe chan_n vs gate bias
76 2 2
gate bias
Probe chan_n
-3 1.19895e-038
-2.8 1.56229e-036
-2.6 3.5012e-033
-2.4 8.01787e-030
-2.2 1.83361e-026
-2 3.55674e-023
-1.8 7.84583e-020
-1.6 1.79671e-016
-1.4 4.10996e-013
-1.2 5.93393e-010
-1 1.31503e-006
-0.95 9.09684e-006
-0.9 6.29284e-005
-0.85 0.000435314
-0.8 0.00301133
-0.75 0.0208312
-0.7 0.144102
-0.65 0.996832
-0.6 6.89564
-0.55 47.7007
-0.5 329.964
-0.45 2282.35
-0.4 15784.6
-0.35 109129
-0.3 754051
-0.25 5.20612e+006
-0.2 3.59121e+007
-0.15 2.47463e+008
-0.1 1.70133e+009
-0.05 1.16203e+010
-4.24783e-016 7.81489e+010
0.05 5.11731e+011
0.1 3.24044e+012
0.15 1.98168e+013
0.2 1.15395e+014
0.25 5.99443e+014
0.3 2.46765e+015
0.35 7.50496e+015
0.4 1.74837e+016
0.45 3.36258e+016
0.5 5.677e+016
0.55 8.76466e+016
0.6 1.27043e+017
0.65 1.75898e+017
0.7 2.3536e+017
0.75 3.06822e+017
0.8 3.91944e+017
0.85 4.92654e+017
0.9 6.1113e+017
0.95 7.49754e+017
1 9.11051e+017
1.05 1.0976e+018
1.1 1.31188e+018
1.15 1.55616e+018
1.2 1.83232e+018
1.25 2.14177e+018
1.3 2.48541e+018
1.35 2.86369e+018
1.4 3.2766e+018
1.45 3.72378e+018
1.5 4.20458e+018
1.6 5.26351e+018
1.7 6.445e+018
1.8 7.73922e+018
1.9 9.13533e+018
2 1.06218e+019
2.1 1.21867e+019
2.2 1.38187e+019
2.3 1.55073e+019
2.4 1.72429e+019
2.5 1.90174e+019
2.6 2.08239e+019
2.7 2.26567e+019
2.8 2.45111e+019
2.9 2.6383e+019
3 2.82694e+019
