drain current vs gate bias
76 2 2
gate bias
drain current
-3 3.02373e-020
-2.8 3.02373e-020
-2.6 -9.07119e-020
-2.4 1.05831e-019
-2.2 1.10114e-053
-2 -1.51187e-019
-1.8 -1.51187e-019
-1.6 -1.51187e-019
-1.4 -3.02373e-020
-1.2 -2.11661e-019
-1 6.04746e-019
-0.95 3.02373e-019
-0.9 -2.41898e-019
-0.85 -2.41898e-019
-0.8 2.36915e-031
-0.75 4.23322e-019
-0.7 6.65221e-019
-0.65 1.20949e-019
-0.6 3.02373e-019
-0.55 6.04746e-019
-0.5 2.59323e-026
-0.45 -6.04744e-020
-0.4 -4.83796e-019
-0.35 3.62856e-019
-0.3 -6.04687e-019
-0.25 2.42308e-019
-0.2 7.28519e-019
-0.15 -2.22432e-019
-0.1 2.55294e-018
-0.05 1.3738e-017
-4.24783e-016 8.92416e-017
0.05 5.93645e-016
0.1 3.81955e-015
0.15 2.37861e-014
0.2 1.41935e-013
0.25 7.76818e-013
0.3 3.56727e-012
0.35 1.28052e-011
0.4 3.61014e-011
0.45 8.39037e-011
0.5 1.68976e-010
0.55 3.06346e-010
0.6 5.13624e-010
0.65 8.11523e-010
0.7 1.2245e-009
0.75 1.7814e-009
0.8 2.51604e-009
0.85 3.46748e-009
0.9 4.67996e-009
0.95 6.20218e-009
1 8.08604e-009
1.05 1.03849e-008
1.1 1.31519e-008
1.15 1.64384e-008
1.2 2.02928e-008
1.25 2.47592e-008
1.3 2.98763e-008
1.35 3.56759e-008
1.4 4.21822e-008
1.45 4.94106e-008
1.5 5.73676e-008
1.6 7.54462e-008
1.7 9.62884e-008
1.8 1.19648e-007
1.9 1.45209e-007
2 1.72631e-007
2.1 2.01592e-007
2.2 2.31807e-007
2.3 2.63037e-007
2.4 2.95089e-007
2.5 3.2781e-007
2.6 3.61078e-007
2.7 3.94798e-007
2.8 4.28898e-007
2.9 4.63316e-007
3 4.98007e-007
