source current vs gate bias
76 2 2
gate bias
source current
-3 4.81907e-019
-2.8 8.30581e-019
-2.6 -3.43949e-019
-2.4 1.38147e-018
-2.2 2.94814e-019
-2 9.36412e-019
-1.8 1.15658e-018
-1.6 4.99294e-018
-1.4 1.33913e-017
-1.2 3.16093e-017
-1 8.33926e-017
-0.95 -1.00917e-018
-0.9 6.17975e-019
-0.85 1.41926e-018
-0.8 -2.00322e-019
-0.75 1.57612e-018
-0.7 -1.13201e-018
-0.65 1.37958e-019
-0.6 -1.53076e-018
-0.55 -2.51348e-019
-0.5 7.93729e-019
-0.45 1.14902e-018
-0.4 -4.98917e-019
-0.35 -8.08857e-019
-0.3 3.89246e-019
-0.25 1.74957e-018
-0.2 1.5695e-018
-0.15 5.61968e-018
-0.1 9.15165e-018
-0.05 -1.42044e-017
-4.24783e-016 -8.91249e-017
0.05 -5.95411e-016
0.1 -3.81661e-015
0.15 -2.3787e-014
0.2 -1.41933e-013
0.25 -7.76815e-013
0.3 -3.56727e-012
0.35 -1.28052e-011
0.4 -3.61014e-011
0.45 -8.39037e-011
0.5 -1.68976e-010
0.55 -3.06346e-010
0.6 -5.13624e-010
0.65 -8.11523e-010
0.7 -1.2245e-009
0.75 -1.7814e-009
0.8 -2.51604e-009
0.85 -3.46748e-009
0.9 -4.67996e-009
0.95 -6.20218e-009
1 -8.08604e-009
1.05 -1.03849e-008
1.1 -1.31519e-008
1.15 -1.64384e-008
1.2 -2.02928e-008
1.25 -2.47592e-008
1.3 -2.98763e-008
1.35 -3.56759e-008
1.4 -4.21822e-008
1.45 -4.94106e-008
1.5 -5.73676e-008
1.6 -7.54462e-008
1.7 -9.62884e-008
1.8 -1.19648e-007
1.9 -1.45209e-007
2 -1.72631e-007
2.1 -2.01592e-007
2.2 -2.31807e-007
2.3 -2.63037e-007
2.4 -2.95089e-007
2.5 -3.2781e-007
2.6 -3.61078e-007
2.7 -3.94798e-007
2.8 -4.28898e-007
2.9 -4.63316e-007
3 -4.98007e-007
