Electron Conc vs Depth
168 2 2
Depth
Electron Conc
0 0
0.0199741 0
0.0200101 0
0.0343285 0
0.0343543 0
0.0446183 0
0.0446368 0
0.0519946 0
0.0520079 0
0.0572822 0
0.0572917 0
0.0610726 0
0.0610795 0
0.0637898 0
0.0637947 0
0.0657376 0
0.0657411 0
0.0671338 0
0.0671363 0
0.0681347 0
0.0681365 0
0.0688522 0
0.0688535 0
0.0693665 0
0.0693675 0
0.0697352 0
0.0697359 0
0.0699995 0
0.07 0
0.07 1.58313e+011
0.0702477 1.58226e+011
0.0702481 1.58226e+011
0.0704682 1.58003e+011
0.0704686 1.58003e+011
0.0706643 1.57691e+011
0.0706647 1.5769e+011
0.0708386 1.57323e+011
0.0708389 1.57322e+011
0.0709935 1.56925e+011
0.0709938 1.56925e+011
0.0711313 1.56516e+011
0.0711315 1.56516e+011
0.0712537 1.5611e+011
0.0712539 1.56109e+011
0.0713625 1.55714e+011
0.0713627 1.55713e+011
0.0714592 1.55335e+011
0.0714594 1.55335e+011
0.0715452 1.54978e+011
0.0715453 1.54977e+011
0.0716216 1.54644e+011
0.0716217 1.54643e+011
0.0716895 1.54334e+011
0.0716896 1.54334e+011
0.0717499 1.54049e+011
0.07175 1.54048e+011
0.07175 1.54048e+011
0.0718124 1.53753e+011
0.0718125 1.53752e+011
0.0718749 1.53456e+011
0.071875 1.53455e+011
0.0719374 1.53159e+011
0.0719375 1.53158e+011
0.0719999 1.52861e+011
0.072 1.5286e+011
0.072 0
0.0720594 0
0.0720595 0
0.0721252 0
0.0721253 0
0.0721981 0
0.0721982 0
0.0722788 0
0.0722789 0
0.0723681 0
0.0723683 0
0.072467 0
0.0724672 0
0.0725765 0
0.0725767 0
0.0726978 0
0.072698 0
0.072832 0
0.0728323 0
0.0729806 0
0.0729809 0
0.0731452 0
0.0731455 0
0.0733273 0
0.0733277 0
0.073529 0
0.0735294 0
0.0737523 0
0.0737527 0
0.0739996 0
0.074 0
0.074 0
0.0742423 0
0.0742427 0
0.0744979 0
0.0744984 0
0.0747673 0
0.0747678 0
0.0750511 0
0.0750516 0
0.0753501 0
0.0753506 0
0.0756651 0
0.0756656 0
0.075997 0
0.0759976 0
0.0763466 0
0.0763473 0
0.076715 0
0.0767157 0
0.0771032 0
0.0771039 0
0.0775121 0
0.0775128 0
0.0779429 0
0.0779437 0
0.0783968 0
0.0783977 0
0.0788751 0
0.0788759 0
0.0793789 0
0.0793798 0
0.0799098 0
0.0799107 0
0.0804691 0
0.0804701 0
0.0810583 0
0.0810594 0
0.0816791 0
0.0816802 0
0.0823332 0
0.0823344 0
0.0830223 0
0.0830235 0
0.0837483 0
0.0837496 0
0.0845132 0
0.0845146 0
0.0853191 0
0.0853206 0
0.0861682 0
0.0861697 0
0.0870628 0
0.0870644 0
0.0880052 0
0.0880069 0
0.0889982 0
0.089 0
0.089 0
0.0900532 0
0.0900551 0
0.0917755 0
0.0917786 0
0.0945884 0
0.0945935 0
0.0991829 0
0.0991911 0
0.106687 0
0.106701 0
0.118944 0
0.118966 0
0.138964 0
0.139 0
