Electron Conc vs Depth
168 2 2
Depth
Electron Conc
0 0
0.0199741 0
0.0200101 0
0.0343285 0
0.0343543 0
0.0446183 0
0.0446368 0
0.0519946 0
0.0520079 0
0.0572822 0
0.0572917 0
0.0610726 0
0.0610795 0
0.0637898 0
0.0637947 0
0.0657376 0
0.0657411 0
0.0671338 0
0.0671363 0
0.0681347 0
0.0681365 0
0.0688522 0
0.0688535 0
0.0693665 0
0.0693675 0
0.0697352 0
0.0697359 0
0.0699995 0
0.07 0
0.07 1.76073e+019
0.0702477 1.81739e+019
0.0702481 1.8175e+019
0.0704682 1.96824e+019
0.0704686 1.96853e+019
0.0706643 2.19311e+019
0.0706647 2.19354e+019
0.0708386 2.47781e+019
0.0708389 2.47835e+019
0.0709935 2.81063e+019
0.0709938 2.81127e+019
0.0711313 3.18103e+019
0.0711315 3.18174e+019
0.0712537 3.57917e+019
0.0712539 3.57993e+019
0.0713625 3.99594e+019
0.0713627 3.99673e+019
0.0714592 4.42304e+019
0.0714594 4.42384e+019
0.0715452 4.85309e+019
0.0715453 4.8539e+019
0.0716216 5.27973e+019
0.0716217 5.28053e+019
0.0716895 5.69761e+019
0.0716896 5.69839e+019
0.0717499 6.10242e+019
0.07175 6.10317e+019
0.07175 6.10317e+019
0.0718124 6.55806e+019
0.0718125 6.55891e+019
0.0718749 7.05423e+019
0.071875 7.05515e+019
0.0719374 7.59444e+019
0.0719375 7.59545e+019
0.0719999 8.18259e+019
0.072 8.18369e+019
0.072 0
0.0720594 0
0.0720595 0
0.0721252 0
0.0721253 0
0.0721981 0
0.0721982 0
0.0722788 0
0.0722789 0
0.0723681 0
0.0723683 0
0.072467 0
0.0724672 0
0.0725765 0
0.0725767 0
0.0726978 0
0.072698 0
0.072832 0
0.0728323 0
0.0729806 0
0.0729809 0
0.0731452 0
0.0731455 0
0.0733273 0
0.0733277 0
0.073529 0
0.0735294 0
0.0737523 0
0.0737527 0
0.0739996 0
0.074 0
0.074 0
0.0742423 0
0.0742427 0
0.0744979 0
0.0744984 0
0.0747673 0
0.0747678 0
0.0750511 0
0.0750516 0
0.0753501 0
0.0753506 0
0.0756651 0
0.0756656 0
0.075997 0
0.0759976 0
0.0763466 0
0.0763473 0
0.076715 0
0.0767157 0
0.0771032 0
0.0771039 0
0.0775121 0
0.0775128 0
0.0779429 0
0.0779437 0
0.0783968 0
0.0783977 0
0.0788751 0
0.0788759 0
0.0793789 0
0.0793798 0
0.0799098 0
0.0799107 0
0.0804691 0
0.0804701 0
0.0810583 0
0.0810594 0
0.0816791 0
0.0816802 0
0.0823332 0
0.0823344 0
0.0830223 0
0.0830235 0
0.0837483 0
0.0837496 0
0.0845132 0
0.0845146 0
0.0853191 0
0.0853206 0
0.0861682 0
0.0861697 0
0.0870628 0
0.0870644 0
0.0880052 0
0.0880069 0
0.0889982 0
0.089 0
0.089 0
0.0900532 0
0.0900551 0
0.0917755 0
0.0917786 0
0.0945884 0
0.0945935 0
0.0991829 0
0.0991911 0
0.106687 0
0.106701 0
0.118944 0
0.118966 0
0.138964 0
0.139 0
