Valence Band Energy vs Depth
168 2 2
Depth
Valence Band Energy
0 -5.51784
0.0199741 -5.51784
0.0200101 -5.51784
0.0343285 -5.51784
0.0343543 -5.51784
0.0446183 -5.51784
0.0446368 -5.51784
0.0519946 -5.51784
0.0520079 -5.51784
0.0572822 -5.51784
0.0572917 -5.51784
0.0610726 -5.51784
0.0610795 -5.51784
0.0637898 -5.51784
0.0637947 -5.51784
0.0657376 -5.51784
0.0657411 -5.51784
0.0671338 -5.51784
0.0671363 -5.51784
0.0681347 -5.51784
0.0681365 -5.51784
0.0688522 -5.51784
0.0688535 -5.51784
0.0693665 -5.51784
0.0693675 -5.51784
0.0697352 -5.51784
0.0697359 -5.51784
0.0699995 -2.97243
0.07 -2.96784
0.07 -2.96784
0.0702477 -2.96782
0.0702481 -2.96782
0.0704682 -2.96779
0.0704686 -2.96779
0.0706643 -2.96773
0.0706647 -2.96773
0.0708386 -2.96767
0.0708389 -2.96767
0.0709935 -2.96761
0.0709938 -2.96761
0.0711313 -2.96754
0.0711315 -2.96754
0.0712537 -2.96747
0.0712539 -2.96747
0.0713625 -2.96741
0.0713627 -2.96741
0.0714592 -2.96735
0.0714594 -2.96735
0.0715452 -2.96729
0.0715453 -2.96729
0.0716216 -2.96723
0.0716217 -2.96723
0.0716895 -2.96718
0.0716896 -2.96718
0.0717499 -2.96713
0.07175 -2.96713
0.07175 -2.96713
0.0718124 -2.96708
0.0718125 -2.96708
0.0718749 -2.96703
0.071875 -2.96703
0.0719374 -2.96698
0.0719375 -2.96698
0.0719999 -2.96693
0.072 -2.96693
0.072 -2.96693
0.0720594 -5.51022
0.0720595 -5.51481
0.0721252 -5.51247
0.0721253 -5.51247
0.0721981 -5.50988
0.0721982 -5.50987
0.0722788 -5.507
0.0722789 -5.507
0.0723681 -5.50382
0.0723683 -5.50381
0.072467 -5.5003
0.0724672 -5.50029
0.0725765 -5.4964
0.0725767 -5.49639
0.0726978 -5.49208
0.072698 -5.49207
0.072832 -5.4873
0.0728323 -5.48729
0.0729806 -5.482
0.0729809 -5.48199
0.0731452 -5.47614
0.0731455 -5.47613
0.0733273 -5.46965
0.0733277 -5.46964
0.073529 -5.46247
0.0735294 -5.46246
0.0737523 -5.45452
0.0737527 -5.4545
0.0739996 -1.25328
0.074 -1.2457
0.074 -1.2457
0.0742423 -1.24173
0.0742427 -1.24172
0.0744979 -1.23754
0.0744984 -1.23753
0.0747673 -1.23313
0.0747678 -1.23312
0.0750511 -1.22848
0.0750516 -1.22847
0.0753501 -1.22358
0.0753506 -1.22357
0.0756651 -1.21842
0.0756656 -1.21841
0.075997 -1.21299
0.0759976 -1.21298
0.0763466 -1.20726
0.0763473 -1.20725
0.076715 -1.20122
0.0767157 -1.20121
0.0771032 -1.19487
0.0771039 -1.19486
0.0775121 -1.18817
0.0775128 -1.18816
0.0779429 -1.18111
0.0779437 -1.1811
0.0783968 -1.17368
0.0783977 -1.17366
0.0788751 -1.16584
0.0788759 -1.16583
0.0793789 -1.15759
0.0793798 -1.15758
0.0799098 -1.1489
0.0799107 -1.14888
0.0804691 -1.13973
0.0804701 -1.13972
0.0810583 -1.13008
0.0810594 -1.13007
0.0816791 -1.11991
0.0816802 -1.1199
0.0823332 -1.1092
0.0823344 -1.10918
0.0830223 -1.09791
0.0830235 -1.09789
0.0837483 -1.08602
0.0837496 -1.086
0.0845132 -1.07349
0.0845146 -1.07347
0.0853191 -1.06029
0.0853206 -1.06027
0.0861682 -1.04638
0.0861697 -1.04636
0.0870628 -1.03173
0.0870644 -1.03171
0.0880052 -1.01629
0.0880069 -1.01627
0.0889982 -1.00003
0.089 -1
0.089 0
0.0900532 0
0.0900551 0
0.0917755 0
0.0917786 0
0.0945884 0
0.0945935 0
0.0991829 0
0.0991911 0
0.106687 0
0.106701 0
0.118944 0
0.118966 0
0.138964 0
0.139 0
