Valence Band Energy vs Depth
168 2 2
Depth
Valence Band Energy
0 -6.35203
0.0199741 -6.35203
0.0200101 -6.35203
0.0343285 -6.35203
0.0343543 -6.35203
0.0446183 -6.35202
0.0446368 -6.35202
0.0519946 -6.35202
0.0520079 -6.35202
0.0572822 -6.35202
0.0572917 -6.35202
0.0610726 -6.35202
0.0610795 -6.35202
0.0637898 -6.35202
0.0637947 -6.35202
0.0657376 -6.35202
0.0657411 -6.35202
0.0671338 -6.35202
0.0671363 -6.35202
0.0681347 -6.35202
0.0681365 -6.35202
0.0688522 -6.35202
0.0688535 -6.35202
0.0693665 -6.35202
0.0693675 -6.35202
0.0697352 -6.35202
0.0697359 -6.35202
0.0699995 -3.80662
0.07 -3.80202
0.07 -3.80202
0.0702477 -3.80423
0.0702481 -3.80423
0.0704682 -3.80996
0.0704686 -3.80997
0.0706643 -3.81817
0.0706647 -3.81819
0.0708386 -3.82808
0.0708389 -3.8281
0.0709935 -3.8391
0.0709938 -3.83912
0.0711313 -3.85077
0.0711315 -3.85079
0.0712537 -3.86276
0.0712539 -3.86278
0.0713625 -3.87478
0.0713627 -3.8748
0.0714592 -3.88663
0.0714594 -3.88665
0.0715452 -3.89815
0.0715453 -3.89817
0.0716216 -3.90922
0.0716217 -3.90924
0.0716895 -3.91976
0.0716896 -3.91978
0.0717499 -3.92972
0.07175 -3.92973
0.07175 -3.92973
0.0718124 -3.94065
0.0718125 -3.94067
0.0718749 -3.95225
0.071875 -3.95227
0.0719374 -3.96457
0.0719375 -3.96459
0.0719999 -3.97764
0.072 -3.97766
0.072 -3.97766
0.0720594 -6.53423
0.0720595 -6.53884
0.0721252 -6.55119
0.0721253 -6.55121
0.0721981 -6.56489
0.0721982 -6.56491
0.0722788 -6.58005
0.0722789 -6.58008
0.0723681 -6.59685
0.0723683 -6.59688
0.072467 -6.61543
0.0724672 -6.61547
0.0725765 -6.63602
0.0725767 -6.63605
0.0726978 -6.6588
0.072698 -6.65884
0.072832 -6.68403
0.0728323 -6.68408
0.0729806 -6.71196
0.0729809 -6.71201
0.0731452 -6.74288
0.0731455 -6.74294
0.0733273 -6.77712
0.0733277 -6.77718
0.073529 -6.81503
0.0735294 -6.8151
0.0737523 -6.85699
0.0737527 -6.85707
0.0739996 -2.71102
0.074 -2.70354
0.074 -2.70354
0.0742423 -2.72448
0.0742427 -2.72452
0.0744979 -2.74657
0.0744984 -2.74661
0.0747673 -2.76986
0.0747678 -2.7699
0.0750511 -2.79438
0.0750516 -2.79443
0.0753501 -2.82023
0.0753506 -2.82027
0.0756651 -2.84745
0.0756656 -2.8475
0.075997 -2.87614
0.0759976 -2.87619
0.0763466 -2.90636
0.0763473 -2.90642
0.076715 -2.9382
0.0767157 -2.93826
0.0771032 -2.97175
0.0771039 -2.97181
0.0775121 -3.00709
0.0775128 -3.00716
0.0779429 -3.04433
0.0779437 -3.0444
0.0783968 -3.08356
0.0783977 -3.08363
0.0788751 -3.1249
0.0788759 -3.12497
0.0793789 -3.16844
0.0793798 -3.16852
0.0799098 -3.21433
0.0799107 -3.21441
0.0804691 -3.26266
0.0804701 -3.26275
0.0810583 -3.31359
0.0810594 -3.31369
0.0816791 -3.36725
0.0816802 -3.36735
0.0823332 -3.42378
0.0823344 -3.42388
0.0830223 -3.48334
0.0830235 -3.48345
0.0837483 -3.54609
0.0837496 -3.54621
0.0845132 -3.61221
0.0845146 -3.61233
0.0853191 -3.68186
0.0853206 -3.68199
0.0861682 -3.75524
0.0861697 -3.75538
0.0870628 -3.83256
0.0870644 -3.8327
0.0880052 -3.91402
0.0880069 -3.91417
0.0889982 -3.99984
0.089 -4
0.089 0
0.0900532 0
0.0900551 0
0.0917755 0
0.0917786 0
0.0945884 0
0.0945935 0
0.0991829 0
0.0991911 0
0.106687 0
0.106701 0
0.118944 0
0.118966 0
0.138964 0
0.139 0
