Valence Band Energy vs Depth
168 2 2
Depth
Valence Band Energy
0 -5.96445
0.0199741 -5.96445
0.0200101 -5.96445
0.0343285 -5.96445
0.0343543 -5.96445
0.0446183 -5.96445
0.0446368 -5.96445
0.0519946 -5.96444
0.0520079 -5.96444
0.0572822 -5.96444
0.0572917 -5.96444
0.0610726 -5.96444
0.0610795 -5.96444
0.0637898 -5.96444
0.0637947 -5.96444
0.0657376 -5.96444
0.0657411 -5.96444
0.0671338 -5.96444
0.0671363 -5.96444
0.0681347 -5.96444
0.0681365 -5.96444
0.0688522 -5.96444
0.0688535 -5.96444
0.0693665 -5.96444
0.0693675 -5.96444
0.0697352 -5.96444
0.0697359 -5.96444
0.0699995 -3.41904
0.07 -3.41444
0.07 -3.41444
0.0702477 -3.41475
0.0702481 -3.41475
0.0704682 -3.41553
0.0704686 -3.41554
0.0706643 -3.41665
0.0706647 -3.41665
0.0708386 -3.41797
0.0708389 -3.41797
0.0709935 -3.41942
0.0709938 -3.41942
0.0711313 -3.42092
0.0711315 -3.42093
0.0712537 -3.42244
0.0712539 -3.42245
0.0713625 -3.42394
0.0713627 -3.42394
0.0714592 -3.42539
0.0714594 -3.42539
0.0715452 -3.42678
0.0715453 -3.42678
0.0716216 -3.42809
0.0716217 -3.42809
0.0716895 -3.42932
0.0716896 -3.42932
0.0717499 -3.43046
0.07175 -3.43046
0.07175 -3.43046
0.0718124 -3.43172
0.0718125 -3.43172
0.0718749 -3.43305
0.071875 -3.43305
0.0719374 -3.43445
0.0719375 -3.43445
0.0719999 -3.43593
0.072 -3.43593
0.072 -3.43593
0.0720594 -5.98077
0.0720595 -5.98536
0.0721252 -5.98472
0.0721253 -5.98472
0.0721981 -5.98402
0.0721982 -5.98402
0.0722788 -5.98324
0.0722789 -5.98324
0.0723681 -5.98238
0.0723683 -5.98238
0.072467 -5.98142
0.0724672 -5.98142
0.0725765 -5.98037
0.0725767 -5.98036
0.0726978 -5.9792
0.072698 -5.97919
0.072832 -5.9779
0.0728323 -5.9779
0.0729806 -5.97646
0.0729809 -5.97646
0.0731452 -5.97487
0.0731455 -5.97487
0.0733273 -5.97312
0.0733277 -5.97311
0.073529 -5.97117
0.0735294 -5.97116
0.0737523 -5.96901
0.0737527 -5.96901
0.0739996 -1.77419
0.074 -1.76662
0.074 -1.76662
0.0742423 -1.76554
0.0742427 -1.76554
0.0744979 -1.76441
0.0744984 -1.76441
0.0747673 -1.76321
0.0747678 -1.76321
0.0750511 -1.76195
0.0750516 -1.76195
0.0753501 -1.76062
0.0753506 -1.76062
0.0756651 -1.75922
0.0756656 -1.75922
0.075997 -1.75775
0.0759976 -1.75775
0.0763466 -1.7562
0.0763473 -1.75619
0.076715 -1.75456
0.0767157 -1.75456
0.0771032 -1.75284
0.0771039 -1.75283
0.0775121 -1.75102
0.0775128 -1.75102
0.0779429 -1.74911
0.0779437 -1.7491
0.0783968 -1.74709
0.0783977 -1.74709
0.0788751 -1.74497
0.0788759 -1.74496
0.0793789 -1.74273
0.0793798 -1.74273
0.0799098 -1.74037
0.0799107 -1.74037
0.0804691 -1.73789
0.0804701 -1.73788
0.0810583 -1.73527
0.0810594 -1.73527
0.0816791 -1.73251
0.0816802 -1.73251
0.0823332 -1.72961
0.0823344 -1.7296
0.0830223 -1.72655
0.0830235 -1.72654
0.0837483 -1.72332
0.0837496 -1.72332
0.0845132 -1.71993
0.0845146 -1.71992
0.0853191 -1.71635
0.0853206 -1.71634
0.0861682 -1.71258
0.0861697 -1.71257
0.0870628 -1.7086
0.0870644 -1.7086
0.0880052 -1.70442
0.0880069 -1.70441
0.0889982 -1.70001
0.089 -1.7
0.089 0
0.0900532 0
0.0900551 0
0.0917755 0
0.0917786 0
0.0945884 0
0.0945935 0
0.0991829 0
0.0991911 0
0.106687 0
0.106701 0
0.118944 0
0.118966 0
0.138964 0
0.139 0
