Probe avg_n vs gate bias
76 2 2
gate bias
Probe avg_n
-3 7.761e+012
-2.8 7.76171e+012
-2.6 7.76296e+012
-2.4 7.76516e+012
-2.2 7.76897e+012
-2 7.77558e+012
-1.8 7.78705e+012
-1.6 7.80699e+012
-1.4 7.84171e+012
-1.2 7.90241e+012
-1 8.00919e+012
-0.95 8.04687e+012
-0.9 8.09041e+012
-0.85 8.14076e+012
-0.8 8.19905e+012
-0.75 8.26663e+012
-0.7 8.34507e+012
-0.65 8.43625e+012
-0.6 8.54243e+012
-0.55 8.66629e+012
-0.5 8.81112e+012
-0.45 8.9809e+012
-0.4 9.18054e+012
-0.35 9.41617e+012
-0.3 9.69552e+012
-0.25 1.00285e+013
-0.2 1.04281e+013
-0.15 1.09131e+013
-0.1 1.15207e+013
-0.05 1.23794e+013
-4.24783e-016 1.41464e+013
0.05 2.0565e+013
0.1 5.2307e+013
0.15 2.06777e+014
0.2 8.01603e+014
0.25 2.42537e+015
0.3 5.68721e+015
0.35 1.10294e+016
0.4 1.8786e+016
0.45 2.92874e+016
0.5 4.29268e+016
0.55 6.01965e+016
0.6 8.17061e+016
0.65 1.08181e+017
0.7 1.40438e+017
0.75 1.79324e+017
0.8 2.25642e+017
0.85 2.80065e+017
0.9 3.43096e+017
0.95 4.15063e+017
1 4.9613e+017
1.05 5.86307e+017
1.1 6.85469e+017
1.15 7.93404e+017
1.2 9.09859e+017
1.25 1.03459e+018
1.3 1.1674e+018
1.35 1.30813e+018
1.4 1.45671e+018
1.45 1.61306e+018
1.5 1.77716e+018
1.6 2.12827e+018
1.7 2.50886e+018
1.8 2.91676e+018
1.9 3.34917e+018
2 3.80308e+018
2.1 4.27564e+018
2.2 4.7643e+018
2.3 5.26683e+018
2.4 5.78135e+018
2.5 6.30625e+018
2.6 6.8402e+018
2.7 7.38204e+018
2.8 7.93083e+018
2.9 8.48572e+018
3 9.04602e+018
