Conduction Band Energy vs Depth
92 2 2
Depth
Conduction Band Energy
0 3.75882
0.0199902 3.75882
0.0344313 3.75882
0.0448638 3.75882
0.0524003 3.75882
0.0578448 3.75882
0.061778 3.75882
0.0646194 3.75882
0.066672 3.75882
0.0681549 3.75882
0.0692261 3.75882
0.07 0.358816
0.07 0.358816
0.0707848 0.358958
0.0714745 0.359317
0.0720807 0.359814
0.0726135 0.360391
0.0730818 0.361006
0.0734934 0.36163
0.0738552 0.362243
0.0741731 0.362832
0.0744526 0.363388
0.0746982 0.363906
0.0749141 0.364385
0.0751038 0.364823
0.0752706 0.365222
0.0754172 0.365584
0.075546 0.36591
0.0756592 0.366202
0.0757587 0.366464
0.0758462 0.366699
0.0759231 0.366907
0.0759906 0.367093
0.07605 0.367258
0.07605 0.367258
0.0761125 0.367429
0.076175 0.367596
0.0762375 0.367761
0.0763 0.367923
0.0763 0.367923
0.0763595 3.76814
0.0764253 3.76837
0.0764982 3.76864
0.0765789 3.76893
0.0766683 3.76925
0.0767672 3.76961
0.0768767 3.77
0.076998 3.77044
0.0771323 3.77092
0.0772809 3.77146
0.0774455 3.77205
0.0776277 3.77271
0.0778294 3.77344
0.0780527 3.77424
0.0783 4.67513
0.0783 4.67513
0.0785427 4.67553
0.0787984 4.67596
0.0790678 4.67641
0.0793516 4.67688
0.0796506 4.67737
0.0799656 4.67789
0.0802976 4.67844
0.0806473 4.67902
0.0810157 4.67963
0.0814039 4.68028
0.0818128 4.68096
0.0822437 4.68167
0.0826977 4.68242
0.0831759 4.68322
0.0836798 4.68405
0.0842107 4.68493
0.0847701 4.68586
0.0853594 4.68684
0.0859802 4.68787
0.0866344 4.68895
0.0873235 4.69009
0.0880496 4.6913
0.0888146 4.69256
0.0896206 4.6939
0.0904697 4.69531
0.0913644 4.69679
0.0923069 4.69835
0.0933 4.7
0.0933 0
0.0943551 0
0.0960786 0
0.0988935 0
0.103491 0
0.111001 0
0.123266 0
0.1433 0
