Conduction Band Energy vs Depth
92 2 2
Depth
Conduction Band Energy
0 3.12391
0.0199902 3.12391
0.0344313 3.12391
0.0448638 3.12391
0.0524003 3.12392
0.0578448 3.12392
0.061778 3.12392
0.0646194 3.12392
0.066672 3.12392
0.0681549 3.12392
0.0692261 3.12392
0.07 -0.276084
0.07 -0.276084
0.0707848 -0.278707
0.0714745 -0.285548
0.0720807 -0.295492
0.0726135 -0.307787
0.0730818 -0.321881
0.0734934 -0.337339
0.0738552 -0.3538
0.0741731 -0.370958
0.0744526 -0.388543
0.0746982 -0.406313
0.0749141 -0.424048
0.0751038 -0.441548
0.0752706 -0.458633
0.0754172 -0.475151
0.075546 -0.490972
0.0756592 -0.505998
0.0757587 -0.520157
0.0758462 -0.533401
0.0759231 -0.545709
0.0759906 -0.557079
0.07605 -0.567523
0.07605 -0.567523
0.0761125 -0.579017
0.076175 -0.591054
0.0762375 -0.603664
0.0763 -0.61688
0.0763 -0.61688
0.0763595 2.76987
0.0764253 2.75519
0.0764982 2.73894
0.0765789 2.72096
0.0766683 2.70104
0.0767672 2.679
0.0768767 2.65458
0.076998 2.62756
0.0771323 2.59764
0.0772809 2.56451
0.0774455 2.52783
0.0776277 2.48723
0.0778294 2.44227
0.0780527 2.3925
0.0783 3.23739
0.0783 3.23739
0.0785427 3.21252
0.0787984 3.18631
0.0790678 3.1587
0.0793516 3.12961
0.0796506 3.09896
0.0799656 3.06667
0.0802976 3.03265
0.0806473 2.99681
0.0810157 2.95905
0.0814039 2.91927
0.0818128 2.87735
0.0822437 2.83319
0.0826977 2.78666
0.0831759 2.73764
0.0836798 2.686
0.0842107 2.63158
0.0847701 2.57426
0.0853594 2.51386
0.0859802 2.45022
0.0866344 2.38318
0.0873235 2.31254
0.0880496 2.23812
0.0888146 2.15972
0.0896206 2.07711
0.0904697 1.99008
0.0913644 1.89839
0.0923069 1.80178
0.0933 1.7
0.0933 0
0.0943551 0
0.0960786 0
0.0988935 0
0.103491 0
0.111001 0
0.123266 0
0.1433 0
