Conduction Band Energy vs Depth
92 2 2
Depth
Conduction Band Energy
0 3.41022
0.0199902 3.41022
0.0344313 3.41022
0.0448638 3.41022
0.0524003 3.41022
0.0578448 3.41022
0.061778 3.41022
0.0646194 3.41022
0.066672 3.41022
0.0681549 3.41022
0.0692261 3.41022
0.07 0.010223
0.07 0.010223
0.0707848 0.00955112
0.0714745 0.00783113
0.0720807 0.0054066
0.0726135 0.00252483
0.0730818 -0.000632127
0.0734934 -0.00392846
0.0738552 -0.00726241
0.0741731 -0.0105581
0.0744526 -0.0137597
0.0746982 -0.0168272
0.0749141 -0.0197333
0.0751038 -0.0224603
0.0752706 -0.024999
0.0754172 -0.0273458
0.075546 -0.0295024
0.0756592 -0.0314736
0.0757587 -0.0332671
0.0758462 -0.0348923
0.0759231 -0.0363596
0.0759906 -0.0376803
0.07605 -0.0388657
0.07605 -0.0388657
0.0761125 -0.0401575
0.076175 -0.0414952
0.0762375 -0.0428797
0.0763 -0.0443116
0.0763 -0.0443116
0.0763595 3.35431
0.0764253 3.35279
0.0764982 3.35111
0.0765789 3.34924
0.0766683 3.34718
0.0767672 3.34489
0.0768767 3.34236
0.076998 3.33955
0.0771323 3.33645
0.0772809 3.33301
0.0774455 3.32921
0.0776277 3.325
0.0778294 3.32034
0.0780527 3.31517
0.0783 4.20946
0.0783 4.20946
0.0785427 4.20688
0.0787984 4.20416
0.0790678 4.2013
0.0793516 4.19828
0.0796506 4.1951
0.0799656 4.19175
0.0802976 4.18822
0.0806473 4.1845
0.0810157 4.18059
0.0814039 4.17646
0.0818128 4.17211
0.0822437 4.16753
0.0826977 4.16271
0.0831759 4.15762
0.0836798 4.15227
0.0842107 4.14662
0.0847701 4.14068
0.0853594 4.13441
0.0859802 4.12781
0.0866344 4.12086
0.0873235 4.11353
0.0880496 4.10581
0.0888146 4.09768
0.0896206 4.08911
0.0904697 4.08009
0.0913644 4.07058
0.0923069 4.06056
0.0933 4.05
0.0933 0
0.0943551 0
0.0960786 0
0.0988935 0
0.103491 0
0.111001 0
0.123266 0
0.1433 0
