Probe chan_n vs gate bias
76 2 2
gate bias
Probe chan_n
-3 8.52217e-033
-2.8 1.47088e-032
-2.6 1.09364e-031
-2.4 1.21046e-028
-2.2 2.77022e-025
-2 6.34393e-022
-1.8 1.39432e-018
-1.6 2.81122e-015
-1.4 6.42915e-012
-1.2 1.40717e-008
-1 1.99654e-005
-0.95 0.000138105
-0.9 0.000955353
-0.85 0.00660871
-0.8 0.0457161
-0.75 0.316242
-0.7 2.18754
-0.65 15.132
-0.6 104.671
-0.55 723.919
-0.5 5004.72
-0.45 34566.1
-0.4 238298
-0.35 1.63822e+006
-0.3 1.12259e+007
-0.25 7.67207e+007
-0.2 5.23481e+008
-0.15 3.56376e+009
-0.1 2.40778e+010
-0.05 1.59685e+011
-4.24783e-016 1.02684e+012
0.05 6.34423e+012
0.1 3.70572e+013
0.15 1.93352e+014
0.2 8.06941e+014
0.25 2.49036e+015
0.3 5.82848e+015
0.35 1.11272e+016
0.4 1.84615e+016
0.45 2.7793e+016
0.5 3.90466e+016
0.55 5.21504e+016
0.6 6.70544e+016
0.65 8.37338e+016
0.7 1.02182e+017
0.75 1.22397e+017
0.8 1.44364e+017
0.85 1.6805e+017
0.9 1.93407e+017
0.95 2.2038e+017
1 2.48921e+017
1.05 2.78984e+017
1.1 3.10528e+017
1.15 3.43522e+017
1.2 3.77946e+017
1.25 4.13799e+017
1.3 4.51098e+017
1.35 4.89874e+017
1.4 5.30174e+017
1.45 5.72056e+017
1.5 6.1558e+017
1.6 7.07778e+017
1.7 8.0711e+017
1.8 9.13702e+017
1.9 1.02747e+018
2 1.14819e+018
2.1 1.27555e+018
2.2 1.4092e+018
2.3 1.54875e+018
2.4 1.69383e+018
2.5 1.84407e+018
2.6 1.99909e+018
2.7 2.15854e+018
2.8 2.3221e+018
2.9 2.48943e+018
3 2.66022e+018
