drain current vs gate bias
76 2 2
gate bias
drain current
-3 3.96852e-022
-2.8 5.07323e-021
-2.6 7.27711e-021
-2.4 1.62703e-020
-2.2 -2.1554e-020
-2 4.20582e-021
-1.8 2.61245e-020
-1.6 4.02859e-020
-1.4 3.07972e-020
-1.2 5.73955e-021
-1 -5.38236e-020
-0.95 -1.70959e-020
-0.9 -1.65152e-019
-0.85 2.53031e-020
-0.8 8.85063e-020
-0.75 1.23516e-019
-0.7 2.65028e-020
-0.65 2.24674e-020
-0.6 -4.80976e-020
-0.55 -7.6345e-020
-0.5 1.57493e-019
-0.45 -2.09819e-019
-0.4 -2.61318e-020
-0.35 -8.59989e-020
-0.3 -3.44534e-019
-0.25 1.65074e-019
-0.2 1.34763e-018
-0.15 1.01731e-017
-0.1 7.04839e-017
-0.05 4.72212e-016
-4.24783e-016 3.07522e-015
0.05 1.93705e-014
0.1 1.16304e-013
0.15 6.39956e-013
0.2 2.97495e-012
0.25 1.08661e-011
0.3 3.11314e-011
0.35 7.32719e-011
0.4 1.49044e-010
0.45 2.72562e-010
0.5 4.60822e-010
0.55 7.34484e-010
0.6 1.11875e-009
0.65 1.64421e-009
0.7 2.34735e-009
0.75 3.27048e-009
0.8 4.46087e-009
0.85 5.96899e-009
0.9 7.8459e-009
0.95 1.01402e-008
1 1.28959e-008
1.05 1.61509e-008
1.1 1.99376e-008
1.15 2.42818e-008
1.2 2.9203e-008
1.25 3.47135e-008
1.3 4.08178e-008
1.35 4.7512e-008
1.4 5.4784e-008
1.45 6.26134e-008
1.5 7.09727e-008
1.6 8.91464e-008
1.7 1.09017e-007
1.8 1.30301e-007
1.9 1.52755e-007
2 1.76178e-007
2.1 2.00412e-007
2.2 2.25331e-007
2.3 2.50834e-007
2.4 2.76841e-007
2.5 3.03285e-007
2.6 3.30114e-007
2.7 3.57282e-007
2.8 3.84751e-007
2.9 4.12491e-007
3 4.40474e-007
