source current vs gate bias
76 2 2
gate bias
source current
-3 -8.50707e-021
-2.8 1.85087e-020
-2.6 -2.65471e-020
-2.4 7.08923e-022
-2.2 3.98087e-021
-2 3.68094e-020
-1.8 -2.4267e-021
-1.6 9.07421e-020
-1.4 7.39461e-019
-1.2 5.87577e-018
-1 5.33778e-017
-0.95 1.67524e-019
-0.9 -8.20169e-020
-0.85 1.30878e-020
-0.8 4.62436e-020
-0.75 4.5371e-020
-0.7 4.54583e-019
-0.65 6.68132e-019
-0.6 1.45318e-018
-0.55 3.1655e-018
-0.5 5.98592e-018
-0.45 1.00527e-017
-0.4 1.71685e-017
-0.35 2.83692e-017
-0.3 -7.19572e-020
-0.25 -3.32736e-019
-0.2 -1.38456e-018
-0.15 -1.04378e-017
-0.1 -7.03495e-017
-0.05 -4.71717e-016
-4.24783e-016 -3.07574e-015
0.05 -1.93711e-014
0.1 -1.16304e-013
0.15 -6.39956e-013
0.2 -2.97495e-012
0.25 -1.08661e-011
0.3 -3.11314e-011
0.35 -7.32719e-011
0.4 -1.49044e-010
0.45 -2.72562e-010
0.5 -4.60822e-010
0.55 -7.34484e-010
0.6 -1.11875e-009
0.65 -1.64421e-009
0.7 -2.34735e-009
0.75 -3.27048e-009
0.8 -4.46087e-009
0.85 -5.96899e-009
0.9 -7.8459e-009
0.95 -1.01402e-008
1 -1.28959e-008
1.05 -1.61509e-008
1.1 -1.99376e-008
1.15 -2.42818e-008
1.2 -2.9203e-008
1.25 -3.47135e-008
1.3 -4.08178e-008
1.35 -4.7512e-008
1.4 -5.4784e-008
1.45 -6.26134e-008
1.5 -7.09727e-008
1.6 -8.91464e-008
1.7 -1.09017e-007
1.8 -1.30301e-007
1.9 -1.52755e-007
2 -1.76178e-007
2.1 -2.00412e-007
2.2 -2.25331e-007
2.3 -2.50834e-007
2.4 -2.76841e-007
2.5 -3.03285e-007
2.6 -3.30114e-007
2.7 -3.57282e-007
2.8 -3.84751e-007
2.9 -4.12491e-007
3 -4.40474e-007
