Valence Band Energy vs Depth
92 2 2
Depth
Valence Band Energy
0 -5.24118
0.0199902 -5.24118
0.0344313 -5.24118
0.0448638 -5.24118
0.0524003 -5.24118
0.0578448 -5.24118
0.061778 -5.24118
0.0646194 -5.24118
0.066672 -5.24118
0.0681549 -5.24118
0.0692261 -5.24118
0.07 -2.69118
0.07 -2.69118
0.0707848 -2.69104
0.0714745 -2.69068
0.0720807 -2.69019
0.0726135 -2.68961
0.0730818 -2.68899
0.0734934 -2.68837
0.0738552 -2.68776
0.0741731 -2.68717
0.0744526 -2.68661
0.0746982 -2.68609
0.0749141 -2.68562
0.0751038 -2.68518
0.0752706 -2.68478
0.0754172 -2.68442
0.075546 -2.68409
0.0756592 -2.6838
0.0757587 -2.68354
0.0758462 -2.6833
0.0759231 -2.68309
0.0759906 -2.68291
0.07605 -2.68274
0.07605 -2.68274
0.0761125 -2.68257
0.076175 -2.6824
0.0762375 -2.68224
0.0763 -2.68208
0.0763 -2.68208
0.0763595 -5.23186
0.0764253 -5.23163
0.0764982 -5.23136
0.0765789 -5.23107
0.0766683 -5.23075
0.0767672 -5.23039
0.0768767 -5.23
0.076998 -5.22956
0.0771323 -5.22908
0.0772809 -5.22854
0.0774455 -5.22795
0.0776277 -5.22729
0.0778294 -5.22656
0.0780527 -5.22576
0.0783 -1.02487
0.0783 -1.02487
0.0785427 -1.02447
0.0787984 -1.02404
0.0790678 -1.02359
0.0793516 -1.02312
0.0796506 -1.02263
0.0799656 -1.02211
0.0802976 -1.02156
0.0806473 -1.02098
0.0810157 -1.02037
0.0814039 -1.01972
0.0818128 -1.01904
0.0822437 -1.01833
0.0826977 -1.01758
0.0831759 -1.01678
0.0836798 -1.01595
0.0842107 -1.01507
0.0847701 -1.01414
0.0853594 -1.01316
0.0859802 -1.01213
0.0866344 -1.01105
0.0873235 -1.00991
0.0880496 -1.0087
0.0888146 -1.00744
0.0896206 -1.0061
0.0904697 -1.00469
0.0913644 -1.00321
0.0923069 -1.00165
0.0933 -1
0.0933 0
0.0943551 0
0.0960786 0
0.0988935 0
0.103491 0
0.111001 0
0.123266 0
0.1433 0
