Valence Band Energy vs Depth
92 2 2
Depth
Valence Band Energy
0 -5.87609
0.0199902 -5.87609
0.0344313 -5.87609
0.0448638 -5.87609
0.0524003 -5.87608
0.0578448 -5.87608
0.061778 -5.87608
0.0646194 -5.87608
0.066672 -5.87608
0.0681549 -5.87608
0.0692261 -5.87608
0.07 -3.32608
0.07 -3.32608
0.0707848 -3.32871
0.0714745 -3.33555
0.0720807 -3.34549
0.0726135 -3.35779
0.0730818 -3.37188
0.0734934 -3.38734
0.0738552 -3.4038
0.0741731 -3.42096
0.0744526 -3.43854
0.0746982 -3.45631
0.0749141 -3.47405
0.0751038 -3.49155
0.0752706 -3.50863
0.0754172 -3.52515
0.075546 -3.54097
0.0756592 -3.556
0.0757587 -3.57016
0.0758462 -3.5834
0.0759231 -3.59571
0.0759906 -3.60708
0.07605 -3.61752
0.07605 -3.61752
0.0761125 -3.62902
0.076175 -3.64105
0.0762375 -3.65366
0.0763 -3.66688
0.0763 -3.66688
0.0763595 -6.23013
0.0764253 -6.24481
0.0764982 -6.26106
0.0765789 -6.27904
0.0766683 -6.29896
0.0767672 -6.321
0.0768767 -6.34542
0.076998 -6.37244
0.0771323 -6.40236
0.0772809 -6.43549
0.0774455 -6.47217
0.0776277 -6.51277
0.0778294 -6.55773
0.0780527 -6.6075
0.0783 -2.46261
0.0783 -2.46261
0.0785427 -2.48748
0.0787984 -2.51369
0.0790678 -2.5413
0.0793516 -2.57039
0.0796506 -2.60104
0.0799656 -2.63333
0.0802976 -2.66735
0.0806473 -2.70319
0.0810157 -2.74095
0.0814039 -2.78073
0.0818128 -2.82265
0.0822437 -2.86681
0.0826977 -2.91334
0.0831759 -2.96236
0.0836798 -3.014
0.0842107 -3.06842
0.0847701 -3.12574
0.0853594 -3.18614
0.0859802 -3.24978
0.0866344 -3.31682
0.0873235 -3.38746
0.0880496 -3.46188
0.0888146 -3.54028
0.0896206 -3.62289
0.0904697 -3.70992
0.0913644 -3.80161
0.0923069 -3.89822
0.0933 -4
0.0933 0
0.0943551 0
0.0960786 0
0.0988935 0
0.103491 0
0.111001 0
0.123266 0
0.1433 0
