Valence Band Energy vs Depth
92 2 2
Depth
Valence Band Energy
0 -5.58978
0.0199902 -5.58978
0.0344313 -5.58978
0.0448638 -5.58978
0.0524003 -5.58978
0.0578448 -5.58978
0.061778 -5.58978
0.0646194 -5.58978
0.066672 -5.58978
0.0681549 -5.58978
0.0692261 -5.58978
0.07 -3.03978
0.07 -3.03978
0.0707848 -3.04045
0.0714745 -3.04217
0.0720807 -3.04459
0.0726135 -3.04748
0.0730818 -3.05063
0.0734934 -3.05393
0.0738552 -3.05726
0.0741731 -3.06056
0.0744526 -3.06376
0.0746982 -3.06683
0.0749141 -3.06973
0.0751038 -3.07246
0.0752706 -3.075
0.0754172 -3.07735
0.075546 -3.0795
0.0756592 -3.08147
0.0757587 -3.08327
0.0758462 -3.08489
0.0759231 -3.08636
0.0759906 -3.08768
0.07605 -3.08887
0.07605 -3.08887
0.0761125 -3.09016
0.076175 -3.0915
0.0762375 -3.09288
0.0763 -3.09431
0.0763 -3.09431
0.0763595 -5.64569
0.0764253 -5.64721
0.0764982 -5.64889
0.0765789 -5.65076
0.0766683 -5.65282
0.0767672 -5.65511
0.0768767 -5.65764
0.076998 -5.66045
0.0771323 -5.66355
0.0772809 -5.66699
0.0774455 -5.67079
0.0776277 -5.675
0.0778294 -5.67966
0.0780527 -5.68483
0.0783 -1.49054
0.0783 -1.49054
0.0785427 -1.49312
0.0787984 -1.49584
0.0790678 -1.4987
0.0793516 -1.50172
0.0796506 -1.5049
0.0799656 -1.50825
0.0802976 -1.51178
0.0806473 -1.5155
0.0810157 -1.51941
0.0814039 -1.52354
0.0818128 -1.52789
0.0822437 -1.53247
0.0826977 -1.53729
0.0831759 -1.54238
0.0836798 -1.54773
0.0842107 -1.55338
0.0847701 -1.55932
0.0853594 -1.56559
0.0859802 -1.57219
0.0866344 -1.57914
0.0873235 -1.58647
0.0880496 -1.59419
0.0888146 -1.60232
0.0896206 -1.61089
0.0904697 -1.61991
0.0913644 -1.62942
0.0923069 -1.63944
0.0933 -1.65
0.0933 0
0.0943551 0
0.0960786 0
0.0988935 0
0.103491 0
0.111001 0
0.123266 0
0.1433 0
