v ATLAS
# This file was created by ATLAS version 5.28.1.R on Sun Sep 27 03:29:11 2026.
#SSF 2.0 generic
##############################################################################
#                    Copyright (c) 1984 - 2019                               #
#                    Silvaco Inc. All rights reserved                        #
#                                                                            #
# This file format and the following Key are copyright Silvaco Inc.          #
# You may not use, this format or key without reproducing this message in    #
# full and obtaining express written permission from Silvaco Inc.            #
#                                                                            #
# To obtain such permission please contact: Silvaco Inc.                     #
#                                           support@silvaco.com              #
#                                                                            #
# KEY=SVC86hn7562asdx                       PROD=345                         #
##############################################################################
p 4 77 79 78 206
d  0.000000e+000 0.000000e+000 0.000000e+000 0.000000e+000
d  1.781838e-002 0.000000e+000 0.000000e+000 0.000000e+000
d  3.563675e-002 0.000000e+000 0.000000e+000 0.000000e+000
d  5.345513e-002 0.000000e+000 0.000000e+000 0.000000e+000
d  7.127351e-002 0.000000e+000 0.000000e+000 0.000000e+000
d  8.909188e-002 0.000000e+000 0.000000e+000 0.000000e+000
d  1.069103e-001 0.000000e+000 0.000000e+000 0.000000e+000
d  1.247286e-001 0.000000e+000 0.000000e+000 0.000000e+000
d  1.425470e-001 0.000000e+000 0.000000e+000 0.000000e+000
d  1.603654e-001 0.000000e+000 0.000000e+000 0.000000e+000
d  1.781838e-001 0.000000e+000 0.000000e+000 0.000000e+000
d  1.960021e-001 0.000000e+000 0.000000e+000 0.000000e+000
d  2.138205e-001 0.000000e+000 0.000000e+000 0.000000e+000
d  2.316389e-001 0.000000e+000 0.000000e+000 0.000000e+000
d  2.494573e-001 0.000000e+000 0.000000e+000 0.000000e+000
d  2.672757e-001 0.000000e+000 0.000000e+000 0.000000e+000
d  2.850940e-001 0.000000e+000 0.000000e+000 0.000000e+000
d  3.029124e-001 0.000000e+000 0.000000e+000 0.000000e+000
d  3.207308e-001 0.000000e+000 0.000000e+000 0.000000e+000
d  3.385492e-001 0.000000e+000 0.000000e+000 0.000000e+000
d  3.563675e-001 0.000000e+000 0.000000e+000 0.000000e+000
d  3.741859e-001 0.000000e+000 0.000000e+000 0.000000e+000
d  3.920043e-001 0.000000e+000 0.000000e+000 0.000000e+000
d  4.098227e-001 0.000000e+000 0.000000e+000 0.000000e+000
d  4.276410e-001 0.000000e+000 0.000000e+000 0.000000e+000
d  4.454594e-001 0.000000e+000 0.000000e+000 0.000000e+000
d  4.632778e-001 0.000000e+000 0.000000e+000 0.000000e+000
d  4.810962e-001 0.000000e+000 0.000000e+000 0.000000e+000
d  4.989146e-001 0.000000e+000 0.000000e+000 0.000000e+000
d  5.167329e-001 0.000000e+000 0.000000e+000 0.000000e+000
d  5.345513e-001 0.000000e+000 0.000000e+000 0.000000e+000
d  5.523697e-001 0.000000e+000 0.000000e+000 0.000000e+000
d  5.701881e-001 0.000000e+000 0.000000e+000 0.000000e+000
d  5.880064e-001 0.000000e+000 0.000000e+000 0.000000e+000
d  6.058248e-001 0.000000e+000 0.000000e+000 0.000000e+000
d  6.236432e-001 0.000000e+000 0.000000e+000 0.000000e+000
d  6.414616e-001 0.000000e+000 0.000000e+000 0.000000e+000
d  6.592799e-001 0.000000e+000 0.000000e+000 0.000000e+000
d  6.770983e-001 0.000000e+000 0.000000e+000 0.000000e+000
d  6.949167e-001 0.000000e+000 0.000000e+000 0.000000e+000
d  7.127351e-001 0.000000e+000 0.000000e+000 0.000000e+000
d  7.305535e-001 0.000000e+000 0.000000e+000 0.000000e+000
d  7.483718e-001 0.000000e+000 0.000000e+000 0.000000e+000
d  7.661902e-001 0.000000e+000 0.000000e+000 0.000000e+000
d  7.840086e-001 0.000000e+000 0.000000e+000 0.000000e+000
d  8.018270e-001 0.000000e+000 0.000000e+000 0.000000e+000
d  8.196453e-001 0.000000e+000 0.000000e+000 0.000000e+000
d  8.374637e-001 0.000000e+000 0.000000e+000 0.000000e+000
d  8.552821e-001 0.000000e+000 0.000000e+000 0.000000e+000
d  8.731005e-001 0.000000e+000 0.000000e+000 0.000000e+000
d  8.909188e-001 0.000000e+000 0.000000e+000 0.000000e+000
d  9.087372e-001 0.000000e+000 0.000000e+000 0.000000e+000
d  9.265556e-001 0.000000e+000 0.000000e+000 0.000000e+000
d  9.443740e-001 0.000000e+000 0.000000e+000 0.000000e+000
d  9.621924e-001 0.000000e+000 0.000000e+000 0.000000e+000
d  9.800107e-001 0.000000e+000 0.000000e+000 0.000000e+000
d  9.978291e-001 0.000000e+000 0.000000e+000 0.000000e+000
d  1.015647e+000 0.000000e+000 0.000000e+000 0.000000e+000
d  1.033466e+000 0.000000e+000 0.000000e+000 0.000000e+000
d  1.051284e+000 0.000000e+000 0.000000e+000 0.000000e+000
d  1.069103e+000 0.000000e+000 0.000000e+000 0.000000e+000
d  1.086921e+000 0.000000e+000 0.000000e+000 0.000000e+000
d  1.104739e+000 0.000000e+000 0.000000e+000 0.000000e+000
d  1.122558e+000 0.000000e+000 0.000000e+000 0.000000e+000
d  1.140376e+000 0.000000e+000 0.000000e+000 0.000000e+000
d  1.158195e+000 0.000000e+000 0.000000e+000 0.000000e+000
d  1.176013e+000 0.000000e+000 0.000000e+000 0.000000e+000
d  1.193831e+000 0.000000e+000 0.000000e+000 0.000000e+000
d  1.211650e+000 0.000000e+000 0.000000e+000 0.000000e+000
d  1.229468e+000 0.000000e+000 0.000000e+000 0.000000e+000
d  1.247286e+000 0.000000e+000 0.000000e+000 0.000000e+000
d  1.265105e+000 0.000000e+000 0.000000e+000 0.000000e+000
d  1.282923e+000 0.000000e+000 0.000000e+000 0.000000e+000
d  1.300742e+000 0.000000e+000 0.000000e+000 0.000000e+000
d  1.318560e+000 0.000000e+000 0.000000e+000 0.000000e+000
d  1.336378e+000 0.000000e+000 0.000000e+000 0.000000e+000
d  1.354197e+000 0.000000e+000 0.000000e+000 0.000000e+000
d  1.372015e+000 0.000000e+000 0.000000e+000 0.000000e+000
d  1.389833e+000 0.000000e+000 0.000000e+000 0.000000e+000
d  1.407652e+000 0.000000e+000 0.000000e+000 0.000000e+000
d  1.425470e+000 0.000000e+000 0.000000e+000 0.000000e+000
d  1.443289e+000 0.000000e+000 0.000000e+000 0.000000e+000
d  1.461107e+000 0.000000e+000 0.000000e+000 0.000000e+000
d  1.478925e+000 0.000000e+000 0.000000e+000 0.000000e+000
d  1.496744e+000 0.000000e+000 0.000000e+000 0.000000e+000
d  1.514562e+000 0.000000e+000 0.000000e+000 0.000000e+000
d  1.532380e+000 0.000000e+000 0.000000e+000 0.000000e+000
d  1.550199e+000 0.000000e+000 0.000000e+000 0.000000e+000
d  1.568017e+000 0.000000e+000 0.000000e+000 0.000000e+000
d  1.585836e+000 0.000000e+000 0.000000e+000 0.000000e+000
d  1.603654e+000 0.000000e+000 0.000000e+000 0.000000e+000
d  1.621472e+000 0.000000e+000 0.000000e+000 0.000000e+000
d  1.639291e+000 0.000000e+000 0.000000e+000 0.000000e+000
d  1.657109e+000 0.000000e+000 0.000000e+000 0.000000e+000
d  1.674927e+000 0.000000e+000 0.000000e+000 0.000000e+000
d  1.692746e+000 0.000000e+000 0.000000e+000 0.000000e+000
d  1.710564e+000 0.000000e+000 0.000000e+000 0.000000e+000
d  1.728383e+000 0.000000e+000 0.000000e+000 0.000000e+000
d  1.746201e+000 0.000000e+000 0.000000e+000 0.000000e+000
d  1.764019e+000 0.000000e+000 0.000000e+000 0.000000e+000
d  1.781838e+000 0.000000e+000 0.000000e+000 0.000000e+000
d  1.799656e+000 0.000000e+000 0.000000e+000 0.000000e+000
d  1.817474e+000 0.000000e+000 0.000000e+000 0.000000e+000
d  1.835293e+000 0.000000e+000 0.000000e+000 0.000000e+000
d  1.853111e+000 0.000000e+000 0.000000e+000 0.000000e+000
d  1.870930e+000 0.000000e+000 0.000000e+000 0.000000e+000
d  1.888748e+000 0.000000e+000 0.000000e+000 0.000000e+000
d  1.906566e+000 0.000000e+000 0.000000e+000 0.000000e+000
d  1.924385e+000 0.000000e+000 0.000000e+000 0.000000e+000
d  1.942203e+000 0.000000e+000 0.000000e+000 0.000000e+000
d  1.960021e+000 0.000000e+000 0.000000e+000 0.000000e+000
d  1.977840e+000 0.000000e+000 0.000000e+000 0.000000e+000
d  1.995658e+000 0.000000e+000 0.000000e+000 0.000000e+000
d  2.013477e+000 0.000000e+000 0.000000e+000 0.000000e+000
d  2.031295e+000 0.000000e+000 0.000000e+000 0.000000e+000
d  2.049113e+000 0.000000e+000 0.000000e+000 0.000000e+000
d  2.066932e+000 0.000000e+000 0.000000e+000 0.000000e+000
d  2.084750e+000 0.000000e+000 0.000000e+000 0.000000e+000
d  2.102568e+000 0.000000e+000 0.000000e+000 0.000000e+000
d  2.120387e+000 0.000000e+000 0.000000e+000 0.000000e+000
d  2.138205e+000 0.000000e+000 0.000000e+000 0.000000e+000
d  2.156024e+000 0.000000e+000 0.000000e+000 0.000000e+000
d  2.173842e+000 0.000000e+000 0.000000e+000 0.000000e+000
d  2.191660e+000 0.000000e+000 0.000000e+000 0.000000e+000
d  2.209479e+000 0.000000e+000 0.000000e+000 0.000000e+000
d  2.227297e+000 0.000000e+000 0.000000e+000 0.000000e+000
d  2.245115e+000 0.000000e+000 0.000000e+000 0.000000e+000
d  2.262934e+000 0.000000e+000 0.000000e+000 0.000000e+000
d  2.280752e+000 0.000000e+000 0.000000e+000 0.000000e+000
d  2.298571e+000 0.000000e+000 0.000000e+000 0.000000e+000
d  2.316389e+000 0.000000e+000 0.000000e+000 0.000000e+000
d  2.334207e+000 0.000000e+000 0.000000e+000 0.000000e+000
d  2.352026e+000 0.000000e+000 0.000000e+000 0.000000e+000
d  2.369844e+000 0.000000e+000 0.000000e+000 0.000000e+000
d  2.387663e+000 0.000000e+000 0.000000e+000 0.000000e+000
d  2.405481e+000 0.000000e+000 0.000000e+000 0.000000e+000
d  2.423299e+000 0.000000e+000 0.000000e+000 0.000000e+000
d  2.441118e+000 0.000000e+000 0.000000e+000 0.000000e+000
d  2.458936e+000 0.000000e+000 0.000000e+000 0.000000e+000
d  2.476754e+000 0.000000e+000 0.000000e+000 0.000000e+000
d  2.494573e+000 0.000000e+000 0.000000e+000 0.000000e+000
d  2.512391e+000 0.000000e+000 0.000000e+000 0.000000e+000
d  2.530210e+000 0.000000e+000 0.000000e+000 0.000000e+000
d  2.548028e+000 0.000000e+000 0.000000e+000 0.000000e+000
d  2.565846e+000 0.000000e+000 0.000000e+000 0.000000e+000
d  2.583665e+000 0.000000e+000 0.000000e+000 0.000000e+000
d  2.601483e+000 0.000000e+000 0.000000e+000 0.000000e+000
d  2.619301e+000 0.000000e+000 0.000000e+000 0.000000e+000
d  2.637120e+000 0.000000e+000 0.000000e+000 0.000000e+000
d  2.654938e+000 0.000000e+000 0.000000e+000 0.000000e+000
d  2.672757e+000 0.000000e+000 0.000000e+000 0.000000e+000
d  2.690575e+000 0.000000e+000 0.000000e+000 0.000000e+000
d  2.708393e+000 0.000000e+000 0.000000e+000 0.000000e+000
d  2.726212e+000 0.000000e+000 0.000000e+000 0.000000e+000
d  2.744030e+000 0.000000e+000 0.000000e+000 0.000000e+000
d  2.761848e+000 0.000000e+000 0.000000e+000 0.000000e+000
d  2.779667e+000 0.000000e+000 0.000000e+000 0.000000e+000
d  2.797485e+000 0.000000e+000 0.000000e+000 0.000000e+000
d  2.815304e+000 0.000000e+000 0.000000e+000 0.000000e+000
d  2.833122e+000 0.000000e+000 0.000000e+000 0.000000e+000
d  2.850940e+000 0.000000e+000 0.000000e+000 0.000000e+000
d  2.868759e+000 0.000000e+000 0.000000e+000 0.000000e+000
d  2.886577e+000 0.000000e+000 0.000000e+000 0.000000e+000
d  2.904395e+000 0.000000e+000 0.000000e+000 0.000000e+000
d  2.922214e+000 0.000000e+000 0.000000e+000 0.000000e+000
d  2.940032e+000 0.000000e+000 0.000000e+000 0.000000e+000
d  2.957851e+000 0.000000e+000 0.000000e+000 0.000000e+000
d  2.975669e+000 0.000000e+000 0.000000e+000 0.000000e+000
d  2.993487e+000 0.000000e+000 0.000000e+000 0.000000e+000
d  3.011306e+000 0.000000e+000 0.000000e+000 0.000000e+000
d  3.029124e+000 0.000000e+000 0.000000e+000 0.000000e+000
d  3.046942e+000 0.000000e+000 0.000000e+000 0.000000e+000
d  3.064761e+000 0.000000e+000 0.000000e+000 0.000000e+000
d  3.082579e+000 0.000000e+000 0.000000e+000 0.000000e+000
d  3.100398e+000 0.000000e+000 0.000000e+000 0.000000e+000
d  3.118216e+000 0.000000e+000 0.000000e+000 0.000000e+000
d  3.136034e+000 0.000000e+000 0.000000e+000 0.000000e+000
d  3.153853e+000 0.000000e+000 0.000000e+000 0.000000e+000
d  3.171671e+000 0.000000e+000 0.000000e+000 0.000000e+000
d  3.189489e+000 0.000000e+000 0.000000e+000 0.000000e+000
d  3.207308e+000 0.000000e+000 0.000000e+000 0.000000e+000
d  3.225126e+000 0.000000e+000 0.000000e+000 0.000000e+000
d  3.242945e+000 0.000000e+000 0.000000e+000 0.000000e+000
d  3.260763e+000 0.000000e+000 0.000000e+000 0.000000e+000
d  3.278581e+000 0.000000e+000 0.000000e+000 0.000000e+000
d  3.296400e+000 0.000000e+000 0.000000e+000 0.000000e+000
d  3.314218e+000 0.000000e+000 0.000000e+000 0.000000e+000
d  3.332036e+000 0.000000e+000 0.000000e+000 0.000000e+000
d  3.349855e+000 0.000000e+000 0.000000e+000 0.000000e+000
d  3.367673e+000 0.000000e+000 0.000000e+000 0.000000e+000
d  3.385492e+000 0.000000e+000 0.000000e+000 0.000000e+000
d  3.403310e+000 0.000000e+000 0.000000e+000 0.000000e+000
