drain current vs gate bias
76 2 2
gate bias
drain current
-3 -1.07153e-018
-2.8 -3.34736e-019
-2.6 -1.19815e-018
-2.4 1.1717e-019
-2.2 -1.02996e-018
-2 4.67733e-020
-1.8 2.13787e-018
-1.6 9.32632e-019
-1.4 -1.52131e-019
-1.2 -2.73459e-018
-1 -2.20543e-018
-0.95 1.25107e-018
-0.9 8.74992e-019
-0.85 2.83475e-019
-0.8 -3.72958e-018
-0.75 -3.99699e-019
-0.7 -3.43004e-019
-0.65 3.9951e-018
-0.6 6.7089e-019
-0.55 -5.12522e-018
-0.5 -4.39764e-018
-0.45 -4.59229e-019
-0.4 -3.35256e-018
-0.35 -2.05979e-019
-0.3 1.67826e-018
-0.25 -4.48398e-018
-0.2 5.28989e-018
-0.15 -5.74596e-018
-0.1 2.29982e-018
-0.05 1.35916e-017
-4.24783e-016 8.177e-017
0.05 5.66838e-016
0.1 3.66519e-015
0.15 2.28159e-014
0.2 1.36159e-013
0.25 7.45308e-013
0.3 3.4233e-012
0.35 1.22905e-011
0.4 3.46532e-011
0.45 8.05353e-011
0.5 1.62171e-010
0.55 2.93957e-010
0.6 4.92767e-010
0.65 7.78509e-010
0.7 1.17484e-009
0.75 1.70998e-009
0.8 2.41756e-009
0.85 3.33728e-009
0.9 4.51529e-009
0.95 6.00385e-009
1 7.85992e-009
1.05 1.01428e-008
1.1 1.29115e-008
1.15 1.62234e-008
1.2 2.01327e-008
1.25 2.4689e-008
1.3 2.99357e-008
1.35 3.59089e-008
1.4 4.26356e-008
1.45 5.01333e-008
1.5 5.84092e-008
1.6 7.72697e-008
1.7 9.90606e-008
1.8 1.23482e-007
1.9 1.50145e-007
2 1.78643e-007
2.1 2.08599e-007
2.2 2.39696e-007
2.3 2.71683e-007
2.4 3.04365e-007
2.5 3.37598e-007
2.6 3.71271e-007
2.7 4.05301e-007
2.8 4.39626e-007
2.9 4.74196e-007
3 5.08975e-007
