source current vs gate bias
76 2 2
gate bias
source current
-3 -4.25212e-020
-2.8 7.3231e-020
-2.6 4.26629e-019
-2.4 -8.17352e-019
-2.2 1.41359e-018
-2 9.05229e-019
-1.8 2.38213e-018
-1.6 3.63698e-018
-1.4 1.32591e-017
-1.2 3.1906e-017
-1 1.77644e-019
-0.95 2.79695e-019
-0.9 8.9389e-019
-0.85 -1.28698e-018
-0.8 -8.54204e-019
-0.75 -4.5167e-019
-0.7 -2.75915e-019
-0.65 -5.10255e-020
-0.6 -1.24729e-019
-0.55 -1.3191e-018
-0.5 1.10744e-018
-0.45 1.7462e-018
-0.4 8.05067e-019
-0.35 3.13701e-019
-0.3 2.07496e-018
-0.25 -7.11079e-019
-0.2 2.18122e-018
-0.15 1.42427e-018
-0.1 -1.61025e-018
-0.05 -1.33149e-017
-4.24783e-016 -8.75194e-017
0.05 -5.69505e-016
0.1 -3.66296e-015
0.15 -2.28173e-014
0.2 -1.36155e-013
0.25 -7.45307e-013
0.3 -3.4233e-012
0.35 -1.22906e-011
0.4 -3.46532e-011
0.45 -8.05353e-011
0.5 -1.62171e-010
0.55 -2.93957e-010
0.6 -4.92767e-010
0.65 -7.78509e-010
0.7 -1.17484e-009
0.75 -1.70998e-009
0.8 -2.41756e-009
0.85 -3.33728e-009
0.9 -4.51529e-009
0.95 -6.00385e-009
1 -7.85992e-009
1.05 -1.01428e-008
1.1 -1.29115e-008
1.15 -1.62234e-008
1.2 -2.01327e-008
1.25 -2.4689e-008
1.3 -2.99357e-008
1.35 -3.59089e-008
1.4 -4.26356e-008
1.45 -5.01333e-008
1.5 -5.84092e-008
1.6 -7.72697e-008
1.7 -9.90606e-008
1.8 -1.23482e-007
1.9 -1.50145e-007
2 -1.78643e-007
2.1 -2.08599e-007
2.2 -2.39696e-007
2.3 -2.71683e-007
2.4 -3.04365e-007
2.5 -3.37598e-007
2.6 -3.71271e-007
2.7 -4.05301e-007
2.8 -4.39626e-007
2.9 -4.74196e-007
3 -5.08975e-007
