&CONTROL
   calculation      = 'relax'
   tstress          = .true.
   tprnfor          = .true.
   outdir           = './tmp'
   prefix           = 'slab_3p0nm_In2O3'
   etot_conv_thr    = 1e-05
   forc_conv_thr    = 0.001
   pseudo_dir       = './pseudo'
   tefield          = .true.
   dipfield         = .true.
/
&SYSTEM
   ecutwfc          = 71
   ecutrho          = 639
   occupations      = 'smearing'
   degauss          = 0.005
   smearing         = 'mv'
   nspin            = 1
   ntyp             = 3
   nat              = 256
   ibrav            = 0
/
&ELECTRONS
   conv_thr         = 1e-09
   mixing_beta      = 0.4
/
&IONS
/
&CELL
   press_conv_thr   = 0.5
/
&FCP
/
&RISM
/
ATOMIC_SPECIES
In 114.818 In.pbe-dn-kjpaw_psl.1.0.0.UPF
O 15.999 O.pbe-n-kjpaw_psl.1.0.0.UPF
H 1.008 H.pbe-kjpaw_psl.1.0.0.UPF

K_POINTS automatic
3 3 1  0 0 0

CELL_PARAMETERS angstrom
10.11700000000000 0.00000000000000 0.00000000000000
0.00000000000000 10.11700000000000 0.00000000000000
0.00000000000000 0.00000000000000 55.00904540000000

ATOMIC_POSITIONS angstrom
In 2.5292500000 2.5292500000 15.0292500000  
In 2.5292500000 7.5877500000 20.0877500000  
In 7.5877500000 7.5877500000 15.0292500000  
In 7.5877500000 2.5292500000 20.0877500000  
In 7.5877500000 7.5877500000 20.0877500000  
In 7.5877500000 2.5292500000 15.0292500000  
In 2.5292500000 2.5292500000 20.0877500000  
In 2.5292500000 7.5877500000 15.0292500000  
In 4.7165454000 0.0000000000 15.0292500000  
In 0.3419546000 0.0000000000 20.0877500000  
In 5.4004546000 5.0585000000 15.0292500000  
In 9.7750454000 5.0585000000 20.0877500000  
In 2.5292500000 4.7165454000 12.5000000000  
In 7.5877500000 0.3419546000 12.5000000000  
In 2.5292500000 5.4004546000 17.5585000000  
In 7.5877500000 9.7750454000 17.5585000000  
In 0.0000000000 2.5292500000 17.2165454000  
In 0.0000000000 7.5877500000 12.8419546000  
In 5.0585000000 2.5292500000 17.9004546000  
In 5.0585000000 7.5877500000 22.2750454000  
In 5.4004546000 0.0000000000 20.0877500000  
In 9.7750454000 0.0000000000 15.0292500000  
In 4.7165454000 5.0585000000 20.0877500000  
In 0.3419546000 5.0585000000 15.0292500000  
In 7.5877500000 5.4004546000 12.5000000000  
In 2.5292500000 9.7750454000 12.5000000000  
In 7.5877500000 4.7165454000 17.5585000000  
In 2.5292500000 0.3419546000 17.5585000000  
In 0.0000000000 7.5877500000 17.9004546000  
In 0.0000000000 2.5292500000 22.2750454000  
In 5.0585000000 7.5877500000 17.2165454000  
In 5.0585000000 2.5292500000 12.8419546000  
O 3.9506885000 1.5650999000 16.3657057000  
O 1.1078115000 8.5519001000 21.4242057000  
O 6.1663115000 6.6235999000 13.6927943000  
O 9.0091885000 3.4934001000 18.7512943000  
O 3.8657057000 3.9506885000 14.0650999000  
O 8.9242057000 1.1078115000 21.0519001000  
O 1.1927943000 6.1663115000 19.1235999000  
O 6.2512943000 9.0091885000 15.9934001000  
O 1.5650999000 3.8657057000 16.4506885000  
O 8.5519001000 8.9242057000 13.6078115000  
O 6.6235999000 1.1927943000 18.6663115000  
O 3.4934001000 6.2512943000 21.5091885000  
O 9.0091885000 6.6235999000 21.4242057000  
O 6.1663115000 3.4934001000 16.3657057000  
O 1.1078115000 1.5650999000 18.7512943000  
O 3.9506885000 8.5519001000 13.6927943000  
O 8.9242057000 9.0091885000 19.1235999000  
O 3.8657057000 6.1663115000 15.9934001000  
O 6.2512943000 1.1078115000 14.0650999000  
O 1.1927943000 3.9506885000 21.0519001000  
O 6.6235999000 8.9242057000 21.5091885000  
O 3.4934001000 3.8657057000 18.6663115000  
O 1.5650999000 6.2512943000 13.6078115000  
O 8.5519001000 1.1927943000 16.4506885000  
O 6.1663115000 8.5519001000 18.7512943000  
O 9.0091885000 1.5650999000 13.6927943000  
O 3.9506885000 3.4934001000 21.4242057000  
O 1.1078115000 6.6235999000 16.3657057000  
O 6.2512943000 6.1663115000 21.0519001000  
O 1.1927943000 9.0091885000 14.0650999000  
O 8.9242057000 3.9506885000 15.9934001000  
O 3.8657057000 1.1078115000 19.1235999000  
O 8.5519001000 6.2512943000 18.6663115000  
O 1.5650999000 1.1927943000 21.5091885000  
O 3.4934001000 8.9242057000 16.4506885000  
O 6.6235999000 3.8657057000 13.6078115000  
O 1.1078115000 3.4934001000 13.6927943000  
O 3.9506885000 6.6235999000 18.7512943000  
O 9.0091885000 8.5519001000 16.3657057000  
O 6.1663115000 1.5650999000 21.4242057000  
O 1.1927943000 1.1078115000 15.9934001000  
O 6.2512943000 3.9506885000 19.1235999000  
O 3.8657057000 9.0091885000 21.0519001000  
O 8.9242057000 6.1663115000 14.0650999000  
O 3.4934001000 1.1927943000 13.6078115000  
O 6.6235999000 6.2512943000 16.4506885000  
O 8.5519001000 3.8657057000 21.5091885000  
O 1.5650999000 8.9242057000 18.6663115000  
In 2.5292500000 2.5292500000 25.1462500000  
In 2.5292500000 7.5877500000 30.2047500000  
In 7.5877500000 7.5877500000 25.1462500000  
In 7.5877500000 2.5292500000 30.2047500000  
In 7.5877500000 7.5877500000 30.2047500000  
In 7.5877500000 2.5292500000 25.1462500000  
In 2.5292500000 2.5292500000 30.2047500000  
In 2.5292500000 7.5877500000 25.1462500000  
In 4.7165454000 0.0000000000 25.1462500000  
In 0.3419546000 0.0000000000 30.2047500000  
In 5.4004546000 5.0585000000 25.1462500000  
In 9.7750454000 5.0585000000 30.2047500000  
In 2.5292500000 4.7165454000 22.6170000000  
In 7.5877500000 0.3419546000 22.6170000000  
In 2.5292500000 5.4004546000 27.6755000000  
In 7.5877500000 9.7750454000 27.6755000000  
In 0.0000000000 2.5292500000 27.3335454000  
In 0.0000000000 7.5877500000 22.9589546000  
In 5.0585000000 2.5292500000 28.0174546000  
In 5.0585000000 7.5877500000 32.3920454000  
In 5.4004546000 0.0000000000 30.2047500000  
In 9.7750454000 0.0000000000 25.1462500000  
In 4.7165454000 5.0585000000 30.2047500000  
In 0.3419546000 5.0585000000 25.1462500000  
In 7.5877500000 5.4004546000 22.6170000000  
In 2.5292500000 9.7750454000 22.6170000000  
In 7.5877500000 4.7165454000 27.6755000000  
In 2.5292500000 0.3419546000 27.6755000000  
In 0.0000000000 7.5877500000 28.0174546000  
In 0.0000000000 2.5292500000 32.3920454000  
In 5.0585000000 7.5877500000 27.3335454000  
In 5.0585000000 2.5292500000 22.9589546000  
O 3.9506885000 1.5650999000 26.4827057000  
O 1.1078115000 8.5519001000 31.5412057000  
O 6.1663115000 6.6235999000 23.8097943000  
O 9.0091885000 3.4934001000 28.8682943000  
O 3.8657057000 3.9506885000 24.1820999000  
O 8.9242057000 1.1078115000 31.1689001000  
O 1.1927943000 6.1663115000 29.2405999000  
O 6.2512943000 9.0091885000 26.1104001000  
O 1.5650999000 3.8657057000 26.5676885000  
O 8.5519001000 8.9242057000 23.7248115000  
O 6.6235999000 1.1927943000 28.7833115000  
O 3.4934001000 6.2512943000 31.6261885000  
O 9.0091885000 6.6235999000 31.5412057000  
O 6.1663115000 3.4934001000 26.4827057000  
O 1.1078115000 1.5650999000 28.8682943000  
O 3.9506885000 8.5519001000 23.8097943000  
O 8.9242057000 9.0091885000 29.2405999000  
O 3.8657057000 6.1663115000 26.1104001000  
O 6.2512943000 1.1078115000 24.1820999000  
O 1.1927943000 3.9506885000 31.1689001000  
O 6.6235999000 8.9242057000 31.6261885000  
O 3.4934001000 3.8657057000 28.7833115000  
O 1.5650999000 6.2512943000 23.7248115000  
O 8.5519001000 1.1927943000 26.5676885000  
O 6.1663115000 8.5519001000 28.8682943000  
O 9.0091885000 1.5650999000 23.8097943000  
O 3.9506885000 3.4934001000 31.5412057000  
O 1.1078115000 6.6235999000 26.4827057000  
O 6.2512943000 6.1663115000 31.1689001000  
O 1.1927943000 9.0091885000 24.1820999000  
O 8.9242057000 3.9506885000 26.1104001000  
O 3.8657057000 1.1078115000 29.2405999000  
O 8.5519001000 6.2512943000 28.7833115000  
O 1.5650999000 1.1927943000 31.6261885000  
O 3.4934001000 8.9242057000 26.5676885000  
O 6.6235999000 3.8657057000 23.7248115000  
O 1.1078115000 3.4934001000 23.8097943000  
O 3.9506885000 6.6235999000 28.8682943000  
O 9.0091885000 8.5519001000 26.4827057000  
O 6.1663115000 1.5650999000 31.5412057000  
O 1.1927943000 1.1078115000 26.1104001000  
O 6.2512943000 3.9506885000 29.2405999000  
O 3.8657057000 9.0091885000 31.1689001000  
O 8.9242057000 6.1663115000 24.1820999000  
O 3.4934001000 1.1927943000 23.7248115000  
O 6.6235999000 6.2512943000 26.5676885000  
O 8.5519001000 3.8657057000 31.6261885000  
O 1.5650999000 8.9242057000 28.7833115000  
In 2.5292500000 2.5292500000 35.2632500000  
In 2.5292500000 7.5877500000 40.3217500000  
In 7.5877500000 7.5877500000 35.2632500000  
In 7.5877500000 2.5292500000 40.3217500000  
In 7.5877500000 7.5877500000 40.3217500000  
In 7.5877500000 2.5292500000 35.2632500000  
In 2.5292500000 2.5292500000 40.3217500000  
In 2.5292500000 7.5877500000 35.2632500000  
In 4.7165454000 0.0000000000 35.2632500000  
In 0.3419546000 0.0000000000 40.3217500000  
In 5.4004546000 5.0585000000 35.2632500000  
In 9.7750454000 5.0585000000 40.3217500000  
In 2.5292500000 4.7165454000 32.7340000000  
In 7.5877500000 0.3419546000 32.7340000000  
In 2.5292500000 5.4004546000 37.7925000000  
In 7.5877500000 9.7750454000 37.7925000000  
In 0.0000000000 2.5292500000 37.4505454000  
In 0.0000000000 7.5877500000 33.0759546000  
In 5.0585000000 2.5292500000 38.1344546000  
In 5.0585000000 7.5877500000 42.5090454000  
In 5.4004546000 0.0000000000 40.3217500000  
In 9.7750454000 0.0000000000 35.2632500000  
In 4.7165454000 5.0585000000 40.3217500000  
In 0.3419546000 5.0585000000 35.2632500000  
In 7.5877500000 5.4004546000 32.7340000000  
In 2.5292500000 9.7750454000 32.7340000000  
In 7.5877500000 4.7165454000 37.7925000000  
In 2.5292500000 0.3419546000 37.7925000000  
In 0.0000000000 7.5877500000 38.1344546000  
In 0.0000000000 2.5292500000 42.5090454000  
In 5.0585000000 7.5877500000 37.4505454000  
In 5.0585000000 2.5292500000 33.0759546000  
O 3.9506885000 1.5650999000 36.5997057000  
O 1.1078115000 8.5519001000 41.6582057000  
O 6.1663115000 6.6235999000 33.9267943000  
O 9.0091885000 3.4934001000 38.9852943000  
O 3.8657057000 3.9506885000 34.2990999000  
O 8.9242057000 1.1078115000 41.2859001000  
O 1.1927943000 6.1663115000 39.3575999000  
O 6.2512943000 9.0091885000 36.2274001000  
O 1.5650999000 3.8657057000 36.6846885000  
O 8.5519001000 8.9242057000 33.8418115000  
O 6.6235999000 1.1927943000 38.9003115000  
O 3.4934001000 6.2512943000 41.7431885000  
O 9.0091885000 6.6235999000 41.6582057000  
O 6.1663115000 3.4934001000 36.5997057000  
O 1.1078115000 1.5650999000 38.9852943000  
O 3.9506885000 8.5519001000 33.9267943000  
O 8.9242057000 9.0091885000 39.3575999000  
O 3.8657057000 6.1663115000 36.2274001000  
O 6.2512943000 1.1078115000 34.2990999000  
O 1.1927943000 3.9506885000 41.2859001000  
O 6.6235999000 8.9242057000 41.7431885000  
O 3.4934001000 3.8657057000 38.9003115000  
O 1.5650999000 6.2512943000 33.8418115000  
O 8.5519001000 1.1927943000 36.6846885000  
O 6.1663115000 8.5519001000 38.9852943000  
O 9.0091885000 1.5650999000 33.9267943000  
O 3.9506885000 3.4934001000 41.6582057000  
O 1.1078115000 6.6235999000 36.5997057000  
O 6.2512943000 6.1663115000 41.2859001000  
O 1.1927943000 9.0091885000 34.2990999000  
O 8.9242057000 3.9506885000 36.2274001000  
O 3.8657057000 1.1078115000 39.3575999000  
O 8.5519001000 6.2512943000 38.9003115000  
O 1.5650999000 1.1927943000 41.7431885000  
O 3.4934001000 8.9242057000 36.6846885000  
O 6.6235999000 3.8657057000 33.8418115000  
O 1.1078115000 3.4934001000 33.9267943000  
O 3.9506885000 6.6235999000 38.9852943000  
O 9.0091885000 8.5519001000 36.5997057000  
O 6.1663115000 1.5650999000 41.6582057000  
O 1.1927943000 1.1078115000 36.2274001000  
O 6.2512943000 3.9506885000 39.3575999000  
O 3.8657057000 9.0091885000 41.2859001000  
O 8.9242057000 6.1663115000 34.2990999000  
O 3.4934001000 1.1927943000 33.8418115000  
O 6.6235999000 6.2512943000 36.6846885000  
O 8.5519001000 3.8657057000 41.7431885000  
O 1.5650999000 8.9242057000 38.9003115000  
H 6.1663115000 6.6235999000 12.7127943000  
H 8.5519001000 8.9242057000 12.6278115000  
H 3.9506885000 8.5519001000 12.7127943000  
H 1.5650999000 6.2512943000 12.6278115000  
H 9.0091885000 1.5650999000 12.7127943000  
H 6.6235999000 3.8657057000 12.6278115000  
H 1.1078115000 3.4934001000 12.7127943000  
H 3.4934001000 1.1927943000 12.6278115000  
H 1.1078115000 8.5519001000 42.6382057000  
H 3.4934001000 6.2512943000 42.7231885000  
H 9.0091885000 6.6235999000 42.6382057000  
H 6.6235999000 8.9242057000 42.7231885000  
H 3.9506885000 3.4934001000 42.6382057000  
H 1.5650999000 1.1927943000 42.7231885000  
H 6.1663115000 1.5650999000 42.6382057000  
H 8.5519001000 3.8657057000 42.7231885000  

