source current vs gate bias
121 2 2
gate bias
source current
-3 0
-2.95 0
-2.9 0
-2.85 0
-2.8 0
-2.75 0
-2.7 0
-2.65 0
-2.6 0
-2.55 0
-2.5 0
-2.45 0
-2.4 0
-2.35 0
-2.3 0
-2.25 0
-2.2 0
-2.15 0
-2.1 0
-2.05 0
-2 0
-1.95 0
-1.9 0
-1.85 0
-1.8 0
-1.75 0
-1.7 0
-1.65 0
-1.6 0
-1.55 0
-1.5 0
-1.45 0
-1.4 0
-1.35 0
-1.3 0
-1.25 0
-1.2 0
-1.15 0
-1.1 0
-1.05 0
-1 0
-0.95 0
-0.9 0
-0.85 0
-0.8 0
-0.75 0
-0.7 0
-0.65 0
-0.6 0
-0.55 0
-0.5 0
-0.45 0
-0.4 0
-0.35 0
-0.3 -1.03232e-021
-0.25 -4.12928e-021
-0.2 -2.47757e-020
-0.15 -1.74462e-019
-0.1 -1.20368e-018
-0.05 -8.32979e-018
0 -5.75869e-017
0.05 -3.9778e-016
0.1 -2.73947e-015
0.15 -1.86756e-014
0.2 -1.23216e-013
0.25 -7.41718e-013
0.3 -3.68435e-012
0.35 -1.39874e-011
0.4 -4.08552e-011
0.45 -9.69473e-011
0.5 -1.97487e-010
0.55 -3.59985e-010
0.6 -6.04432e-010
0.65 -9.53759e-010
0.7 -1.43442e-009
0.75 -2.07702e-009
0.8 -2.9169e-009
0.85 -3.9945e-009
0.9 -5.35533e-009
0.95 -7.04921e-009
1 -9.12844e-009
1.05 -1.16455e-008
1.1 -1.46513e-008
1.15 -1.81943e-008
1.2 -2.23194e-008
1.25 -2.70679e-008
1.3 -3.24754e-008
1.35 -3.85713e-008
1.4 -4.53775e-008
1.45 -5.29083e-008
1.5 -6.11689e-008
1.55 -7.01561e-008
1.6 -7.98576e-008
1.65 -9.02531e-008
1.7 -1.01315e-007
1.75 -1.1301e-007
1.8 -1.25299e-007
1.85 -1.38142e-007
1.9 -1.51497e-007
1.95 -1.65321e-007
2 -1.79574e-007
2.05 -1.94216e-007
2.1 -2.0921e-007
2.15 -2.24523e-007
2.2 -2.40123e-007
2.25 -2.55981e-007
2.3 -2.72073e-007
2.35 -2.88374e-007
2.4 -3.04865e-007
2.45 -3.21527e-007
2.5 -3.38343e-007
2.55 -3.553e-007
2.6 -3.72383e-007
2.65 -3.89582e-007
2.7 -4.06887e-007
2.75 -4.24288e-007
2.8 -4.41777e-007
2.85 -4.59347e-007
2.9 -4.76991e-007
2.95 -4.94704e-007
3 -5.1248e-007
