Probe avg_n vs gate bias
76 2 2
gate bias
Probe avg_n
-3 7.76128e+012
-2.8 7.76221e+012
-2.6 7.76385e+012
-2.4 7.7667e+012
-2.2 7.77162e+012
-2 7.78013e+012
-1.8 7.79485e+012
-1.6 7.8203e+012
-1.4 7.86434e+012
-1.2 7.9406e+012
-1 8.073e+012
-0.95 8.11925e+012
-0.9 8.17242e+012
-0.85 8.23356e+012
-0.8 8.3039e+012
-0.75 8.38484e+012
-0.7 8.47804e+012
-0.65 8.58539e+012
-0.6 8.70912e+012
-0.55 8.8518e+012
-0.5 9.01645e+012
-0.45 9.20664e+012
-0.4 9.42654e+012
-0.35 9.68115e+012
-0.3 9.97655e+012
-0.25 1.03215e+013
-0.2 1.07372e+013
-0.15 1.13177e+013
-0.1 1.25954e+013
-0.05 1.75348e+013
-4.24783e-016 4.02753e+013
0.05 1.28651e+014
0.1 3.76405e+014
0.15 8.82851e+014
0.2 1.71328e+015
0.25 2.90488e+015
0.3 4.48485e+015
0.35 6.48098e+015
0.4 8.92626e+015
0.45 1.18609e+016
0.5 1.53339e+016
0.55 1.94044e+016
0.6 2.41436e+016
0.65 2.96371e+016
0.7 3.59891e+016
0.75 4.33277e+016
0.8 5.18119e+016
0.85 6.16344e+016
0.9 7.30163e+016
0.95 8.62013e+016
1 1.01452e+017
1.05 1.19049e+017
1.1 1.39283e+017
1.15 1.62452e+017
1.2 1.88854e+017
1.25 2.18778e+017
1.3 2.52498e+017
1.35 2.90269e+017
1.4 3.32319e+017
1.45 3.78855e+017
1.5 4.30057e+017
1.6 5.47068e+017
1.7 6.84375e+017
1.8 8.42722e+017
1.9 1.02258e+018
2 1.22413e+018
2.1 1.4472e+018
2.2 1.69134e+018
2.3 1.95577e+018
2.4 2.23957e+018
2.5 2.54164e+018
2.6 2.86085e+018
2.7 3.19603e+018
2.8 3.54608e+018
2.9 3.90989e+018
3 4.28647e+018
