Conduction Band Energy vs Depth
92 2 2
Depth
Conduction Band Energy
0 3.60431
0.0199902 3.60431
0.0344313 3.60431
0.0448638 3.60431
0.0524003 3.60431
0.0578448 3.60431
0.061778 3.60431
0.0646194 3.60431
0.066672 3.60431
0.0681549 3.60431
0.0692261 3.60431
0.07 0.276712
0.07 0.276712
0.0707848 0.27682
0.0714745 0.277094
0.0720807 0.277473
0.0726135 0.277914
0.0730818 0.278384
0.0734934 0.278862
0.0738552 0.279332
0.0741731 0.279784
0.0744526 0.280211
0.0746982 0.28061
0.0749141 0.280978
0.0751038 0.281316
0.0752706 0.281624
0.0754172 0.281902
0.075546 0.282154
0.0756592 0.28238
0.0757587 0.282583
0.0758462 0.282764
0.0759231 0.282925
0.0759906 0.283069
0.07605 0.283197
0.07605 0.283197
0.0761125 0.283322
0.076175 0.283437
0.0762375 0.283543
0.0763 0.283639
0.0763 0.283639
0.0763595 3.6125
0.0764253 3.6139
0.0764982 3.61544
0.0765789 3.61716
0.0766683 3.61905
0.0767672 3.62115
0.0768767 3.62347
0.076998 3.62605
0.0771323 3.62889
0.0772809 3.63205
0.0774455 3.63554
0.0776277 3.6394
0.0778294 3.64368
0.0780527 3.64842
0.0783 4.55367
0.0783 4.55367
0.0785427 4.55603
0.0787984 4.55853
0.0790678 4.56116
0.0793516 4.56392
0.0796506 4.56684
0.0799656 4.56991
0.0802976 4.57315
0.0806473 4.57656
0.0810157 4.58016
0.0814039 4.58395
0.0818128 4.58794
0.0822437 4.59214
0.0826977 4.59657
0.0831759 4.60123
0.0836798 4.60615
0.0842107 4.61133
0.0847701 4.61678
0.0853594 4.62253
0.0859802 4.62859
0.0866344 4.63497
0.0873235 4.6417
0.0880496 4.64878
0.0888146 4.65624
0.0896206 4.6641
0.0904697 4.67239
0.0913644 4.68112
0.0923069 4.69031
0.0933 4.7
0.0933 0
0.0943551 0
0.0960786 0
0.0988935 0
0.103491 0
0.111001 0
0.123266 0
0.1433 0
