Conduction Band Energy vs Depth
92 2 2
Depth
Conduction Band Energy
0 3.12964
0.0199902 3.12964
0.0344313 3.12964
0.0448638 3.12964
0.0524003 3.12964
0.0578448 3.12964
0.061778 3.12964
0.0646194 3.12964
0.066672 3.12964
0.0681549 3.12964
0.0692261 3.12964
0.07 -0.197957
0.07 -0.197957
0.0707848 -0.200251
0.0714745 -0.206255
0.0720807 -0.215057
0.0726135 -0.226086
0.0730818 -0.238973
0.0734934 -0.253461
0.0738552 -0.269341
0.0741731 -0.2864
0.0744526 -0.304377
0.0746982 -0.322961
0.0749141 -0.341816
0.0751038 -0.360623
0.0752706 -0.379102
0.0754172 -0.397029
0.075546 -0.414228
0.0756592 -0.43057
0.0757587 -0.445966
0.0758462 -0.460361
0.0759231 -0.47373
0.0759906 -0.486071
0.07605 -0.4974
0.07605 -0.4974
0.0761125 -0.509857
0.076175 -0.522891
0.0762375 -0.536534
0.0763 -0.550822
0.0763 -0.550822
0.0763595 2.76357
0.0764253 2.74894
0.0764982 2.73274
0.0765789 2.71481
0.0766683 2.69496
0.0767672 2.67299
0.0768767 2.64865
0.076998 2.62171
0.0771323 2.59189
0.0772809 2.55887
0.0774455 2.52231
0.0776277 2.48183
0.0778294 2.43702
0.0780527 2.3874
0.0783 3.23247
0.0783 3.23247
0.0785427 3.20768
0.0787984 3.18156
0.0790678 3.15404
0.0793516 3.12504
0.0796506 3.09449
0.0799656 3.0623
0.0802976 3.02839
0.0806473 2.99267
0.0810157 2.95503
0.0814039 2.91537
0.0818128 2.87359
0.0822437 2.82957
0.0826977 2.78319
0.0831759 2.73432
0.0836798 2.68284
0.0842107 2.6286
0.0847701 2.57146
0.0853594 2.51125
0.0859802 2.44782
0.0866344 2.38099
0.0873235 2.31058
0.0880496 2.2364
0.0888146 2.15825
0.0896206 2.07591
0.0904697 1.98915
0.0913644 1.89775
0.0923069 1.80146
0.0933 1.7
0.0933 0
0.0943551 0
0.0960786 0
0.0988935 0
0.103491 0
0.111001 0
0.123266 0
0.1433 0
