Conduction Band Energy vs Depth
92 2 2
Depth
Conduction Band Energy
0 3.35459
0.0199902 3.35459
0.0344313 3.35459
0.0448638 3.35459
0.0524003 3.35459
0.0578448 3.35459
0.061778 3.35459
0.0646194 3.35459
0.066672 3.35459
0.0681549 3.35459
0.0692261 3.35459
0.07 0.0269948
0.07 0.0269948
0.0707848 0.0261783
0.0714745 0.024082
0.0720807 0.0211126
0.0726135 0.0175602
0.0730818 0.0136388
0.0734934 0.00950898
0.0738552 0.00529317
0.0741731 0.00108491
0.0744526 -0.0030445
0.0746982 -0.00704144
0.0749141 -0.0108666
0.0751038 -0.0144922
0.0752706 -0.0179002
0.0754172 -0.0210803
0.075546 -0.0240286
0.0756592 -0.0267463
0.0757587 -0.0292385
0.0758462 -0.0315133
0.0759231 -0.0335811
0.0759906 -0.0354537
0.07605 -0.037144
0.07605 -0.037144
0.0761125 -0.0389881
0.076175 -0.0409008
0.0762375 -0.0428841
0.0763 -0.0449401
0.0763 -0.0449401
0.0763595 3.28177
0.0764253 3.28079
0.0764982 3.2797
0.0765789 3.2785
0.0766683 3.27717
0.0767672 3.27569
0.0768767 3.27406
0.076998 3.27225
0.0771323 3.27025
0.0772809 3.26804
0.0774455 3.26558
0.0776277 3.26287
0.0778294 3.25986
0.0780527 3.25653
0.0783 4.15284
0.0783 4.15284
0.0785427 4.15118
0.0787984 4.14943
0.0790678 4.14758
0.0793516 4.14563
0.0796506 4.14358
0.0799656 4.14142
0.0802976 4.13915
0.0806473 4.13675
0.0810157 4.13422
0.0814039 4.13156
0.0818128 4.12876
0.0822437 4.1258
0.0826977 4.12269
0.0831759 4.11941
0.0836798 4.11596
0.0842107 4.11232
0.0847701 4.10848
0.0853594 4.10444
0.0859802 4.10019
0.0866344 4.0957
0.0873235 4.09098
0.0880496 4.086
0.0888146 4.08075
0.0896206 4.07523
0.0904697 4.0694
0.0913644 4.06327
0.0923069 4.05681
0.0933 4.05
0.0933 0
0.0943551 0
0.0960786 0
0.0988935 0
0.103491 0
0.111001 0
0.123266 0
0.1433 0
