Probe chan_n vs gate bias
76 2 2
gate bias
Probe chan_n
-3 8.41461e-034
-2.8 3.80784e-033
-2.6 2.1865e-030
-2.4 4.99555e-027
-2.2 1.144e-023
-2 2.51741e-020
-1.8 4.69368e-017
-1.6 1.07025e-013
-1.4 2.44182e-010
-1.2 3.61685e-007
-1 0.000824436
-0.95 0.00570309
-0.9 0.0394514
-0.85 0.272906
-0.8 1.88777
-0.75 13.0585
-0.7 90.3279
-0.65 624.738
-0.6 4319.33
-0.55 29836.7
-0.5 205746
-0.45 1.41492e+006
-0.4 9.69906e+006
-0.35 6.63e+007
-0.3 4.52401e+008
-0.25 3.07999e+009
-0.2 2.08107e+010
-0.15 1.37826e+011
-0.1 8.78162e+011
-0.05 5.24e+012
-4.24783e-016 2.77436e+013
0.05 1.18281e+014
0.1 3.74857e+014
0.15 8.94856e+014
0.2 1.72408e+015
0.25 2.86126e+015
0.3 4.28042e+015
0.35 5.94613e+015
0.4 7.82137e+015
0.45 9.87161e+015
0.5 1.20668e+016
0.55 1.43822e+016
0.6 1.67986e+016
0.65 1.93021e+016
0.7 2.18841e+016
0.75 2.4541e+016
0.8 2.7274e+016
0.85 3.0088e+016
0.9 3.29888e+016
0.95 3.59818e+016
1 3.90718e+016
1.05 4.22629e+016
1.1 4.5559e+016
1.15 4.89634e+016
1.2 5.24795e+016
1.25 5.61102e+016
1.3 5.98584e+016
1.35 6.3727e+016
1.4 6.77192e+016
1.45 7.18383e+016
1.5 7.60879e+016
1.6 8.49958e+016
1.7 9.44811e+016
1.8 1.04588e+017
1.9 1.15362e+017
2 1.2685e+017
2.1 1.39092e+017
2.2 1.52126e+017
2.3 1.65983e+017
2.4 1.80689e+017
2.5 1.96269e+017
2.6 2.12744e+017
2.7 2.30134e+017
2.8 2.48459e+017
2.9 2.67735e+017
3 2.87982e+017
