Probe chan_mob vs gate bias
76 2 2
gate bias
Probe chan_mob
-3 17.8549
-2.8 17.8549
-2.6 17.8549
-2.4 17.8549
-2.2 17.8549
-2 17.8549
-1.8 17.8549
-1.6 17.8549
-1.4 17.8549
-1.2 17.8549
-1 17.8549
-0.95 17.8549
-0.9 17.8549
-0.85 17.8549
-0.8 17.8549
-0.75 17.8549
-0.7 17.8549
-0.65 17.8549
-0.6 17.8549
-0.55 17.8549
-0.5 17.8549
-0.45 17.8549
-0.4 17.8549
-0.35 17.8549
-0.3 17.8549
-0.25 17.8549
-0.2 17.8549
-0.15 17.8549
-0.1 17.8549
-0.05 17.8549
-4.24783e-016 17.8549
0.05 17.8549
0.1 17.8549
0.15 17.8549
0.2 17.8549
0.25 17.8549
0.3 17.8549
0.35 17.8549
0.4 17.8549
0.45 17.8549
0.5 17.8549
0.55 17.8549
0.6 17.8549
0.65 17.8549
0.7 17.8549
0.75 17.8549
0.8 17.8549
0.85 17.8549
0.9 17.8549
0.95 17.8549
1 17.8549
1.05 17.8549
1.1 17.8549
1.15 17.8549
1.2 17.8549
1.25 17.8549
1.3 17.8549
1.35 17.8549
1.4 17.8549
1.45 17.8549
1.5 17.8549
1.6 17.8549
1.7 17.8549
1.8 17.8549
1.9 17.8549
2 17.8549
2.1 17.8549
2.2 17.8549
2.3 17.8549
2.4 17.8549
2.5 17.8549
2.6 17.8549
2.7 17.8549
2.8 17.8549
2.9 17.8549
3 17.8549
