drain current vs gate bias
76 2 2
gate bias
drain current
-3 -6.47695e-021
-2.8 -8.02077e-021
-2.6 3.56267e-022
-2.4 8.67523e-021
-2.2 3.53805e-020
-2 -7.49634e-021
-1.8 7.61909e-020
-1.6 4.58934e-020
-1.4 -1.73449e-019
-1.2 -7.31465e-020
-1 6.67944e-020
-0.95 -3.9999e-020
-0.9 -2.54252e-019
-0.85 1.89732e-020
-0.8 -9.59199e-020
-0.75 -1.27486e-019
-0.7 1.46682e-019
-0.65 -5.1593e-020
-0.6 1.08074e-019
-0.55 1.55034e-019
-0.5 -1.42367e-019
-0.45 -9.01374e-021
-0.4 3.98563e-019
-0.35 4.02494e-019
-0.3 1.54197e-018
-0.25 1.4361e-017
-0.2 9.56066e-017
-0.15 6.44132e-016
-0.1 4.17301e-015
-0.05 2.5664e-014
-4.24783e-016 1.43715e-013
0.05 6.80768e-013
0.1 2.54143e-012
0.15 7.41413e-012
0.2 1.7637e-011
0.25 3.60025e-011
0.3 6.56938e-011
0.35 1.10324e-010
0.4 1.74025e-010
0.45 2.6157e-010
0.5 3.78505e-010
0.55 5.31315e-010
0.6 7.27609e-010
0.65 9.76322e-010
0.7 1.28791e-009
0.75 1.67448e-009
0.8 2.14976e-009
0.85 2.72925e-009
0.9 3.43045e-009
0.95 4.27337e-009
1 5.28062e-009
1.05 6.47738e-009
1.1 7.89123e-009
1.15 9.55167e-009
1.2 1.14897e-008
1.25 1.37371e-008
1.3 1.63259e-008
1.35 1.92875e-008
1.4 2.26522e-008
1.45 2.64482e-008
1.5 3.07012e-008
1.6 4.06649e-008
1.7 5.26782e-008
1.8 6.68099e-008
1.9 8.30631e-008
2 1.01385e-007
2.1 1.21681e-007
2.2 1.43831e-007
2.3 1.67706e-007
2.4 1.93169e-007
2.5 2.20093e-007
2.6 2.48355e-007
2.7 2.77842e-007
2.8 3.08451e-007
2.9 3.40089e-007
3 3.72673e-007
