source current vs gate bias
76 2 2
gate bias
source current
-3 2.19949e-020
-2.8 3.23813e-020
-2.6 1.33214e-020
-2.4 5.55464e-020
-2.2 3.60046e-019
-2 2.08414e-018
-1.8 1.13304e-017
-1.6 6.61363e-017
-1.4 3.52834e-020
-1.2 -6.94573e-020
-1 -1.12286e-019
-0.95 5.04222e-017
-0.9 3.52834e-018
-0.85 6.7793e-018
-0.8 1.34312e-017
-0.75 2.49398e-017
-0.7 4.63491e-017
-0.65 8.19432e-017
-0.6 -1.54896e-019
-0.55 -1.43376e-019
-0.5 1.44969e-019
-0.45 -3.11746e-019
-0.4 1.13949e-019
-0.35 -3.85593e-019
-0.3 -2.28803e-018
-0.25 -1.38185e-017
-0.2 -9.61827e-017
-0.15 -6.4374e-016
-0.1 -4.17336e-015
-0.05 -2.56647e-014
-4.24783e-016 -1.43716e-013
0.05 -6.80768e-013
0.1 -2.54143e-012
0.15 -7.41413e-012
0.2 -1.7637e-011
0.25 -3.60025e-011
0.3 -6.56938e-011
0.35 -1.10324e-010
0.4 -1.74025e-010
0.45 -2.6157e-010
0.5 -3.78505e-010
0.55 -5.31315e-010
0.6 -7.27609e-010
0.65 -9.76322e-010
0.7 -1.28791e-009
0.75 -1.67448e-009
0.8 -2.14976e-009
0.85 -2.72925e-009
0.9 -3.43045e-009
0.95 -4.27337e-009
1 -5.28062e-009
1.05 -6.47738e-009
1.1 -7.89123e-009
1.15 -9.55167e-009
1.2 -1.14897e-008
1.25 -1.37371e-008
1.3 -1.63259e-008
1.35 -1.92875e-008
1.4 -2.26522e-008
1.45 -2.64482e-008
1.5 -3.07012e-008
1.6 -4.06649e-008
1.7 -5.26782e-008
1.8 -6.68099e-008
1.9 -8.30631e-008
2 -1.01385e-007
2.1 -1.21681e-007
2.2 -1.43831e-007
2.3 -1.67706e-007
2.4 -1.93169e-007
2.5 -2.20093e-007
2.6 -2.48355e-007
2.7 -2.77842e-007
2.8 -3.08451e-007
2.9 -3.40089e-007
3 -3.72673e-007
