Electron Conc vs Depth
92 2 2
Depth
Electron Conc
0 0
0.0199902 0
0.0344313 0
0.0448638 0
0.0524003 0
0.0578448 0
0.061778 0
0.0646194 0
0.066672 0
0.0681549 0
0.0692261 0
0.07 0
0.07 5.72736e+013
0.0707848 5.70344e+013
0.0714745 5.64332e+013
0.0720807 5.56114e+013
0.0726135 5.46717e+013
0.0730818 5.36859e+013
0.0734934 5.27026e+013
0.0738552 5.17531e+013
0.0741731 5.08564e+013
0.0744526 5.0023e+013
0.0746982 4.92574e+013
0.0749141 4.85603e+013
0.0751038 4.79299e+013
0.0752706 4.73628e+013
0.0754172 4.68547e+013
0.075546 4.6401e+013
0.0756592 4.5997e+013
0.0757587 4.56379e+013
0.0758462 4.53194e+013
0.0759231 4.50373e+013
0.0759906 4.47876e+013
0.07605 4.45669e+013
0.07605 4.45669e+013
0.0761125 4.4352e+013
0.076175 4.41545e+013
0.0762375 4.39743e+013
0.0763 4.38112e+013
0.0763 0
0.0763595 0
0.0764253 0
0.0764982 0
0.0765789 0
0.0766683 0
0.0767672 0
0.0768767 0
0.076998 0
0.0771323 0
0.0772809 0
0.0774455 0
0.0776277 0
0.0778294 0
0.0780527 0
0.0783 0
0.0783 0
0.0785427 0
0.0787984 0
0.0790678 0
0.0793516 0
0.0796506 0
0.0799656 0
0.0802976 0
0.0806473 0
0.0810157 0
0.0814039 0
0.0818128 0
0.0822437 0
0.0826977 0
0.0831759 0
0.0836798 0
0.0842107 0
0.0847701 0
0.0853594 0
0.0859802 0
0.0866344 0
0.0873235 0
0.0880496 0
0.0888146 0
0.0896206 0
0.0904697 0
0.0913644 0
0.0923069 0
0.0933 0
0.0933 0
0.0943551 0
0.0960786 0
0.0988935 0
0.103491 0
0.111001 0
0.123266 0
0.1433 0
