Electron QFL vs Depth
92 2 2
Depth
Electron QFL
0 0
0.0199902 0
0.0344313 0
0.0448638 0
0.0524003 0
0.0578448 0
0.061778 0
0.0646194 0
0.066672 0
0.0681549 0
0.0692261 0
0.07 0
0.07 -0.113225
0.0707848 -0.113225
0.0714745 -0.113225
0.0720807 -0.113225
0.0726135 -0.113225
0.0730818 -0.113225
0.0734934 -0.113225
0.0738552 -0.113225
0.0741731 -0.113225
0.0744526 -0.113225
0.0746982 -0.113225
0.0749141 -0.113225
0.0751038 -0.113225
0.0752706 -0.113225
0.0754172 -0.113225
0.075546 -0.113225
0.0756592 -0.113225
0.0757587 -0.113225
0.0758462 -0.113225
0.0759231 -0.113225
0.0759906 -0.113225
0.07605 -0.113225
0.07605 -0.113225
0.0761125 -0.113225
0.076175 -0.113225
0.0762375 -0.113225
0.0763 -0.113225
0.0763 0
0.0763595 0
0.0764253 0
0.0764982 0
0.0765789 0
0.0766683 0
0.0767672 0
0.0768767 0
0.076998 0
0.0771323 0
0.0772809 0
0.0774455 0
0.0776277 0
0.0778294 0
0.0780527 0
0.0783 0
0.0783 0
0.0785427 0
0.0787984 0
0.0790678 0
0.0793516 0
0.0796506 0
0.0799656 0
0.0802976 0
0.0806473 0
0.0810157 0
0.0814039 0
0.0818128 0
0.0822437 0
0.0826977 0
0.0831759 0
0.0836798 0
0.0842107 0
0.0847701 0
0.0853594 0
0.0859802 0
0.0866344 0
0.0873235 0
0.0880496 0
0.0888146 0
0.0896206 0
0.0904697 0
0.0913644 0
0.0923069 0
0.0933 0
0.0933 -0.65
0.0943551 -0.65
0.0960786 -0.65
0.0988935 -0.65
0.103491 -0.65
0.111001 -0.65
0.123266 -0.65
0.1433 -0.65
