Valence Band Energy vs Depth
92 2 2
Depth
Valence Band Energy
0 -5.39569
0.0199902 -5.39569
0.0344313 -5.39569
0.0448638 -5.39569
0.0524003 -5.39569
0.0578448 -5.39569
0.061778 -5.39569
0.0646194 -5.39569
0.066672 -5.39569
0.0681549 -5.39569
0.0692261 -5.39569
0.07 -2.84569
0.07 -2.84569
0.0707848 -2.84558
0.0714745 -2.84531
0.0720807 -2.84493
0.0726135 -2.84449
0.0730818 -2.84402
0.0734934 -2.84354
0.0738552 -2.84307
0.0741731 -2.84262
0.0744526 -2.84219
0.0746982 -2.84179
0.0749141 -2.84142
0.0751038 -2.84108
0.0752706 -2.84078
0.0754172 -2.8405
0.075546 -2.84025
0.0756592 -2.84002
0.0757587 -2.83982
0.0758462 -2.83964
0.0759231 -2.83947
0.0759906 -2.83933
0.07605 -2.8392
0.07605 -2.8392
0.0761125 -2.83908
0.076175 -2.83896
0.0762375 -2.83886
0.0763 -2.83876
0.0763 -2.83876
0.0763595 -5.3875
0.0764253 -5.3861
0.0764982 -5.38456
0.0765789 -5.38284
0.0766683 -5.38095
0.0767672 -5.37885
0.0768767 -5.37653
0.076998 -5.37395
0.0771323 -5.37111
0.0772809 -5.36795
0.0774455 -5.36446
0.0776277 -5.3606
0.0778294 -5.35632
0.0780527 -5.35158
0.0783 -1.14633
0.0783 -1.14633
0.0785427 -1.14397
0.0787984 -1.14147
0.0790678 -1.13884
0.0793516 -1.13608
0.0796506 -1.13316
0.0799656 -1.13009
0.0802976 -1.12685
0.0806473 -1.12344
0.0810157 -1.11984
0.0814039 -1.11605
0.0818128 -1.11206
0.0822437 -1.10786
0.0826977 -1.10343
0.0831759 -1.09877
0.0836798 -1.09385
0.0842107 -1.08867
0.0847701 -1.08322
0.0853594 -1.07747
0.0859802 -1.07141
0.0866344 -1.06503
0.0873235 -1.0583
0.0880496 -1.05122
0.0888146 -1.04376
0.0896206 -1.0359
0.0904697 -1.02761
0.0913644 -1.01888
0.0923069 -1.00969
0.0933 -1
0.0933 0
0.0943551 0
0.0960786 0
0.0988935 0
0.103491 0
0.111001 0
0.123266 0
0.1433 0
