Valence Band Energy vs Depth
92 2 2
Depth
Valence Band Energy
0 -5.87036
0.0199902 -5.87036
0.0344313 -5.87036
0.0448638 -5.87036
0.0524003 -5.87036
0.0578448 -5.87036
0.061778 -5.87036
0.0646194 -5.87036
0.066672 -5.87036
0.0681549 -5.87036
0.0692261 -5.87036
0.07 -3.32036
0.07 -3.32036
0.0707848 -3.32265
0.0714745 -3.32866
0.0720807 -3.33746
0.0726135 -3.34849
0.0730818 -3.36137
0.0734934 -3.37586
0.0738552 -3.39174
0.0741731 -3.4088
0.0744526 -3.42678
0.0746982 -3.44536
0.0749141 -3.46422
0.0751038 -3.48302
0.0752706 -3.5015
0.0754172 -3.51943
0.075546 -3.53663
0.0756592 -3.55297
0.0757587 -3.56837
0.0758462 -3.58276
0.0759231 -3.59613
0.0759906 -3.60847
0.07605 -3.6198
0.07605 -3.6198
0.0761125 -3.63226
0.076175 -3.64529
0.0762375 -3.65893
0.0763 -3.67322
0.0763 -3.67322
0.0763595 -6.23643
0.0764253 -6.25106
0.0764982 -6.26726
0.0765789 -6.28519
0.0766683 -6.30504
0.0767672 -6.32701
0.0768767 -6.35135
0.076998 -6.37829
0.0771323 -6.40811
0.0772809 -6.44113
0.0774455 -6.47769
0.0776277 -6.51817
0.0778294 -6.56298
0.0780527 -6.6126
0.0783 -2.46753
0.0783 -2.46753
0.0785427 -2.49232
0.0787984 -2.51844
0.0790678 -2.54596
0.0793516 -2.57496
0.0796506 -2.60551
0.0799656 -2.6377
0.0802976 -2.67161
0.0806473 -2.70733
0.0810157 -2.74497
0.0814039 -2.78463
0.0818128 -2.82641
0.0822437 -2.87043
0.0826977 -2.91681
0.0831759 -2.96568
0.0836798 -3.01716
0.0842107 -3.0714
0.0847701 -3.12854
0.0853594 -3.18875
0.0859802 -3.25218
0.0866344 -3.31901
0.0873235 -3.38942
0.0880496 -3.4636
0.0888146 -3.54175
0.0896206 -3.62409
0.0904697 -3.71085
0.0913644 -3.80225
0.0923069 -3.89854
0.0933 -4
0.0933 0
0.0943551 0
0.0960786 0
0.0988935 0
0.103491 0
0.111001 0
0.123266 0
0.1433 0
