Valence Band Energy vs Depth
92 2 2
Depth
Valence Band Energy
0 -5.64541
0.0199902 -5.64541
0.0344313 -5.64541
0.0448638 -5.64541
0.0524003 -5.64541
0.0578448 -5.64541
0.061778 -5.64541
0.0646194 -5.64541
0.066672 -5.64541
0.0681549 -5.64541
0.0692261 -5.64541
0.07 -3.09541
0.07 -3.09541
0.0707848 -3.09622
0.0714745 -3.09832
0.0720807 -3.10129
0.0726135 -3.10484
0.0730818 -3.10876
0.0734934 -3.11289
0.0738552 -3.11711
0.0741731 -3.12132
0.0744526 -3.12544
0.0746982 -3.12944
0.0749141 -3.13327
0.0751038 -3.13689
0.0752706 -3.1403
0.0754172 -3.14348
0.075546 -3.14643
0.0756592 -3.14915
0.0757587 -3.15164
0.0758462 -3.15391
0.0759231 -3.15598
0.0759906 -3.15785
0.07605 -3.15954
0.07605 -3.15954
0.0761125 -3.16139
0.076175 -3.1633
0.0762375 -3.16528
0.0763 -3.16734
0.0763 -3.16734
0.0763595 -5.71823
0.0764253 -5.71921
0.0764982 -5.7203
0.0765789 -5.7215
0.0766683 -5.72283
0.0767672 -5.72431
0.0768767 -5.72594
0.076998 -5.72775
0.0771323 -5.72975
0.0772809 -5.73196
0.0774455 -5.73442
0.0776277 -5.73713
0.0778294 -5.74014
0.0780527 -5.74347
0.0783 -1.54716
0.0783 -1.54716
0.0785427 -1.54882
0.0787984 -1.55057
0.0790678 -1.55242
0.0793516 -1.55437
0.0796506 -1.55642
0.0799656 -1.55858
0.0802976 -1.56085
0.0806473 -1.56325
0.0810157 -1.56578
0.0814039 -1.56844
0.0818128 -1.57124
0.0822437 -1.5742
0.0826977 -1.57731
0.0831759 -1.58059
0.0836798 -1.58404
0.0842107 -1.58768
0.0847701 -1.59152
0.0853594 -1.59556
0.0859802 -1.59981
0.0866344 -1.6043
0.0873235 -1.60902
0.0880496 -1.614
0.0888146 -1.61925
0.0896206 -1.62477
0.0904697 -1.6306
0.0913644 -1.63673
0.0923069 -1.64319
0.0933 -1.65
0.0933 0
0.0943551 0
0.0960786 0
0.0988935 0
0.103491 0
0.111001 0
0.123266 0
0.1433 0
