drain current vs gate bias
121 2 2
gate bias
drain current
-3 3.2387e-019
-2.95 5.76281e-019
-2.9 7.39397e-020
-2.85 7.00419e-020
-2.8 -3.1383e-019
-2.75 -2.71191e-019
-2.7 -2.48749e-019
-2.65 -6.14195e-021
-2.6 -1.65596e-019
-2.55 6.89789e-020
-2.5 3.65446e-019
-2.45 6.83647e-019
-2.4 -5.29625e-019
-2.35 -5.81123e-020
-2.3 -2.12606e-021
-2.25 -1.18114e-020
-2.2 4.79072e-019
-2.15 -1.77172e-019
-2.1 2.71191e-019
-2.05 5.19704e-021
-2 8.40266e-019
-1.95 9.16805e-019
-1.9 -2.90562e-019
-1.85 -4.13873e-019
-1.8 -7.56878e-019
-1.75 -5.64587e-019
-1.7 1.78117e-019
-1.65 6.61441e-020
-1.6 6.04746e-019
-1.55 4.01589e-020
-1.5 -8.49007e-019
-1.45 2.28197e-019
-1.4 -4.41748e-019
-1.35 7.07269e-019
-1.3 -1.01295e-018
-1.25 4.34661e-019
-1.2 1.37485e-019
-1.15 3.85526e-019
-1.1 -6.21755e-019
-1.05 -1.0224e-018
-1 -3.21271e-019
-0.95 -1.45517e-019
-0.9 -1.18398e-018
-0.85 -1.36729e-018
-0.8 -1.38619e-018
-0.75 -9.63814e-020
-0.7 -4.39386e-019
-0.65 -4.91356e-020
-0.6 1.47218e-018
-0.55 -2.97648e-018
-0.5 5.74509e-019
-0.45 -2.53332e-018
-0.4 -3.09932e-019
-0.35 5.52776e-019
-0.3 -1.26052e-018
-0.25 4.60174e-019
-0.2 -5.12144e-019
-0.15 2.48135e-018
-0.1 -9.46805e-019
-0.05 -3.03128e-018
0 6.33139e-019
0.05 -2.00669e-018
0.1 -1.2527e-018
0.15 1.75341e-018
0.2 -3.37162e-019
0.25 9.97839e-018
0.3 6.08642e-017
0.35 3.78843e-016
0.4 2.44353e-015
0.45 1.53188e-014
0.5 9.23449e-014
0.55 5.16999e-013
0.6 2.47446e-012
0.65 9.33519e-012
0.7 2.75009e-011
0.75 6.61159e-011
0.8 1.36546e-010
0.85 2.52259e-010
0.9 4.29074e-010
0.95 6.85636e-010
1 1.04402e-009
1.05 1.53037e-009
1.1 2.17556e-009
1.15 3.0156e-009
1.2 4.09184e-009
1.25 5.45059e-009
1.3 7.14189e-009
1.35 9.21747e-009
1.4 1.17285e-008
1.45 1.47245e-008
1.5 1.8252e-008
1.55 2.23544e-008
1.6 2.70699e-008
1.65 3.24306e-008
1.7 3.84618e-008
1.75 4.51806e-008
1.8 5.25955e-008
1.85 6.07062e-008
1.9 6.95031e-008
1.95 7.89683e-008
2 8.90758e-008
2.05 9.97936e-008
2.1 1.11084e-007
2.15 1.22908e-007
2.2 1.35222e-007
2.25 1.47984e-007
2.3 1.61153e-007
2.35 1.74691e-007
2.4 1.88559e-007
2.45 2.02724e-007
2.5 2.17155e-007
2.55 2.31824e-007
2.6 2.46706e-007
2.65 2.61779e-007
2.7 2.77023e-007
2.75 2.9242e-007
2.8 3.07956e-007
2.85 3.23616e-007
2.9 3.39388e-007
2.95 3.55262e-007
3 3.71229e-007
