source current vs gate bias
121 2 2
gate bias
source current
-3 1.42919e-019
-2.95 1.63943e-019
-2.9 -5.43327e-021
-2.85 1.67959e-019
-2.8 -2.40954e-019
-2.75 3.08279e-019
-2.7 5.59863e-020
-2.65 -3.51509e-019
-2.6 5.62225e-020
-2.55 -3.77966e-019
-2.5 -2.80168e-019
-2.45 3.27886e-019
-2.4 5.24901e-019
-2.35 2.07881e-019
-2.3 -2.64576e-020
-2.25 -3.21271e-019
-2.2 2.40954e-019
-2.15 1.0772e-019
-2.1 2.97648e-019
-2.05 -1.76227e-019
-2 -7.36562e-019
-1.95 -5.57973e-019
-1.9 3.27886e-019
-1.85 -8.71212e-019
-1.8 1.36068e-019
-1.75 3.60958e-019
-1.7 -7.95619e-019
-1.65 -1.0961e-019
-1.6 7.46483e-019
-1.55 -5.08365e-019
-1.5 1.56856e-019
-1.45 -5.19704e-020
-1.4 -6.60496e-019
-1.35 7.55933e-019
-1.3 1.10744e-018
-1.25 6.1514e-019
-1.2 -3.4206e-019
-1.15 -1.49958e-018
-1.1 2.04102e-019
-1.05 4.50725e-019
-1 4.20488e-019
-0.95 6.61441e-021
-0.9 1.92763e-019
-0.85 8.88221e-019
-0.8 -5.10255e-020
-0.75 -5.04585e-019
-0.7 -2.49458e-019
-0.65 1.26619e-019
-0.6 -2.85365e-019
-0.55 -7.65382e-019
-0.5 -5.575e-019
-0.45 -8.37195e-019
-0.4 1.51187e-020
-0.35 -8.9389e-019
-0.3 7.8995e-019
-0.25 -2.40009e-019
-0.2 5.87738e-019
-0.15 -7.80501e-019
-0.1 -5.00806e-019
-0.05 7.69155e-019
0 2.21067e-019
0.05 6.0179e-020
0.1 2.15615e-018
0.15 -4.7887e-019
0.2 -1.09374e-018
0.25 -8.60466e-018
0.3 -5.48847e-017
0.35 -3.77614e-016
0.4 -2.44478e-015
0.45 -1.53178e-014
0.5 -9.23445e-014
0.55 -5.17002e-013
0.6 -2.47445e-012
0.65 -9.33519e-012
0.7 -2.75009e-011
0.75 -6.61159e-011
0.8 -1.36546e-010
0.85 -2.52259e-010
0.9 -4.29074e-010
0.95 -6.85636e-010
1 -1.04402e-009
1.05 -1.53037e-009
1.1 -2.17556e-009
1.15 -3.0156e-009
1.2 -4.09184e-009
1.25 -5.45059e-009
1.3 -7.14189e-009
1.35 -9.21747e-009
1.4 -1.17285e-008
1.45 -1.47245e-008
1.5 -1.8252e-008
1.55 -2.23544e-008
1.6 -2.70699e-008
1.65 -3.24306e-008
1.7 -3.84618e-008
1.75 -4.51806e-008
1.8 -5.25955e-008
1.85 -6.07062e-008
1.9 -6.95031e-008
1.95 -7.89683e-008
2 -8.90758e-008
2.05 -9.97936e-008
2.1 -1.11084e-007
2.15 -1.22908e-007
2.2 -1.35222e-007
2.25 -1.47984e-007
2.3 -1.61153e-007
2.35 -1.74691e-007
2.4 -1.88559e-007
2.45 -2.02724e-007
2.5 -2.17155e-007
2.55 -2.31824e-007
2.6 -2.46706e-007
2.65 -2.61779e-007
2.7 -2.77023e-007
2.75 -2.9242e-007
2.8 -3.07956e-007
2.85 -3.23616e-007
2.9 -3.39388e-007
2.95 -3.55262e-007
3 -3.71229e-007
