v ATLAS
# This file was created by ATLAS version 5.28.1.R on Sat Sep 12 18:32:38 2026.
#SSF 2.0 generic
##############################################################################
#                    Copyright (c) 1984 - 2019                               #
#                    Silvaco Inc. All rights reserved                        #
#                                                                            #
# This file format and the following Key are copyright Silvaco Inc.          #
# You may not use, this format or key without reproducing this message in    #
# full and obtaining express written permission from Silvaco Inc.            #
#                                                                            #
# To obtain such permission please contact: Silvaco Inc.                     #
#                                           support@silvaco.com              #
#                                                                            #
# KEY=SVC86hn7562asdx                       PROD=345                         #
##############################################################################
p 4 74 76 75 205
d  3.050000e+000 4.220933e-013 0.000000e+000 4.220933e-013
d  3.042037e+000 5.150750e-013 0.000000e+000 5.150750e-013
d  3.034073e+000 6.285394e-013 0.000000e+000 6.285394e-013
d  3.026110e+000 7.669985e-013 0.000000e+000 7.669985e-013
d  3.018146e+000 9.359584e-013 0.000000e+000 9.359584e-013
d  3.010183e+000 1.142138e-012 0.000000e+000 1.142138e-012
d  3.002219e+000 1.393736e-012 0.000000e+000 1.393736e-012
d  2.994256e+000 1.700758e-012 0.000000e+000 1.700758e-012
d  2.986292e+000 2.075413e-012 0.000000e+000 2.075413e-012
d  2.978329e+000 2.532600e-012 0.000000e+000 2.532600e-012
d  2.970366e+000 3.090499e-012 0.000000e+000 3.090499e-012
d  2.962402e+000 3.771297e-012 0.000000e+000 3.771297e-012
d  2.954439e+000 4.602065e-012 0.000000e+000 4.602065e-012
d  2.946475e+000 5.615840e-012 0.000000e+000 5.615840e-012
d  2.938512e+000 6.852937e-012 0.000000e+000 6.852937e-012
d  2.930548e+000 8.362551e-012 0.000000e+000 8.362551e-012
d  2.922585e+000 1.020471e-011 0.000000e+000 1.020471e-011
d  2.914621e+000 1.245268e-011 0.000000e+000 1.245268e-011
d  2.906658e+000 1.519584e-011 0.000000e+000 1.519584e-011
d  2.898695e+000 1.854329e-011 0.000000e+000 1.854329e-011
d  2.890731e+000 2.262814e-011 0.000000e+000 2.262814e-011
d  2.882768e+000 2.761283e-011 0.000000e+000 2.761283e-011
d  2.874804e+000 3.369558e-011 0.000000e+000 3.369558e-011
d  2.866841e+000 4.111828e-011 0.000000e+000 4.111828e-011
d  2.858877e+000 5.017611e-011 0.000000e+000 5.017611e-011
d  2.850914e+000 6.122926e-011 0.000000e+000 6.122926e-011
d  2.842950e+000 7.471727e-011 0.000000e+000 7.471727e-011
d  2.834987e+000 9.117652e-011 0.000000e+000 9.117652e-011
d  2.827023e+000 1.112615e-010 0.000000e+000 1.112615e-010
d  2.819060e+000 1.357710e-010 0.000000e+000 1.357710e-010
d  2.811097e+000 1.656796e-010 0.000000e+000 1.656796e-010
d  2.803133e+000 2.021767e-010 0.000000e+000 2.021767e-010
d  2.795170e+000 2.467136e-010 0.000000e+000 2.467136e-010
d  2.787206e+000 3.010615e-010 0.000000e+000 3.010615e-010
d  2.779243e+000 3.673814e-010 0.000000e+000 3.673814e-010
d  2.771279e+000 4.483108e-010 0.000000e+000 4.483108e-010
d  2.763316e+000 5.470679e-010 0.000000e+000 5.470679e-010
d  2.755352e+000 6.675799e-010 0.000000e+000 6.675799e-010
d  2.747389e+000 8.146391e-010 0.000000e+000 8.146391e-010
d  2.739426e+000 9.940936e-010 0.000000e+000 9.940936e-010
d  2.731462e+000 1.213080e-009 0.000000e+000 1.213080e-009
d  2.723499e+000 1.480305e-009 0.000000e+000 1.480305e-009
d  2.715535e+000 1.806398e-009 0.000000e+000 1.806398e-009
d  2.707572e+000 2.204324e-009 0.000000e+000 2.204324e-009
d  2.699608e+000 2.689908e-009 0.000000e+000 2.689908e-009
d  2.691645e+000 3.282460e-009 0.000000e+000 3.282460e-009
d  2.683681e+000 4.005543e-009 0.000000e+000 4.005543e-009
d  2.675718e+000 4.887913e-009 0.000000e+000 4.887913e-009
d  2.667755e+000 5.964657e-009 0.000000e+000 5.964657e-009
d  2.659791e+000 7.278594e-009 0.000000e+000 7.278594e-009
d  2.651828e+000 8.881974e-009 0.000000e+000 8.881974e-009
d  2.643864e+000 1.083856e-008 0.000000e+000 1.083856e-008
d  2.635901e+000 1.322615e-008 0.000000e+000 1.322615e-008
d  2.627937e+000 1.613970e-008 0.000000e+000 1.613970e-008
d  2.619974e+000 1.969507e-008 0.000000e+000 1.969507e-008
d  2.612010e+000 2.403364e-008 0.000000e+000 2.403364e-008
d  2.604047e+000 2.932795e-008 0.000000e+000 2.932795e-008
d  2.596084e+000 3.578851e-008 0.000000e+000 3.578851e-008
d  2.588120e+000 4.367226e-008 0.000000e+000 4.367226e-008
d  2.580157e+000 5.329270e-008 0.000000e+000 5.329270e-008
d  2.572193e+000 6.503239e-008 0.000000e+000 6.503239e-008
d  2.564230e+000 7.935819e-008 0.000000e+000 7.935819e-008
d  2.556266e+000 9.683978e-008 0.000000e+000 9.683978e-008
d  2.548303e+000 1.181723e-007 0.000000e+000 1.181723e-007
d  2.540339e+000 1.442042e-007 0.000000e+000 1.442042e-007
d  2.532376e+000 1.759705e-007 0.000000e+000 1.759705e-007
d  2.524413e+000 2.147345e-007 0.000000e+000 2.147345e-007
d  2.516449e+000 2.620378e-007 0.000000e+000 2.620378e-007
d  2.508486e+000 3.197613e-007 0.000000e+000 3.197613e-007
d  2.500522e+000 3.902006e-007 0.000000e+000 3.902006e-007
d  2.492559e+000 4.761568e-007 0.000000e+000 4.761568e-007
d  2.484595e+000 5.810479e-007 0.000000e+000 5.810479e-007
d  2.476632e+000 7.090453e-007 0.000000e+000 7.090453e-007
d  2.468668e+000 8.652389e-007 0.000000e+000 8.652389e-007
d  2.460705e+000 1.055840e-006 0.000000e+000 1.055840e-006
d  2.452742e+000 1.288428e-006 0.000000e+000 1.288428e-006
d  2.444778e+000 1.572252e-006 0.000000e+000 1.572252e-006
d  2.436815e+000 1.918599e-006 0.000000e+000 1.918599e-006
d  2.428851e+000 2.341241e-006 0.000000e+000 2.341241e-006
d  2.420888e+000 2.856986e-006 0.000000e+000 2.856986e-006
d  2.412924e+000 3.486343e-006 0.000000e+000 3.486343e-006
d  2.404961e+000 4.254340e-006 0.000000e+000 4.254340e-006
d  2.396997e+000 5.191516e-006 0.000000e+000 5.191516e-006
d  2.389034e+000 6.335140e-006 0.000000e+000 6.335140e-006
d  2.381070e+000 7.730690e-006 0.000000e+000 7.730690e-006
d  2.373107e+000 9.433661e-006 0.000000e+000 9.433661e-006
d  2.365144e+000 1.151178e-005 0.000000e+000 1.151178e-005
d  2.357180e+000 1.404767e-005 0.000000e+000 1.404767e-005
d  2.349217e+000 1.714219e-005 0.000000e+000 1.714219e-005
d  2.341253e+000 2.091840e-005 0.000000e+000 2.091840e-005
d  2.333290e+000 2.552645e-005 0.000000e+000 2.552645e-005
d  2.325326e+000 3.114959e-005 0.000000e+000 3.114959e-005
d  2.317363e+000 3.801145e-005 0.000000e+000 3.801145e-005
d  2.309399e+000 4.638488e-005 0.000000e+000 4.638488e-005
d  2.301436e+000 5.660287e-005 0.000000e+000 5.660287e-005
d  2.293473e+000 6.907175e-005 0.000000e+000 6.907175e-005
d  2.285509e+000 8.428737e-005 0.000000e+000 8.428737e-005
d  2.277546e+000 1.028548e-004 0.000000e+000 1.028548e-004
d  2.269582e+000 1.255124e-004 0.000000e+000 1.255124e-004
d  2.261619e+000 1.531611e-004 0.000000e+000 1.531611e-004
d  2.253655e+000 1.869006e-004 0.000000e+000 1.869006e-004
d  2.245692e+000 2.280723e-004 0.000000e+000 2.280723e-004
d  2.237728e+000 2.783137e-004 0.000000e+000 2.783137e-004
d  2.229765e+000 3.396227e-004 0.000000e+000 3.396227e-004
d  2.221802e+000 4.144372e-004 0.000000e+000 4.144372e-004
d  2.213838e+000 5.057323e-004 0.000000e+000 5.057323e-004
d  2.205875e+000 6.171386e-004 0.000000e+000 6.171386e-004
d  2.197911e+000 7.530863e-004 0.000000e+000 7.530863e-004
d  2.189948e+000 9.189815e-004 0.000000e+000 9.189815e-004
d  2.181984e+000 1.121421e-003 0.000000e+000 1.121421e-003
d  2.174021e+000 1.368456e-003 0.000000e+000 1.368456e-003
d  2.166057e+000 1.669909e-003 0.000000e+000 1.669909e-003
d  2.158094e+000 2.037769e-003 0.000000e+000 2.037769e-003
d  2.150131e+000 2.486663e-003 0.000000e+000 2.486663e-003
d  2.142167e+000 3.034442e-003 0.000000e+000 3.034442e-003
d  2.134204e+000 3.702891e-003 0.000000e+000 3.702891e-003
d  2.126240e+000 4.518590e-003 0.000000e+000 4.518590e-003
d  2.118277e+000 5.513977e-003 0.000000e+000 5.513977e-003
d  2.110313e+000 6.728635e-003 0.000000e+000 6.728635e-003
d  2.102350e+000 8.210867e-003 0.000000e+000 8.210867e-003
d  2.094386e+000 1.001961e-002 0.000000e+000 1.001961e-002
d  2.086423e+000 1.222681e-002 0.000000e+000 1.222681e-002
d  2.078460e+000 1.492021e-002 0.000000e+000 1.492021e-002
d  2.070496e+000 1.820695e-002 0.000000e+000 1.820695e-002
d  2.062533e+000 2.221770e-002 0.000000e+000 2.221770e-002
d  2.054569e+000 2.711197e-002 0.000000e+000 2.711197e-002
d  2.046606e+000 3.308439e-002 0.000000e+000 3.308439e-002
d  2.038642e+000 4.037246e-002 0.000000e+000 4.037246e-002
d  2.030679e+000 4.926599e-002 0.000000e+000 4.926599e-002
d  2.022715e+000 6.011865e-002 0.000000e+000 6.011865e-002
d  2.014752e+000 7.336201e-002 0.000000e+000 7.336201e-002
d  2.006789e+000 8.952272e-002 0.000000e+000 8.952272e-002
d  1.998825e+000 1.092434e-001 0.000000e+000 1.092434e-001
d  1.990862e+000 1.333083e-001 0.000000e+000 1.333083e-001
d  1.982898e+000 1.626744e-001 0.000000e+000 1.626744e-001
d  1.974935e+000 1.985095e-001 0.000000e+000 1.985095e-001
d  1.966971e+000 2.422386e-001 0.000000e+000 2.422386e-001
d  1.959008e+000 2.956007e-001 0.000000e+000 2.956007e-001
d  1.951044e+000 3.607177e-001 0.000000e+000 3.607177e-001
d  1.943081e+000 4.401791e-001 0.000000e+000 4.401791e-001
d  1.935117e+000 5.371449e-001 0.000000e+000 5.371449e-001
d  1.927154e+000 6.554710e-001 0.000000e+000 6.554710e-001
d  1.919191e+000 7.998628e-001 0.000000e+000 7.998628e-001
d  1.911227e+000 9.760623e-001 0.000000e+000 9.760623e-001
d  1.903264e+000 1.191076e+000 0.000000e+000 1.191076e+000
d  1.895300e+000 1.453455e+000 0.000000e+000 1.453455e+000
d  1.887337e+000 1.773632e+000 0.000000e+000 1.773632e+000
d  1.879373e+000 2.164341e+000 0.000000e+000 2.164341e+000
d  1.871410e+000 2.641117e+000 0.000000e+000 2.641117e+000
d  1.863446e+000 3.222921e+000 0.000000e+000 3.222921e+000
d  1.855483e+000 3.932889e+000 0.000000e+000 3.932889e+000
d  1.847520e+000 4.799254e+000 0.000000e+000 4.799254e+000
d  1.839556e+000 5.856467e+000 0.000000e+000 5.856467e+000
d  1.831593e+000 7.146571e+000 0.000000e+000 7.146571e+000
d  1.823629e+000 8.720869e+000 0.000000e+000 8.720869e+000
d  1.815666e+000 1.064196e+001 0.000000e+000 1.064196e+001
d  1.807702e+000 1.298625e+001 0.000000e+000 1.298625e+001
d  1.799739e+000 1.584695e+001 0.000000e+000 1.584695e+001
d  1.791775e+000 1.933783e+001 0.000000e+000 1.933783e+001
d  1.783812e+000 2.359771e+001 0.000000e+000 2.359771e+001
d  1.775849e+000 2.879598e+001 0.000000e+000 2.879598e+001
d  1.767885e+000 3.513937e+001 0.000000e+000 3.513937e+001
d  1.759922e+000 4.288011e+001 0.000000e+000 4.288011e+001
d  1.751958e+000 5.232605e+001 0.000000e+000 5.232605e+001
d  1.743995e+000 6.385280e+001 0.000000e+000 6.385280e+001
d  1.736031e+000 7.791875e+001 0.000000e+000 7.791875e+001
d  1.728068e+000 9.508325e+001 0.000000e+000 9.508325e+001
d  1.720104e+000 1.160289e+002 0.000000e+000 1.160289e+002
d  1.712141e+000 1.415885e+002 0.000000e+000 1.415885e+002
d  1.704178e+000 1.727787e+002 0.000000e+000 1.727787e+002
d  1.696214e+000 2.108396e+002 0.000000e+000 2.108396e+002
d  1.688251e+000 2.572848e+002 0.000000e+000 2.572848e+002
d  1.680287e+000 3.139613e+002 0.000000e+000 3.139613e+002
d  1.672324e+000 3.831230e+002 0.000000e+000 3.831230e+002
d  1.664360e+000 4.675200e+002 0.000000e+000 4.675200e+002
d  1.656397e+000 5.705086e+002 0.000000e+000 5.705086e+002
d  1.648433e+000 6.961843e+002 0.000000e+000 6.961843e+002
d  1.640470e+000 8.495447e+002 0.000000e+000 8.495447e+002
d  1.632507e+000 1.036688e+003 0.000000e+000 1.036688e+003
d  1.624543e+000 1.265058e+003 0.000000e+000 1.265058e+003
d  1.616580e+000 1.543733e+003 0.000000e+000 1.543733e+003
d  1.608616e+000 1.883798e+003 0.000000e+000 1.883798e+003
d  1.600653e+000 2.298774e+003 0.000000e+000 2.298774e+003
d  1.592689e+000 2.805165e+003 0.000000e+000 2.805165e+003
d  1.584726e+000 3.423106e+003 0.000000e+000 3.423106e+003
d  1.576762e+000 4.177173e+003 0.000000e+000 4.177173e+003
d  1.568799e+000 5.097350e+003 0.000000e+000 5.097350e+003
d  1.560836e+000 6.220230e+003 0.000000e+000 6.220230e+003
d  1.552872e+000 7.590467e+003 0.000000e+000 7.590467e+003
d  1.544909e+000 9.262549e+003 0.000000e+000 9.262549e+003
d  1.536945e+000 1.130297e+004 0.000000e+000 1.130297e+004
d  1.528982e+000 1.379287e+004 0.000000e+000 1.379287e+004
d  1.521018e+000 1.683126e+004 0.000000e+000 1.683126e+004
d  1.513055e+000 2.053897e+004 0.000000e+000 2.053897e+004
d  1.505091e+000 2.506344e+004 0.000000e+000 2.506344e+004
d  1.497128e+000 3.058459e+004 0.000000e+000 3.058459e+004
d  1.489164e+000 3.732198e+004 0.000000e+000 3.732198e+004
d  1.481201e+000 4.554353e+004 0.000000e+000 4.554353e+004
d  1.473238e+000 5.557618e+004 0.000000e+000 5.557618e+004
d  1.465274e+000 6.781890e+004 0.000000e+000 6.781890e+004
d  1.457311e+000 8.275853e+004 0.000000e+000 8.275853e+004
d  1.449347e+000 1.009892e+005 0.000000e+000 1.009892e+005
d  1.441384e+000 1.232358e+005 0.000000e+000 1.232358e+005
d  1.433420e+000 1.503830e+005 0.000000e+000 1.503830e+005
d  1.425457e+000 1.835105e+005 0.000000e+000 1.835105e+005
d  1.417493e+000 2.239355e+005 0.000000e+000 2.239355e+005
d  1.409530e+000 2.732655e+005 0.000000e+000 2.732655e+005
d  1.401567e+000 3.334624e+005 0.000000e+000 3.334624e+005
d  1.393603e+000 4.069199e+005 0.000000e+000 4.069199e+005
d  1.385640e+000 4.965591e+005 0.000000e+000 4.965591e+005
d  1.377676e+000 6.059447e+005 0.000000e+000 6.059447e+005
d  1.369713e+000 7.394265e+005 0.000000e+000 7.394265e+005
d  1.361749e+000 9.023126e+005 0.000000e+000 9.023126e+005
d  1.353786e+000 1.101080e+006 0.000000e+000 1.101080e+006
d  1.345822e+000 1.343634e+006 0.000000e+000 1.343634e+006
d  1.337859e+000 1.639619e+006 0.000000e+000 1.639619e+006
d  1.329896e+000 2.000807e+006 0.000000e+000 2.000807e+006
d  1.321932e+000 2.441558e+006 0.000000e+000 2.441558e+006
d  1.313969e+000 2.979402e+006 0.000000e+000 2.979402e+006
d  1.306005e+000 3.635726e+006 0.000000e+000 3.635726e+006
d  1.298042e+000 4.436630e+006 0.000000e+000 4.436630e+006
d  1.290078e+000 5.413962e+006 0.000000e+000 5.413962e+006
d  1.282115e+000 6.606588e+006 0.000000e+000 6.606588e+006
d  1.274151e+000 8.061934e+006 0.000000e+000 8.061934e+006
d  1.266188e+000 9.837874e+006 0.000000e+000 9.837874e+006
d  1.258225e+000 1.200503e+007 0.000000e+000 1.200503e+007
d  1.250261e+000 1.464958e+007 0.000000e+000 1.464958e+007
d  1.242298e+000 1.787670e+007 0.000000e+000 1.787670e+007
d  1.234334e+000 2.181471e+007 0.000000e+000 2.181471e+007
d  1.226371e+000 2.662020e+007 0.000000e+000 2.662020e+007
d  1.218407e+000 3.248429e+007 0.000000e+000 3.248429e+007
d  1.210444e+000 3.964016e+007 0.000000e+000 3.964016e+007
d  1.202480e+000 4.837238e+007 0.000000e+000 4.837238e+007
d  1.194517e+000 5.902819e+007 0.000000e+000 5.902819e+007
d  1.186554e+000 7.203134e+007 0.000000e+000 7.203134e+007
d  1.178590e+000 8.789891e+007 0.000000e+000 8.789891e+007
d  1.170627e+000 1.072619e+008 0.000000e+000 1.072619e+008
d  1.162663e+000 1.308903e+008 0.000000e+000 1.308903e+008
d  1.154700e+000 1.597238e+008 0.000000e+000 1.597238e+008
d  1.146736e+000 1.949089e+008 0.000000e+000 1.949089e+008
d  1.138773e+000 2.378448e+008 0.000000e+000 2.378448e+008
d  1.130809e+000 2.902389e+008 0.000000e+000 2.902389e+008
d  1.122846e+000 3.541748e+008 0.000000e+000 3.541748e+008
d  1.114883e+000 4.321949e+008 0.000000e+000 4.321949e+008
d  1.106919e+000 5.274019e+008 0.000000e+000 5.274019e+008
d  1.098956e+000 6.435817e+008 0.000000e+000 6.435817e+008
d  1.090992e+000 7.853545e+008 0.000000e+000 7.853545e+008
d  1.083029e+000 9.583580e+008 0.000000e+000 9.583580e+008
d  1.075065e+000 1.169472e+009 0.000000e+000 1.169472e+009
d  1.067102e+000 1.427091e+009 0.000000e+000 1.427091e+009
d  1.059138e+000 1.741461e+009 0.000000e+000 1.741461e+009
d  1.051175e+000 2.125083e+009 0.000000e+000 2.125083e+009
d  1.043211e+000 2.593211e+009 0.000000e+000 2.593211e+009
d  1.035248e+000 3.164462e+009 0.000000e+000 3.164462e+009
d  1.027285e+000 3.861552e+009 0.000000e+000 3.861552e+009
d  1.019321e+000 4.712202e+009 0.000000e+000 4.712202e+009
d  1.011358e+000 5.750240e+009 0.000000e+000 5.750240e+009
d  1.003394e+000 7.016943e+009 0.000000e+000 7.016943e+009
d  9.954308e-001 8.562686e+009 0.000000e+000 8.562686e+009
d  9.874674e-001 1.044893e+010 0.000000e+000 1.044893e+010
d  9.795039e-001 1.275070e+010 0.000000e+000 1.275070e+010
d  9.715405e-001 1.555952e+010 0.000000e+000 1.555952e+010
d  9.635770e-001 1.898708e+010 0.000000e+000 1.898708e+010
d  9.556136e-001 2.316968e+010 0.000000e+000 2.316968e+010
d  9.476501e-001 2.827367e+010 0.000000e+000 2.827367e+010
d  9.396867e-001 3.450199e+010 0.000000e+000 3.450199e+010
d  9.317232e-001 4.210233e+010 0.000000e+000 4.210233e+010
d  9.237598e-001 5.137694e+010 0.000000e+000 5.137694e+010
d  9.157963e-001 6.269461e+010 0.000000e+000 6.269461e+010
d  9.078329e-001 7.650543e+010 0.000000e+000 7.650543e+010
d  8.998695e-001 9.335858e+010 0.000000e+000 9.335858e+010
d  8.919060e-001 1.139243e+011 0.000000e+000 1.139243e+011
d  8.839426e-001 1.390203e+011 0.000000e+000 1.390203e+011
d  8.759791e-001 1.696447e+011 0.000000e+000 1.696447e+011
d  8.680157e-001 2.070153e+011 0.000000e+000 2.070153e+011
d  8.600522e-001 2.526180e+011 0.000000e+000 2.526180e+011
d  8.520888e-001 3.082665e+011 0.000000e+000 3.082665e+011
d  8.441253e-001 3.761737e+011 0.000000e+000 3.761737e+011
d  8.361619e-001 4.590399e+011 0.000000e+000 4.590399e+011
d  8.281984e-001 5.601605e+011 0.000000e+000 5.601605e+011
d  8.202350e-001 6.835566e+011 0.000000e+000 6.835566e+011
d  8.122715e-001 8.341353e+011 0.000000e+000 8.341353e+011
d  8.043081e-001 1.017885e+012 0.000000e+000 1.017885e+012
d  7.963446e-001 1.242111e+012 0.000000e+000 1.242111e+012
d  7.883812e-001 1.515732e+012 0.000000e+000 1.515732e+012
d  7.804178e-001 1.849629e+012 0.000000e+000 1.849629e+012
d  7.724543e-001 2.257078e+012 0.000000e+000 2.257078e+012
d  7.644909e-001 2.754283e+012 0.000000e+000 2.754283e+012
d  7.565274e-001 3.361016e+012 0.000000e+000 3.361016e+012
d  7.485640e-001 4.101405e+012 0.000000e+000 4.101405e+012
d  7.406005e-001 5.004892e+012 0.000000e+000 5.004892e+012
d  7.326371e-001 6.107405e+012 0.000000e+000 6.107405e+012
d  7.246736e-001 7.452787e+012 0.000000e+000 7.452787e+012
d  7.167102e-001 9.094540e+012 0.000000e+000 9.094540e+012
d  7.087467e-001 1.109795e+013 0.000000e+000 1.109795e+013
d  7.007833e-001 1.354269e+013 0.000000e+000 1.354269e+013
d  6.928198e-001 1.652596e+013 0.000000e+000 1.652596e+013
d  6.848564e-001 2.016642e+013 0.000000e+000 2.016642e+013
d  6.768930e-001 2.460882e+013 0.000000e+000 2.460882e+013
d  6.689295e-001 3.002983e+013 0.000000e+000 3.002983e+013
d  6.609661e-001 3.664501e+013 0.000000e+000 3.664501e+013
d  6.530026e-001 4.471744e+013 0.000000e+000 4.471744e+013
d  6.450392e-001 5.456811e+013 0.000000e+000 5.456811e+013
d  6.370757e-001 6.658877e+013 0.000000e+000 6.658877e+013
d  6.291123e-001 8.125741e+013 0.000000e+000 8.125741e+013
d  6.211488e-001 9.915737e+013 0.000000e+000 9.915737e+013
d  6.131854e-001 1.210005e+014 0.000000e+000 1.210005e+014
d  6.052219e-001 1.476553e+014 0.000000e+000 1.476553e+014
d  5.972585e-001 1.801819e+014 0.000000e+000 1.801819e+014
d  5.892950e-001 2.198736e+014 0.000000e+000 2.198736e+014
d  5.813316e-001 2.683089e+014 0.000000e+000 2.683089e+014
d  5.733681e-001 3.274139e+014 0.000000e+000 3.274139e+014
d  5.654047e-001 3.995390e+014 0.000000e+000 3.995390e+014
d  5.574413e-001 4.875523e+014 0.000000e+000 4.875523e+014
d  5.494778e-001 5.949537e+014 0.000000e+000 5.949537e+014
d  5.415144e-001 7.260144e+014 0.000000e+000 7.260144e+014
d  5.335509e-001 8.859460e+014 0.000000e+000 8.859460e+014
d  5.255875e-001 1.081108e+015 0.000000e+000 1.081108e+015
d  5.176240e-001 1.319263e+015 0.000000e+000 1.319263e+015
d  5.096606e-001 1.609879e+015 0.000000e+000 1.609879e+015
d  5.016971e-001 1.964515e+015 0.000000e+000 1.964515e+015
d  4.937337e-001 2.397272e+015 0.000000e+000 2.397272e+015
d  4.857702e-001 2.925360e+015 0.000000e+000 2.925360e+015
d  4.778068e-001 3.569780e+015 0.000000e+000 3.569780e+015
d  4.698433e-001 4.356156e+015 0.000000e+000 4.356156e+015
d  4.618799e-001 5.315761e+015 0.000000e+000 5.315761e+015
d  4.539164e-001 6.486755e+015 0.000000e+000 6.486755e+015
d  4.459530e-001 7.915703e+015 0.000000e+000 7.915703e+015
d  4.379896e-001 9.659430e+015 0.000000e+000 9.659430e+015
d  4.300261e-001 1.178728e+016 0.000000e+000 1.178728e+016
d  4.220627e-001 1.438386e+016 0.000000e+000 1.438386e+016
d  4.140992e-001 1.755244e+016 0.000000e+000 1.755244e+016
d  4.061358e-001 2.141902e+016 0.000000e+000 2.141902e+016
d  3.981723e-001 2.613735e+016 0.000000e+000 2.613735e+016
d  3.902089e-001 3.189508e+016 0.000000e+000 3.189508e+016
d  3.822454e-001 3.892115e+016 0.000000e+000 3.892115e+016
d  3.742820e-001 4.749498e+016 0.000000e+000 4.749498e+016
d  3.663185e-001 5.795751e+016 0.000000e+000 5.795751e+016
d  3.583551e-001 7.072480e+016 0.000000e+000 7.072480e+016
d  3.503916e-001 8.630456e+016 0.000000e+000 8.630456e+016
d  3.424282e-001 1.053163e+017 0.000000e+000 1.053163e+017
d  3.344648e-001 1.285162e+017 0.000000e+000 1.285162e+017
d  3.265013e-001 1.568266e+017 0.000000e+000 1.568266e+017
d  3.185379e-001 1.913735e+017 0.000000e+000 1.913735e+017
d  3.105744e-001 2.335306e+017 0.000000e+000 2.335306e+017
d  3.026110e-001 2.849744e+017 0.000000e+000 2.849744e+017
d  2.946475e-001 3.477506e+017 0.000000e+000 3.477506e+017
d  2.866841e-001 4.243556e+017 0.000000e+000 4.243556e+017
d  2.787206e-001 5.178356e+017 0.000000e+000 5.178356e+017
d  2.707572e-001 6.319082e+017 0.000000e+000 6.319082e+017
d  2.627937e-001 7.711094e+017 0.000000e+000 7.711094e+017
d  2.548303e-001 9.409748e+017 0.000000e+000 9.409748e+017
d  2.468668e-001 1.148259e+018 0.000000e+000 1.148259e+018
d  2.389034e-001 1.401206e+018 0.000000e+000 1.401206e+018
d  2.309399e-001 1.709874e+018 0.000000e+000 1.709874e+018
d  2.229765e-001 2.086537e+018 0.000000e+000 2.086537e+018
d  2.150131e-001 2.546174e+018 0.000000e+000 2.546174e+018
d  2.070496e-001 3.107064e+018 0.000000e+000 3.107064e+018
d  1.990862e-001 3.791510e+018 0.000000e+000 3.791510e+018
d  1.911227e-001 4.626730e+018 0.000000e+000 4.626730e+018
d  1.831593e-001 5.645939e+018 0.000000e+000 5.645939e+018
d  1.751958e-001 6.889667e+018 0.000000e+000 6.889667e+018
d  1.672324e-001 8.407371e+018 0.000000e+000 8.407371e+018
d  1.592689e-001 1.025941e+019 0.000000e+000 1.025941e+019
d  1.513055e-001 1.251942e+019 0.000000e+000 1.251942e+019
d  1.433420e-001 1.527729e+019 0.000000e+000 1.527729e+019
d  1.353786e-001 1.864268e+019 0.000000e+000 1.864268e+019
d  1.274151e-001 2.274942e+019 0.000000e+000 2.274942e+019
d  1.194517e-001 2.776082e+019 0.000000e+000 2.776082e+019
d  1.114883e-001 3.387618e+019 0.000000e+000 3.387618e+019
d  1.035248e-001 4.133866e+019 0.000000e+000 4.133866e+019
d  9.556136e-002 5.044504e+019 0.000000e+000 5.044504e+019
d  8.759791e-002 6.155743e+019 0.000000e+000 6.155743e+019
d  7.963446e-002 7.511773e+019 0.000000e+000 7.511773e+019
d  7.167102e-002 9.166520e+019 0.000000e+000 9.166520e+019
d  6.370757e-002 1.118579e+020 0.000000e+000 1.118579e+020
d  5.574413e-002 1.364987e+020 0.000000e+000 1.364987e+020
d  4.778068e-002 1.665676e+020 0.000000e+000 1.665676e+020
d  3.981723e-002 2.032603e+020 0.000000e+000 2.032603e+020
d  3.185379e-002 2.480359e+020 0.000000e+000 2.480359e+020
d  2.389034e-002 3.026751e+020 0.000000e+000 3.026751e+020
d  1.592689e-002 3.693505e+020 0.000000e+000 3.693505e+020
d  7.963446e-003 4.507136e+020 0.000000e+000 4.507136e+020
d  -4.440892e-016 5.500000e+020 0.000000e+000 5.500000e+020
