Probe bulk_ionized_acceptors vs gate bias
121 2 2
gate bias
Probe bulk_ionized_acceptors
-3 4.22369e+013
-2.95 4.35973e+013
-2.9 4.5009e+013
-2.85 4.64751e+013
-2.8 4.79993e+013
-2.75 4.95869e+013
-2.7 5.12458e+013
-2.65 5.29857e+013
-2.6 5.48103e+013
-2.55 5.67163e+013
-2.5 5.8703e+013
-2.45 6.07731e+013
-2.4 6.29303e+013
-2.35 6.5179e+013
-2.3 6.75243e+013
-2.25 6.99714e+013
-2.2 7.25262e+013
-2.15 7.51948e+013
-2.1 7.7984e+013
-2.05 8.09009e+013
-2 8.39534e+013
-1.95 8.71498e+013
-1.9 9.04994e+013
-1.85 9.4012e+013
-1.8 9.76983e+013
-1.75 1.0157e+014
-1.7 1.0564e+014
-1.65 1.09922e+014
-1.6 1.14432e+014
-1.55 1.19186e+014
-1.5 1.24203e+014
-1.45 1.29502e+014
-1.4 1.35107e+014
-1.35 1.41042e+014
-1.3 1.47334e+014
-1.25 1.54014e+014
-1.2 1.61115e+014
-1.15 1.68676e+014
-1.1 1.76738e+014
-1.05 1.85349e+014
-1 1.94562e+014
-0.95 2.04436e+014
-0.9 2.1504e+014
-0.85 2.26448e+014
-0.8 2.38747e+014
-0.75 2.52035e+014
-0.7 2.66423e+014
-0.65 2.82038e+014
-0.6 2.99025e+014
-0.55 3.17549e+014
-0.5 3.37801e+014
-0.45 3.59999e+014
-0.4 3.84399e+014
-0.35 4.11305e+014
-0.3 4.41113e+014
-0.25 4.74433e+014
-0.2 5.12502e+014
-0.15 5.58615e+014
-0.1 6.23101e+014
-0.05 7.40615e+014
0 1.03031e+015
0.05 1.90425e+015
0.1 4.77982e+015
0.15 1.44182e+016
0.2 4.56635e+016
0.25 1.36094e+017
0.3 3.44638e+017
0.35 7.05714e+017
0.4 1.20124e+018
0.45 1.79277e+018
0.5 2.44825e+018
0.55 3.14601e+018
0.6 3.87174e+018
0.65 4.61556e+018
0.7 5.37012e+018
0.75 6.12942e+018
0.8 6.88818e+018
0.85 7.64147e+018
0.9 8.38473e+018
0.95 9.11406e+018
1 9.82664e+018
1.05 1.05206e+019
1.1 1.11941e+019
1.15 1.18444e+019
1.2 1.24687e+019
1.25 1.30642e+019
1.3 1.36286e+019
1.35 1.41608e+019
1.4 1.46604e+019
1.45 1.51278e+019
1.5 1.55637e+019
1.55 1.59695e+019
1.6 1.63465e+019
1.65 1.66964e+019
1.7 1.70207e+019
1.75 1.7321e+019
1.8 1.75989e+019
1.85 1.78558e+019
1.9 1.80932e+019
1.95 1.83123e+019
2 1.85147e+019
2.05 1.87014e+019
2.1 1.88738e+019
2.15 1.9033e+019
2.2 1.91801e+019
2.25 1.93161e+019
2.3 1.94419e+019
2.35 1.95584e+019
2.4 1.96665e+019
2.45 1.97668e+019
2.5 1.986e+019
2.55 1.99468e+019
2.6 2.00276e+019
2.65 2.01031e+019
2.7 2.01737e+019
2.75 2.02397e+019
2.8 2.03016e+019
2.85 2.03598e+019
2.9 2.04144e+019
2.95 2.04658e+019
3 2.05143e+019
