Probe bulk_free_electrons vs gate bias
121 2 2
gate bias
Probe bulk_free_electrons
-3 2.15042e+012
-2.95 2.15806e+012
-2.9 2.16607e+012
-2.85 2.17448e+012
-2.8 2.18333e+012
-2.75 2.19264e+012
-2.7 2.20249e+012
-2.65 2.21292e+012
-2.6 2.22399e+012
-2.55 2.23568e+012
-2.5 2.24799e+012
-2.45 2.26097e+012
-2.4 2.27463e+012
-2.35 2.28903e+012
-2.3 2.3042e+012
-2.25 2.32019e+012
-2.2 2.33706e+012
-2.15 2.35486e+012
-2.1 2.37364e+012
-2.05 2.39348e+012
-2 2.41445e+012
-1.95 2.43661e+012
-1.9 2.46006e+012
-1.85 2.48487e+012
-1.8 2.51116e+012
-1.75 2.53902e+012
-1.7 2.56856e+012
-1.65 2.59992e+012
-1.6 2.63324e+012
-1.55 2.66866e+012
-1.5 2.70636e+012
-1.45 2.74652e+012
-1.4 2.78934e+012
-1.35 2.83507e+012
-1.3 2.88394e+012
-1.25 2.93626e+012
-1.2 2.99233e+012
-1.15 3.05252e+012
-1.1 3.11723e+012
-1.05 3.18694e+012
-1 3.26216e+012
-0.95 3.3435e+012
-0.9 3.43165e+012
-0.85 3.52741e+012
-0.8 3.6317e+012
-0.75 3.7456e+012
-0.7 3.87039e+012
-0.65 4.00754e+012
-0.6 4.15882e+012
-0.55 4.32634e+012
-0.5 4.5126e+012
-0.45 4.72065e+012
-0.4 4.95416e+012
-0.35 5.21759e+012
-0.3 5.51643e+012
-0.25 5.85742e+012
-0.2 6.24895e+012
-0.15 6.70148e+012
-0.1 7.22868e+012
-0.05 7.85152e+012
0 8.62294e+012
0.05 9.7926e+012
0.1 1.29266e+013
0.15 2.83522e+013
0.2 1.20567e+014
0.25 6.23122e+014
0.3 2.68494e+015
0.35 8.48794e+015
0.4 2.03214e+016
0.45 3.987e+016
0.5 6.83861e+016
0.55 1.07031e+017
0.6 1.57088e+017
0.65 2.20075e+017
0.7 2.97813e+017
0.75 3.92458e+017
0.8 5.06498e+017
0.85 6.42715e+017
0.9 8.04096e+017
0.95 9.93729e+017
1 1.21471e+018
1.05 1.47003e+018
1.1 1.76233e+018
1.15 2.09365e+018
1.2 2.4653e+018
1.25 2.87786e+018
1.3 3.33129e+018
1.35 3.82507e+018
1.4 4.3584e+018
1.45 4.93031e+018
1.5 5.53977e+018
1.55 6.18575e+018
1.6 6.86726e+018
1.65 7.58334e+018
1.7 8.33301e+018
1.75 9.11523e+018
1.8 9.92888e+018
1.85 1.07727e+019
1.9 1.16454e+019
1.95 1.25455e+019
2 1.34715e+019
2.05 1.44218e+019
2.1 1.53948e+019
2.15 1.63889e+019
2.2 1.74026e+019
2.25 1.84344e+019
2.3 1.94829e+019
2.35 2.05469e+019
2.4 2.1625e+019
2.45 2.27161e+019
2.5 2.38193e+019
2.55 2.49334e+019
2.6 2.60577e+019
2.65 2.71913e+019
2.7 2.83335e+019
2.75 2.94836e+019
2.8 3.0641e+019
2.85 3.18053e+019
2.9 3.29757e+019
2.95 3.41521e+019
3 3.53338e+019
