source current vs gate bias
121 2 2
gate bias
source current
-3 0
-2.95 0
-2.9 0
-2.85 0
-2.8 0
-2.75 0
-2.7 0
-2.65 0
-2.6 0
-2.55 0
-2.5 0
-2.45 0
-2.4 0
-2.35 0
-2.3 0
-2.25 0
-2.2 0
-2.15 0
-2.1 0
-2.05 0
-2 0
-1.95 0
-1.9 0
-1.85 0
-1.8 0
-1.75 0
-1.7 0
-1.65 0
-1.6 0
-1.55 0
-1.5 0
-1.45 0
-1.4 0
-1.35 0
-1.3 0
-1.25 0
-1.2 0
-1.15 0
-1.1 0
-1.05 0
-1 0
-0.95 0
-0.9 0
-0.85 0
-0.8 0
-0.75 0
-0.7 0
-0.65 0
-0.6 0
-0.55 0
-0.5 0
-0.45 0
-0.4 0
-0.35 0
-0.3 -3.84735e-022
-0.25 -3.46261e-021
-0.2 -2.50077e-020
-0.15 -1.739e-019
-0.1 -1.20441e-018
-0.05 -8.32912e-018
0 -5.75853e-017
0.05 -3.97781e-016
0.1 -2.73947e-015
0.15 -1.86756e-014
0.2 -1.23216e-013
0.25 -7.41718e-013
0.3 -3.68435e-012
0.35 -1.39873e-011
0.4 -4.08549e-011
0.45 -9.69462e-011
0.5 -1.97484e-010
0.55 -3.59975e-010
0.6 -6.04408e-010
0.65 -9.53705e-010
0.7 -1.43431e-009
0.75 -2.07681e-009
0.8 -2.91651e-009
0.85 -3.99382e-009
0.9 -5.3542e-009
0.95 -7.04737e-009
1 -9.12555e-009
1.05 -1.16411e-008
1.1 -1.46447e-008
1.15 -1.81846e-008
1.2 -2.23057e-008
1.25 -2.70489e-008
1.3 -3.24495e-008
1.35 -3.85366e-008
1.4 -4.53322e-008
1.45 -5.285e-008
1.5 -6.10952e-008
1.55 -7.00641e-008
1.6 -7.97443e-008
1.65 -9.01152e-008
1.7 -1.01149e-007
1.75 -1.12812e-007
1.8 -1.25065e-007
1.85 -1.37868e-007
1.9 -1.51179e-007
1.95 -1.64955e-007
2 -1.79155e-007
2.05 -1.93741e-007
2.1 -2.08676e-007
2.15 -2.23925e-007
2.2 -2.39459e-007
2.25 -2.55248e-007
2.3 -2.71267e-007
2.35 -2.87495e-007
2.4 -3.0391e-007
2.45 -3.20494e-007
2.5 -3.37231e-007
2.55 -3.54108e-007
2.6 -3.7111e-007
2.65 -3.88227e-007
2.7 -4.05449e-007
2.75 -4.22766e-007
2.8 -4.4017e-007
2.85 -4.57655e-007
2.9 -4.75213e-007
2.95 -4.92839e-007
3 -5.10527e-007
