v ATLAS
# This file was created by ATLAS version 5.28.1.R on Tue Oct 06 02:29:14 2026.
#SSF 2.0 generic
##############################################################################
#                    Copyright (c) 1984 - 2019                               #
#                    Silvaco Inc. All rights reserved                        #
#                                                                            #
# This file format and the following Key are copyright Silvaco Inc.          #
# You may not use, this format or key without reproducing this message in    #
# full and obtaining express written permission from Silvaco Inc.            #
#                                                                            #
# To obtain such permission please contact: Silvaco Inc.                     #
#                                           support@silvaco.com              #
#                                                                            #
# KEY=SVC86hn7562asdx                       PROD=345                         #
##############################################################################
p 4 74 76 75 205
d  3.120570e+000 2.780214e-014 1.170142e-106 2.780214e-014
d  3.112422e+000 3.408323e-014 7.240371e-106 3.408323e-014
d  3.104275e+000 4.178335e-014 4.453696e-105 4.178335e-014
d  3.096127e+000 5.122310e-014 2.723438e-104 5.122310e-014
d  3.087979e+000 6.279548e-014 1.655586e-103 6.279548e-014
d  3.079831e+000 7.698231e-014 1.000514e-102 7.698231e-014
d  3.071684e+000 9.437424e-014 6.010796e-102 9.437424e-014
d  3.063536e+000 1.156954e-013 3.589865e-101 1.156954e-013
d  3.055388e+000 1.418334e-013 2.131382e-100 1.418334e-013
d  3.047241e+000 1.738766e-013 1.258004e-099 1.738766e-013
d  3.039093e+000 2.131590e-013 7.381419e-099 2.131590e-013
d  3.030945e+000 2.613162e-013 4.305613e-098 2.613162e-013
d  3.022798e+000 3.203530e-013 2.496706e-097 3.203530e-013
d  3.014650e+000 3.927275e-013 1.439253e-096 3.927275e-013
d  3.006502e+000 4.814530e-013 8.247914e-096 4.814530e-013
d  2.998354e+000 5.902235e-013 4.698815e-095 5.902235e-013
d  2.990207e+000 7.235675e-013 2.661153e-094 7.235675e-013
d  2.982059e+000 8.870367e-013 1.498265e-093 8.870367e-013
d  2.973911e+000 1.087437e-012 8.385805e-093 1.087437e-012
d  2.965764e+000 1.333112e-012 4.665929e-092 1.333112e-012
d  2.957616e+000 1.634290e-012 2.580886e-091 1.634290e-012
d  2.949468e+000 2.003511e-012 1.419177e-090 2.003511e-012
d  2.941321e+000 2.456147e-012 7.757858e-090 2.456147e-012
d  2.933173e+000 3.011043e-012 4.215841e-089 3.011043e-012
d  2.925025e+000 3.691301e-012 2.277529e-088 3.691301e-012
d  2.916877e+000 4.525244e-012 1.223154e-087 4.525244e-012
d  2.908730e+000 5.547593e-012 6.530332e-087 5.547593e-012
d  2.900582e+000 6.800911e-012 3.465986e-086 6.800911e-012
d  2.892434e+000 8.337382e-012 1.828755e-085 8.337382e-012
d  2.884287e+000 1.022097e-011 9.592276e-085 1.022097e-011
d  2.876139e+000 1.253011e-011 5.001785e-084 1.253011e-011
d  2.867991e+000 1.536092e-011 2.592780e-083 1.536092e-011
d  2.859844e+000 1.883128e-011 1.336114e-082 1.883128e-011
d  2.851696e+000 2.308567e-011 6.844769e-082 2.308567e-011
d  2.843548e+000 2.830121e-011 3.485871e-081 2.830121e-011
d  2.835400e+000 3.469505e-011 1.764822e-080 3.469505e-011
d  2.827253e+000 4.253340e-011 8.882353e-080 4.253340e-011
d  2.819105e+000 5.214260e-011 4.444187e-079 5.214260e-011
d  2.810957e+000 6.392272e-011 2.210517e-078 6.392272e-011
d  2.802810e+000 7.836421e-011 1.093032e-077 7.836421e-011
d  2.794662e+000 9.606835e-011 5.372901e-077 9.606835e-011
d  2.786514e+000 1.177722e-010 2.625562e-076 1.177722e-010
d  2.778367e+000 1.443795e-010 1.275478e-075 1.443795e-010
d  2.770219e+000 1.769979e-010 6.159717e-075 1.769979e-010
d  2.762071e+000 2.169854e-010 2.957236e-074 2.169854e-010
d  2.753923e+000 2.660070e-010 1.411395e-073 2.660070e-010
d  2.745776e+000 3.261036e-010 6.696506e-073 3.261036e-010
d  2.737628e+000 3.997774e-010 3.158532e-072 3.997774e-010
d  2.729480e+000 4.900956e-010 1.481015e-071 4.900956e-010
d  2.721333e+000 6.008185e-010 6.903529e-071 6.008185e-010
d  2.713185e+000 7.365562e-010 3.199043e-070 7.365562e-010
d  2.705037e+000 9.029598e-010 1.473690e-069 9.029598e-010
d  2.696889e+000 1.106958e-009 6.748847e-069 1.106958e-009
d  2.688742e+000 1.357043e-009 3.072488e-068 1.357043e-009
d  2.680594e+000 1.663627e-009 1.390555e-067 1.663627e-009
d  2.672446e+000 2.039476e-009 6.256384e-067 2.039476e-009
d  2.664299e+000 2.500237e-009 2.798311e-066 2.500237e-009
d  2.656151e+000 3.065094e-009 1.244244e-065 3.065094e-009
d  2.648003e+000 3.757563e-009 5.499874e-065 3.757563e-009
d  2.639856e+000 4.606477e-009 2.416780e-064 4.606477e-009
d  2.631708e+000 5.647177e-009 1.055744e-063 5.647177e-009
d  2.623560e+000 6.922994e-009 4.584770e-063 6.922994e-009
d  2.615412e+000 8.487045e-009 1.979309e-062 8.487045e-009
d  2.607265e+000 1.040445e-008 8.494682e-062 1.040445e-008
d  2.599117e+000 1.275503e-008 3.624247e-061 1.275503e-008
d  2.590969e+000 1.563667e-008 1.537184e-060 1.563667e-008
d  2.582822e+000 1.916932e-008 6.481433e-060 1.916932e-008
d  2.574674e+000 2.350008e-008 2.716774e-059 2.350008e-008
d  2.566526e+000 2.880924e-008 1.132070e-058 2.880924e-008
d  2.558379e+000 3.531786e-008 4.689542e-058 3.531786e-008
d  2.550231e+000 4.329692e-008 1.931189e-057 4.329692e-008
d  2.542083e+000 5.307861e-008 7.905992e-057 5.307861e-008
d  2.533935e+000 6.507019e-008 3.217550e-056 6.507019e-008
d  2.525788e+000 7.977092e-008 1.301762e-055 7.977092e-008
d  2.517640e+000 9.779287e-008 5.235702e-055 9.779287e-008
d  2.509492e+000 1.198863e-007 2.093416e-054 1.198863e-007
d  2.501345e+000 1.469712e-007 8.320963e-054 1.469712e-007
d  2.493197e+000 1.801751e-007 3.287978e-053 1.801751e-007
d  2.485049e+000 2.208805e-007 1.291580e-052 2.208805e-007
d  2.476902e+000 2.707821e-007 5.043723e-052 2.707821e-007
d  2.468754e+000 3.319575e-007 1.958025e-051 3.319575e-007
d  2.460606e+000 4.069537e-007 7.556534e-051 4.069537e-007
d  2.452458e+000 4.988932e-007 2.899107e-050 4.988932e-007
d  2.444311e+000 6.116038e-007 1.105715e-049 6.116038e-007
d  2.436163e+000 7.497780e-007 4.192368e-049 7.497780e-007
d  2.428015e+000 9.191688e-007 1.580203e-048 9.191688e-007
d  2.419868e+000 1.126829e-006 5.921116e-048 1.126829e-006
d  2.411720e+000 1.381403e-006 2.205625e-047 1.381403e-006
d  2.403572e+000 1.693491e-006 8.167646e-047 1.693491e-006
d  2.395424e+000 2.076087e-006 3.006765e-046 2.076087e-006
d  2.387277e+000 2.545119e-006 1.100371e-045 2.545119e-006
d  2.379129e+000 3.120115e-006 4.003284e-045 3.120115e-006
d  2.370981e+000 3.825015e-006 1.447874e-044 3.825015e-006
d  2.362834e+000 4.689167e-006 5.205740e-044 4.689167e-006
d  2.354686e+000 5.748549e-006 1.860679e-043 5.748549e-006
d  2.346538e+000 7.047268e-006 6.611463e-043 7.047268e-006
d  2.338391e+000 8.639396e-006 2.335399e-042 8.639396e-006
d  2.330243e+000 1.059122e-005 8.200906e-042 1.059122e-005
d  2.322095e+000 1.298400e-005 2.862858e-041 1.298400e-005
d  2.313947e+000 1.591736e-005 9.935166e-041 1.591736e-005
d  2.305800e+000 1.951343e-005 3.427581e-040 1.951343e-005
d  2.297652e+000 2.392193e-005 1.175540e-039 2.392193e-005
d  2.289504e+000 2.932640e-005 4.007972e-039 2.932640e-005
d  2.281357e+000 3.595185e-005 1.358467e-038 3.595185e-005
d  2.273209e+000 4.407414e-005 4.577315e-038 4.407414e-005
d  2.265061e+000 5.403142e-005 1.533239e-037 5.403142e-005
d  2.256914e+000 6.623826e-005 5.105590e-037 6.623826e-005
d  2.248766e+000 8.120289e-005 1.690127e-036 8.120289e-005
d  2.240618e+000 9.954834e-005 5.561990e-036 9.954834e-005
d  2.232470e+000 1.220384e-004 1.819610e-035 1.220384e-004
d  2.224323e+000 1.496095e-004 5.917845e-035 1.496095e-004
d  2.216175e+000 1.834094e-004 1.913314e-034 1.834094e-004
d  2.208027e+000 2.248455e-004 6.149589e-034 2.248455e-004
d  2.199880e+000 2.756429e-004 1.964912e-033 2.756429e-004
d  2.191732e+000 3.379165e-004 6.241337e-033 3.379165e-004
d  2.183584e+000 4.142589e-004 1.970831e-032 4.142589e-004
d  2.175437e+000 5.078488e-004 6.186689e-032 5.078488e-004
d  2.167289e+000 6.225826e-004 1.930654e-031 6.225826e-004
d  2.159141e+000 7.632373e-004 5.989465e-031 7.632373e-004
d  2.150993e+000 9.356687e-004 1.847178e-030 9.356687e-004
d  2.142846e+000 1.147056e-003 5.663265e-030 1.147056e-003
d  2.134698e+000 1.406200e-003 1.726085e-029 1.406200e-003
d  2.126550e+000 1.723891e-003 5.229918e-029 1.723891e-003
d  2.118403e+000 2.113354e-003 1.575305e-028 2.113354e-003
d  2.110255e+000 2.590806e-003 4.717066e-028 2.590806e-003
d  2.102107e+000 3.176124e-003 1.404159e-027 3.176124e-003
d  2.093960e+000 3.893678e-003 4.155259e-027 3.893678e-003
d  2.085812e+000 4.773342e-003 1.222410e-026 4.773342e-003
d  2.077664e+000 5.851741e-003 3.574978e-026 5.851741e-003
d  2.069516e+000 7.173773e-003 1.039362e-025 7.173773e-003
d  2.061369e+000 8.794481e-003 3.003984e-025 8.794481e-003
d  2.053221e+000 1.078134e-002 8.631092e-025 1.078134e-002
d  2.045073e+000 1.321707e-002 2.465308e-024 1.321707e-002
d  2.036926e+000 1.620309e-002 7.000253e-024 1.620309e-002
d  2.028778e+000 1.986371e-002 1.976031e-023 1.986371e-002
d  2.020630e+000 2.435135e-002 5.545119e-023 2.435135e-002
d  2.012482e+000 2.985283e-002 1.546911e-022 2.985283e-002
d  2.004335e+000 3.659722e-002 4.289998e-022 3.659722e-002
d  1.996187e+000 4.486531e-002 1.182731e-021 4.486531e-002
d  1.988039e+000 5.500133e-002 3.241547e-021 5.500133e-002
d  1.979892e+000 6.742730e-002 8.831936e-021 6.742730e-002
d  1.971744e+000 8.266055e-002 2.392196e-020 8.266055e-002
d  1.963596e+000 1.013353e-001 6.441319e-020 1.013353e-001
d  1.955449e+000 1.242291e-001 1.724210e-019 1.242291e-001
d  1.947301e+000 1.522951e-001 4.588205e-019 1.522951e-001
d  1.939153e+000 1.867018e-001 1.213760e-018 1.867018e-001
d  1.931005e+000 2.288817e-001 3.191979e-018 2.288817e-001
d  1.922858e+000 2.805909e-001 8.344964e-018 2.805909e-001
d  1.914710e+000 3.439824e-001 2.168834e-017 3.439824e-001
d  1.906562e+000 4.216953e-001 5.603576e-017 4.216953e-001
d  1.898415e+000 5.169652e-001 1.439268e-016 5.169652e-001
d  1.890267e+000 6.337586e-001 3.674981e-016 6.337586e-001
d  1.882119e+000 7.769381e-001 9.328374e-016 7.769381e-001
d  1.873972e+000 9.524649e-001 2.353933e-015 9.524649e-001
d  1.865824e+000 1.167647e+000 5.904994e-015 1.167647e+000
d  1.857676e+000 1.431443e+000 1.472591e-014 1.431443e+000
d  1.849528e+000 1.754836e+000 3.650750e-014 1.754836e+000
d  1.841381e+000 2.151291e+000 8.997448e-014 2.151291e+000
d  1.833233e+000 2.637313e+000 2.204417e-013 2.637313e+000
d  1.825085e+000 3.233138e+000 5.369151e-013 3.233138e+000
d  1.816938e+000 3.963573e+000 1.300034e-012 3.963573e+000
d  1.808790e+000 4.859028e+000 3.129255e-012 4.859028e+000
d  1.800642e+000 5.956785e+000 7.487978e-012 5.956785e+000
d  1.792495e+000 7.302549e+000 1.781252e-011 7.302549e+000
d  1.784347e+000 8.952350e+000 4.212341e-011 8.952350e+000
d  1.776199e+000 1.097488e+001 9.902822e-011 1.097488e+001
d  1.768051e+000 1.345433e+001 2.314364e-010 1.345433e+001
d  1.759904e+000 1.649395e+001 5.377020e-010 1.649395e+001
d  1.751756e+000 2.022029e+001 1.241906e-009 2.022029e+001
d  1.743608e+000 2.478848e+001 2.851500e-009 2.478848e+001
d  1.735461e+000 3.038872e+001 6.508714e-009 3.038872e+001
d  1.727313e+000 3.725417e+001 1.476911e-008 3.725417e+001
d  1.719165e+000 4.567068e+001 3.331583e-008 4.567068e+001
d  1.711017e+000 5.598866e+001 7.471094e-008 5.598866e+001
d  1.702870e+000 6.863768e+001 1.665540e-007 6.863768e+001
d  1.694722e+000 8.414439e+001 3.691163e-007 8.414439e+001
d  1.686574e+000 1.031544e+002 8.132212e-007 1.031544e+002
d  1.678427e+000 1.264592e+002 1.781113e-006 1.264592e+002
d  1.670279e+000 1.550290e+002 3.878032e-006 1.550290e+002
d  1.662131e+000 1.900533e+002 8.393994e-006 1.900533e+002
d  1.653984e+000 2.329903e+002 1.806189e-005 2.329904e+002
d  1.645836e+000 2.856278e+002 3.863625e-005 2.856278e+002
d  1.637688e+000 3.501572e+002 8.216069e-005 3.501573e+002
d  1.629540e+000 4.292651e+002 1.736882e-004 4.292653e+002
d  1.621393e+000 5.262452e+002 3.650178e-004 5.262456e+002
d  1.613245e+000 6.451351e+002 7.625968e-004 6.451359e+002
d  1.605097e+000 7.908848e+002 1.583847e-003 7.908864e+002
d  1.596950e+000 9.695625e+002 3.270157e-003 9.695658e+002
d  1.588802e+000 1.188607e+003 6.712145e-003 1.188614e+003
d  1.580654e+000 1.457139e+003 1.369592e-002 1.457152e+003
d  1.572507e+000 1.786337e+003 2.778169e-002 1.786365e+003
d  1.564359e+000 2.189909e+003 5.602259e-002 2.189965e+003
d  1.556211e+000 2.684656e+003 1.123065e-001 2.684768e+003
d  1.548063e+000 3.291176e+003 2.238124e-001 3.291400e+003
d  1.539916e+000 4.034723e+003 4.434049e-001 4.035166e+003
d  1.531768e+000 4.946252e+003 8.732812e-001 4.947125e+003
d  1.523620e+000 6.063715e+003 1.709799e+000 6.065425e+003
d  1.515473e+000 7.433637e+003 3.327923e+000 7.436965e+003
d  1.507325e+000 9.113053e+003 6.439301e+000 9.119492e+003
d  1.499177e+000 1.117189e+004 1.238630e+001 1.118427e+004
d  1.491030e+000 1.369585e+004 2.368544e+001 1.371954e+004
d  1.482882e+000 1.679003e+004 4.502552e+001 1.683506e+004
d  1.474734e+000 2.058326e+004 8.508899e+001 2.066835e+004
d  1.466586e+000 2.523345e+004 1.598546e+002 2.539331e+004
d  1.458439e+000 3.093422e+004 2.985481e+002 3.123277e+004
d  1.450291e+000 3.792292e+004 5.542947e+002 3.847722e+004
d  1.442143e+000 4.649051e+004 1.023068e+003 4.751358e+004
d  1.433996e+000 5.699371e+004 1.877177e+003 5.887088e+004
d  1.425848e+000 6.986979e+004 3.424077e+003 7.329387e+004
d  1.417700e+000 8.565486e+004 6.208963e+003 9.186382e+004
d  1.409553e+000 1.050061e+005 1.119262e+004 1.161987e+005
d  1.401405e+000 1.287292e+005 2.005773e+004 1.487869e+005
d  1.393257e+000 1.578119e+005 3.573297e+004 1.935448e+005
d  1.385109e+000 1.934649e+005 6.328398e+004 2.567489e+005
d  1.376962e+000 2.371727e+005 1.114181e+005 3.485908e+005
d  1.368814e+000 2.907551e+005 1.950090e+005 4.857641e+005
d  1.360666e+000 3.564428e+005 3.393057e+005 6.957485e+005
d  1.352519e+000 4.369708e+005 5.869010e+005 1.023872e+006
d  1.344371e+000 5.356918e+005 1.009197e+006 1.544889e+006
d  1.336223e+000 6.567159e+005 1.725139e+006 2.381855e+006
d  1.328075e+000 8.050820e+005 2.931633e+006 3.736715e+006
d  1.319928e+000 9.869670e+005 4.952590e+006 5.939557e+006
d  1.311780e+000 1.209944e+006 8.317493e+006 9.527436e+006
d  1.303632e+000 1.483296e+006 1.388640e+007 1.536970e+007
d  1.295485e+000 1.818404e+006 2.304753e+007 2.486593e+007
d  1.287337e+000 2.229220e+006 3.802737e+007 4.025659e+007
d  1.279189e+000 2.732848e+006 6.237426e+007 6.510711e+007
d  1.271042e+000 3.350256e+006 1.017072e+008 1.050575e+008
d  1.262894e+000 4.107150e+006 1.648677e+008 1.689748e+008
d  1.254746e+000 5.035042e+006 2.656786e+008 2.707136e+008
d  1.246598e+000 6.172565e+006 4.256129e+008 4.317855e+008
d  1.238451e+000 7.567078e+006 6.778137e+008 6.853807e+008
d  1.230303e+000 9.276641e+006 1.073107e+009 1.082384e+009
d  1.222155e+000 1.137243e+007 1.688936e+009 1.700308e+009
d  1.214008e+000 1.394170e+007 2.642534e+009 2.656476e+009
d  1.205860e+000 1.709143e+007 4.110221e+009 4.127313e+009
d  1.197712e+000 2.095275e+007 6.355462e+009 6.376414e+009
d  1.189565e+000 2.568642e+007 9.769364e+009 9.795050e+009
d  1.181417e+000 3.148952e+007 1.492873e+010 1.496021e+010
d  1.173269e+000 3.860367e+007 2.267861e+010 2.271721e+010
d  1.165121e+000 4.732506e+007 3.424896e+010 3.429629e+010
d  1.156974e+000 5.801680e+007 5.141806e+010 5.147608e+010
d  1.148826e+000 7.112402e+007 7.673991e+010 7.681103e+010
d  1.140678e+000 8.719244e+007 1.138581e+011 1.139453e+011
d  1.132531e+000 1.068911e+008 1.679362e+011 1.680430e+011
d  1.124383e+000 1.310400e+008 2.462417e+011 2.463727e+011
d  1.116235e+000 1.606447e+008 3.589353e+011 3.590960e+011
d  1.108088e+000 1.969378e+008 5.201255e+011 5.203224e+011
d  1.099940e+000 2.414302e+008 7.492683e+011 7.495097e+011
d  1.091792e+000 2.959744e+008 1.073010e+012 1.073306e+012
d  1.083644e+000 3.628413e+008 1.527593e+012 1.527955e+012
d  1.075497e+000 4.448149e+008 2.161965e+012 2.162409e+012
d  1.067349e+000 5.453080e+008 3.041773e+012 3.042319e+012
d  1.059201e+000 6.685046e+008 4.254440e+012 4.255109e+012
d  1.051054e+000 8.195339e+008 5.915552e+012 5.916372e+012
d  1.042906e+000 1.004684e+009 8.176838e+012 8.177843e+012
d  1.034758e+000 1.231663e+009 1.123603e+013 1.123726e+013
d  1.026610e+000 1.509922e+009 1.534891e+013 1.535042e+013
d  1.018463e+000 1.851046e+009 2.084392e+013 2.084577e+013
d  1.010315e+000 2.269236e+009 2.813964e+013 2.814191e+013
d  1.002167e+000 2.781905e+009 3.776549e+013 3.776827e+013
d  9.940197e-001 3.410396e+009 5.038588e+013 5.038929e+013
d  9.858720e-001 4.180877e+009 6.682822e+013 6.683240e+013
d  9.777243e-001 5.125426e+009 8.811467e+013 8.811980e+013
d  9.695766e-001 6.283368e+009 1.154978e+014 1.155041e+014
d  9.614289e-001 7.702914e+009 1.505001e+014 1.505078e+014
d  9.532812e-001 9.443165e+009 1.949561e+014 1.949655e+014
d  9.451335e-001 1.157658e+010 2.510581e+014 2.510697e+014
d  9.369858e-001 1.419197e+010 3.214022e+014 3.214164e+014
d  9.288381e-001 1.739824e+010 4.090354e+014 4.090528e+014
d  9.206904e-001 2.132887e+010 5.174997e+014 5.175210e+014
d  9.125427e-001 2.614751e+010 6.508735e+014 6.508997e+014
d  9.043950e-001 3.205479e+010 8.138051e+014 8.138371e+014
d  8.962473e-001 3.929664e+010 1.011536e+015 1.011576e+015
d  8.880996e-001 4.817459e+010 1.249913e+015 1.249961e+015
d  8.799519e-001 5.905825e+010 1.535378e+015 1.535437e+015
d  8.718042e-001 7.240076e+010 1.874944e+015 1.875016e+015
d  8.636564e-001 8.875763e+010 2.276137e+015 2.276226e+015
d  8.555087e-001 1.088099e+011 2.746919e+015 2.747028e+015
d  8.473610e-001 1.333923e+011 3.295570e+015 3.295703e+015
d  8.392133e-001 1.635285e+011 3.930543e+015 3.930706e+015
d  8.310656e-001 2.004730e+011 4.660278e+015 4.660478e+015
d  8.229179e-001 2.457641e+011 5.492984e+015 5.493229e+015
d  8.147702e-001 3.012874e+011 6.436386e+015 6.436688e+015
d  8.066225e-001 3.693546e+011 7.497443e+015 7.497813e+015
d  7.984748e-001 4.527997e+011 8.682035e+015 8.682488e+015
d  7.903271e-001 5.550967e+011 9.994640e+015 9.995195e+015
d  7.821794e-001 6.805049e+011 1.143800e+016 1.143868e+016
d  7.740317e-001 8.342453e+011 1.301278e+016 1.301362e+016
d  7.658840e-001 1.022719e+012 1.471728e+016 1.471831e+016
d  7.577363e-001 1.253773e+012 1.654712e+016 1.654837e+016
d  7.495886e-001 1.537027e+012 1.849500e+016 1.849654e+016
d  7.414409e-001 1.884274e+012 2.055056e+016 2.055245e+016
d  7.332932e-001 2.309971e+012 2.270023e+016 2.270254e+016
d  7.251455e-001 2.831843e+012 2.492723e+016 2.493006e+016
d  7.169978e-001 3.471616e+012 2.721167e+016 2.721514e+016
d  7.088501e-001 4.255928e+012 2.953068e+016 2.953494e+016
d  7.007024e-001 5.217432e+012 3.185878e+016 3.186400e+016
d  6.925547e-001 6.396160e+012 3.416820e+016 3.417459e+016
d  6.844070e-001 7.841188e+012 3.642942e+016 3.643726e+016
d  6.762593e-001 9.612679e+012 3.861177e+016 3.862139e+016
d  6.681116e-001 1.178439e+013 4.068408e+016 4.069586e+016
d  6.599639e-001 1.444673e+013 4.261539e+016 4.262984e+016
d  6.518162e-001 1.771055e+013 4.437576e+016 4.439347e+016
d  6.436685e-001 2.171174e+013 4.593697e+016 4.595868e+016
d  6.355208e-001 2.661688e+013 4.727333e+016 4.729995e+016
d  6.273731e-001 3.263020e+013 4.836234e+016 4.839497e+016
d  6.192254e-001 4.000206e+013 4.918534e+016 4.922534e+016
d  6.110777e-001 4.903937e+013 4.972804e+016 4.977708e+016
d  6.029300e-001 6.011840e+013 4.998093e+016 5.004104e+016
d  5.947823e-001 7.370042e+013 4.993954e+016 5.001324e+016
d  5.866346e-001 9.035091e+013 4.960461e+016 4.969496e+016
d  5.784869e-001 1.107631e+014 4.898203e+016 4.909279e+016
d  5.703392e-001 1.357868e+014 4.808269e+016 4.821848e+016
d  5.621915e-001 1.664640e+014 4.692217e+016 4.708864e+016
d  5.540438e-001 2.040717e+014 4.552026e+016 4.572433e+016
d  5.458961e-001 2.501758e+014 4.390041e+016 4.415058e+016
d  5.377484e-001 3.066958e+014 4.208910e+016 4.239580e+016
d  5.296007e-001 3.759849e+014 4.011512e+016 4.049110e+016
d  5.214530e-001 4.609279e+014 3.800877e+016 3.846969e+016
d  5.133052e-001 5.650612e+014 3.580113e+016 3.636619e+016
d  5.051575e-001 6.927206e+014 3.352332e+016 3.421604e+016
d  4.970098e-001 8.492208e+014 3.120574e+016 3.205496e+016
d  4.888621e-001 1.041078e+015 2.887748e+016 2.991855e+016
d  4.807144e-001 1.276279e+015 2.656570e+016 2.784198e+016
d  4.725667e-001 1.564618e+015 2.429521e+016 2.585983e+016
d  4.644190e-001 1.918098e+015 2.208804e+016 2.400614e+016
d  4.562713e-001 2.351437e+015 1.996324e+016 2.231468e+016
d  4.481236e-001 2.882677e+015 1.793669e+016 2.081937e+016
d  4.399759e-001 3.533935e+015 1.602104e+016 1.955497e+016
d  4.318282e-001 4.332325e+015 1.422579e+016 1.855812e+016
d  4.236805e-001 5.311090e+015 1.255739e+016 1.786848e+016
d  4.155328e-001 6.510977e+015 1.101944e+016 1.753042e+016
d  4.073851e-001 7.981945e+015 9.612960e+015 1.759491e+016
d  3.992374e-001 9.785236e+015 8.336657e+015 1.812189e+016
d  3.910897e-001 1.199593e+016 7.187271e+015 1.918320e+016
d  3.829420e-001 1.470606e+016 6.159896e+015 2.086596e+016
d  3.747943e-001 1.802847e+016 5.248316e+015 2.327679e+016
d  3.666466e-001 2.210149e+016 4.445329e+015 2.654682e+016
d  3.584989e-001 2.709468e+016 3.743045e+015 3.083773e+016
d  3.503512e-001 3.321594e+016 3.133167e+015 3.634911e+016
d  3.422035e-001 4.072013e+016 2.607229e+015 4.332736e+016
d  3.340558e-001 4.991967e+016 2.156812e+015 5.207648e+016
d  3.259081e-001 6.119758e+016 1.773709e+015 6.297129e+016
d  3.177604e-001 7.502341e+016 1.450074e+015 7.647349e+016
d  3.096127e-001 9.197279e+016 1.178514e+015 9.315131e+016
d  3.014650e-001 1.127514e+017 9.521754e+014 1.137036e+017
d  2.933173e-001 1.382243e+017 7.647796e+014 1.389891e+017
d  2.851696e-001 1.694521e+017 6.106508e+014 1.700628e+017
d  2.770219e-001 2.077350e+017 4.847154e+014 2.082197e+017
d  2.688742e-001 2.546667e+017 3.824882e+014 2.550492e+017
d  2.607265e-001 3.122013e+017 3.000451e+014 3.125013e+017
d  2.525788e-001 3.827342e+017 2.339873e+014 3.829682e+017
d  2.444311e-001 4.692020e+017 1.813992e+014 4.693834e+017
d  2.362834e-001 5.752046e+017 1.398027e+014 5.753444e+017
d  2.281357e-001 7.051555e+017 1.071108e+014 7.052627e+017
d  2.199880e-001 8.644651e+017 8.158080e+013 8.645467e+017
d  2.118403e-001 1.059766e+018 6.177035e+013 1.059828e+018
d  2.036926e-001 1.299190e+018 4.649534e+013 1.299236e+018
d  1.955449e-001 1.592704e+018 3.479174e+013 1.592739e+018
d  1.873972e-001 1.952530e+018 2.588094e+013 1.952556e+018
d  1.792495e-001 2.393648e+018 1.913909e+013 2.393667e+018
d  1.711017e-001 2.934424e+018 1.407018e+013 2.934438e+018
d  1.629540e-001 3.597372e+018 1.028290e+013 3.597382e+018
d  1.548063e-001 4.410095e+018 7.470824e+012 4.410102e+018
d  1.466586e-001 5.406429e+018 5.395837e+012 5.406434e+018
d  1.385109e-001 6.627855e+018 3.874239e+012 6.627859e+018
d  1.303632e-001 8.125228e+018 2.765357e+012 8.125231e+018
d  1.222155e-001 9.960890e+018 1.962246e+012 9.960892e+018
d  1.140678e-001 1.221127e+019 1.384181e+012 1.221127e+019
d  1.059201e-001 1.497005e+019 9.706653e+011 1.497005e+019
d  9.777243e-002 1.835210e+019 6.766802e+011 1.835210e+019
d  8.962473e-002 2.249823e+019 4.689588e+011 2.249823e+019
d  8.147702e-002 2.758106e+019 3.230897e+011 2.758106e+019
d  7.332932e-002 3.381220e+019 2.212835e+011 3.381220e+019
d  6.518162e-002 4.145110e+019 1.506649e+011 4.145110e+019
d  5.703392e-002 5.081578e+019 1.019794e+011 5.081578e+019
d  4.888621e-002 6.229614e+019 6.861988e+010 6.229614e+019
d  4.073851e-002 7.637015e+019 4.590128e+010 7.637015e+019
d  3.259081e-002 9.362379e+019 3.052368e+010 9.362379e+019
d  2.444311e-002 1.147754e+020 2.017838e+010 1.147754e+020
d  1.629540e-002 1.407056e+020 1.326090e+010 1.407056e+020
d  8.147702e-003 1.724940e+020 8.663573e+009 1.724940e+020
d  0.000000e+000 2.114640e+020 5.626759e+009 2.114640e+020
