v ATLAS
# This file was created by ATLAS version 5.28.1.R on Tue Oct 06 02:29:16 2026.
#SSF 2.0 generic
##############################################################################
#                    Copyright (c) 1984 - 2019                               #
#                    Silvaco Inc. All rights reserved                        #
#                                                                            #
# This file format and the following Key are copyright Silvaco Inc.          #
# You may not use, this format or key without reproducing this message in    #
# full and obtaining express written permission from Silvaco Inc.            #
#                                                                            #
# To obtain such permission please contact: Silvaco Inc.                     #
#                                           support@silvaco.com              #
#                                                                            #
# KEY=SVC86hn7562asdx                       PROD=345                         #
##############################################################################
p 4 74 76 75 205
d  3.120570e+000 2.780214e-014 3.298113e-206 2.780214e-014
d  3.112422e+000 3.408323e-014 6.522317e-205 3.408323e-014
d  3.104275e+000 4.178335e-014 1.278753e-203 4.178335e-014
d  3.096127e+000 5.122310e-014 2.485535e-202 5.122310e-014
d  3.087979e+000 6.279548e-014 4.789624e-201 6.279548e-014
d  3.079831e+000 7.698231e-014 9.150218e-200 7.698231e-014
d  3.071684e+000 9.437424e-014 1.733045e-198 9.437424e-014
d  3.063536e+000 1.156954e-013 3.254143e-197 1.156954e-013
d  3.055388e+000 1.418334e-013 6.057757e-196 1.418334e-013
d  3.047241e+000 1.738766e-013 1.117984e-194 1.738766e-013
d  3.039093e+000 2.131590e-013 2.045537e-193 2.131590e-013
d  3.030945e+000 2.613162e-013 3.710460e-192 2.613162e-013
d  3.022798e+000 3.203530e-013 6.672623e-191 3.203530e-013
d  3.014650e+000 3.927275e-013 1.189635e-189 3.927275e-013
d  3.006502e+000 4.814530e-013 2.102710e-188 4.814530e-013
d  2.998354e+000 5.902235e-013 3.684626e-187 5.902235e-013
d  2.990207e+000 7.235675e-013 6.401118e-186 7.235675e-013
d  2.982059e+000 8.870367e-013 1.102470e-184 8.870367e-013
d  2.973911e+000 1.087437e-012 1.882460e-183 1.087437e-012
d  2.965764e+000 1.333112e-012 3.186643e-182 1.333112e-012
d  2.957616e+000 1.634290e-012 5.347976e-181 1.634290e-012
d  2.949468e+000 2.003511e-012 8.898029e-180 2.003511e-012
d  2.941321e+000 2.456147e-012 1.467732e-178 2.456147e-012
d  2.933173e+000 3.011043e-012 2.400202e-177 3.011043e-012
d  2.925025e+000 3.691301e-012 3.891325e-176 3.691301e-012
d  2.916877e+000 4.525244e-012 6.254542e-175 4.525244e-012
d  2.908730e+000 5.547593e-012 9.966482e-174 5.547593e-012
d  2.900582e+000 6.800911e-012 1.574478e-172 6.800911e-012
d  2.892434e+000 8.337382e-012 2.465925e-171 8.337382e-012
d  2.884287e+000 1.022097e-011 3.828878e-170 1.022097e-011
d  2.876139e+000 1.253011e-011 5.894020e-169 1.253011e-011
d  2.867991e+000 1.536092e-011 8.994976e-168 1.536092e-011
d  2.859844e+000 1.883128e-011 1.360933e-166 1.883128e-011
d  2.851696e+000 2.308567e-011 2.041371e-165 2.308567e-011
d  2.843548e+000 2.830121e-011 3.035678e-164 2.830121e-011
d  2.835400e+000 3.469505e-011 4.475460e-163 3.469505e-011
d  2.827253e+000 4.253340e-011 6.541361e-162 4.253340e-011
d  2.819105e+000 5.214260e-011 9.478660e-161 5.214260e-011
d  2.810957e+000 6.392272e-011 1.361677e-159 6.392272e-011
d  2.802810e+000 7.836421e-011 1.939322e-158 7.836421e-011
d  2.794662e+000 9.606835e-011 2.738255e-157 9.606835e-011
d  2.786514e+000 1.177722e-010 3.833066e-156 1.177722e-010
d  2.778367e+000 1.443795e-010 5.319455e-155 1.443795e-010
d  2.770219e+000 1.769979e-010 7.318741e-154 1.769979e-010
d  2.762071e+000 2.169854e-010 9.982837e-153 2.169854e-010
d  2.753923e+000 2.660070e-010 1.349957e-151 2.660070e-010
d  2.745776e+000 3.261036e-010 1.809816e-150 3.261036e-010
d  2.737628e+000 3.997774e-010 2.405455e-149 3.997774e-010
d  2.729480e+000 4.900956e-010 3.169630e-148 4.900956e-010
d  2.721333e+000 6.008185e-010 4.140647e-147 6.008185e-010
d  2.713185e+000 7.365562e-010 5.362610e-146 7.365562e-010
d  2.705037e+000 9.029598e-010 6.885456e-145 9.029598e-010
d  2.696889e+000 1.106958e-009 8.764710e-144 1.106958e-009
d  2.688742e+000 1.357043e-009 1.106091e-142 1.357043e-009
d  2.680594e+000 1.663627e-009 1.383861e-141 1.663627e-009
d  2.672446e+000 2.039476e-009 1.716495e-140 2.039476e-009
d  2.664299e+000 2.500237e-009 2.110770e-139 2.500237e-009
d  2.656151e+000 3.065094e-009 2.573284e-138 3.065094e-009
d  2.648003e+000 3.757563e-009 3.110162e-137 3.757563e-009
d  2.639856e+000 4.606477e-009 3.726720e-136 4.606477e-009
d  2.631708e+000 5.647177e-009 4.427094e-135 5.647177e-009
d  2.623560e+000 6.922994e-009 5.213858e-134 6.922994e-009
d  2.615412e+000 8.487045e-009 6.087628e-133 8.487045e-009
d  2.607265e+000 1.040445e-008 7.046693e-132 1.040445e-008
d  2.599117e+000 1.275503e-008 8.086694e-131 1.275503e-008
d  2.590969e+000 1.563667e-008 9.200365e-130 1.563667e-008
d  2.582822e+000 1.916932e-008 1.037738e-128 1.916932e-008
d  2.574674e+000 2.350008e-008 1.160429e-127 2.350008e-008
d  2.566526e+000 2.880924e-008 1.286464e-126 2.880924e-008
d  2.558379e+000 3.531786e-008 1.413922e-125 3.531786e-008
d  2.550231e+000 4.329692e-008 1.540641e-124 4.329692e-008
d  2.542083e+000 5.307861e-008 1.664278e-123 5.307861e-008
d  2.533935e+000 6.507019e-008 1.782374e-122 6.507019e-008
d  2.525788e+000 7.977092e-008 1.892431e-121 7.977092e-008
d  2.517640e+000 9.779287e-008 1.992002e-120 9.779287e-008
d  2.509492e+000 1.198863e-007 2.078776e-119 1.198863e-007
d  2.501345e+000 1.469712e-007 2.150672e-118 1.469712e-007
d  2.493197e+000 1.801751e-007 2.205917e-117 1.801751e-007
d  2.485049e+000 2.208805e-007 2.243120e-116 2.208805e-007
d  2.476902e+000 2.707821e-007 2.261331e-115 2.707821e-007
d  2.468754e+000 3.319575e-007 2.260082e-114 3.319575e-007
d  2.460606e+000 4.069537e-007 2.239405e-113 4.069537e-007
d  2.452458e+000 4.988932e-007 2.199832e-112 4.988932e-007
d  2.444311e+000 6.116038e-007 2.142372e-111 6.116038e-007
d  2.436163e+000 7.497780e-007 2.068467e-110 7.497780e-007
d  2.428015e+000 9.191688e-007 1.979934e-109 9.191688e-007
d  2.419868e+000 1.126829e-006 1.878889e-108 1.126829e-006
d  2.411720e+000 1.381403e-006 1.767665e-107 1.381403e-006
d  2.403572e+000 1.693491e-006 1.648721e-106 1.693491e-006
d  2.395424e+000 2.076087e-006 1.524555e-105 2.076087e-006
d  2.387277e+000 2.545119e-006 1.397613e-104 2.545119e-006
d  2.379129e+000 3.120115e-006 1.270222e-103 3.120115e-006
d  2.370981e+000 3.825015e-006 1.144512e-102 3.825015e-006
d  2.362834e+000 4.689167e-006 1.022374e-101 4.689167e-006
d  2.354686e+000 5.748549e-006 9.054145e-101 5.748549e-006
d  2.346538e+000 7.047268e-006 7.949386e-100 7.047268e-006
d  2.338391e+000 8.639396e-006 6.919394e-099 8.639396e-006
d  2.330243e+000 1.059122e-005 5.971054e-098 1.059122e-005
d  2.322095e+000 1.298400e-005 5.108369e-097 1.298400e-005
d  2.313947e+000 1.591736e-005 4.332734e-096 1.591736e-005
d  2.305800e+000 1.951343e-005 3.643259e-095 1.951343e-005
d  2.297652e+000 2.392193e-005 3.037152e-094 2.392193e-005
d  2.289504e+000 2.932640e-005 2.510103e-093 2.932640e-005
d  2.281357e+000 3.595185e-005 2.056671e-092 3.595185e-005
d  2.273209e+000 4.407414e-005 1.670654e-091 4.407414e-005
d  2.265061e+000 5.403142e-005 1.345416e-090 5.403142e-005
d  2.256914e+000 6.623826e-005 1.074175e-089 6.623826e-005
d  2.248766e+000 8.120289e-005 8.502411e-089 8.120289e-005
d  2.240618e+000 9.954834e-005 6.672021e-088 9.954834e-005
d  2.232470e+000 1.220384e-004 5.190642e-087 1.220384e-004
d  2.224323e+000 1.496095e-004 4.003439e-086 1.496095e-004
d  2.216175e+000 1.834094e-004 3.061214e-085 1.834094e-004
d  2.208027e+000 2.248455e-004 2.320613e-084 2.248455e-004
d  2.199880e+000 2.756429e-004 1.744054e-083 2.756429e-004
d  2.191732e+000 3.379165e-004 1.299468e-082 3.379165e-004
d  2.183584e+000 4.142589e-004 9.598864e-082 4.142589e-004
d  2.175437e+000 5.078488e-004 7.029467e-081 5.078488e-004
d  2.167289e+000 6.225826e-004 5.103561e-080 6.225826e-004
d  2.159141e+000 7.632373e-004 3.673437e-079 7.632373e-004
d  2.150993e+000 9.356687e-004 2.621322e-078 9.356687e-004
d  2.142846e+000 1.147056e-003 1.854456e-077 1.147056e-003
d  2.134698e+000 1.406200e-003 1.300652e-076 1.406200e-003
d  2.126550e+000 1.723891e-003 9.043863e-076 1.723891e-003
d  2.118403e+000 2.113354e-003 6.234409e-075 2.113354e-003
d  2.110255e+000 2.590806e-003 4.260740e-074 2.590806e-003
d  2.102107e+000 3.176124e-003 2.886843e-073 3.176124e-003
d  2.093960e+000 3.893678e-003 1.939142e-072 3.893678e-003
d  2.085812e+000 4.773342e-003 1.291352e-071 4.773342e-003
d  2.077664e+000 5.851741e-003 8.525660e-071 5.851741e-003
d  2.069516e+000 7.173773e-003 5.580328e-070 7.173773e-003
d  2.061369e+000 8.794481e-003 3.621095e-069 8.794481e-003
d  2.053221e+000 1.078134e-002 2.329531e-068 1.078134e-002
d  2.045073e+000 1.321707e-002 1.485749e-067 1.321707e-002
d  2.036926e+000 1.620309e-002 9.394436e-067 1.620309e-002
d  2.028778e+000 1.986371e-002 5.889040e-066 1.986371e-002
d  2.020630e+000 2.435135e-002 3.659878e-065 2.435135e-002
d  2.012482e+000 2.985283e-002 2.254951e-064 2.985283e-002
d  2.004335e+000 3.659722e-002 1.377388e-063 3.659722e-002
d  1.996187e+000 4.486531e-002 8.341103e-063 4.486531e-002
d  1.988039e+000 5.500133e-002 5.007711e-062 5.500133e-002
d  1.979892e+000 6.742730e-002 2.980598e-061 6.742730e-002
d  1.971744e+000 8.266055e-002 1.758798e-060 8.266055e-002
d  1.963596e+000 1.013353e-001 1.028909e-059 1.013353e-001
d  1.955449e+000 1.242291e-001 5.967416e-059 1.242291e-001
d  1.947301e+000 1.522951e-001 3.431184e-058 1.522951e-001
d  1.939153e+000 1.867018e-001 1.955916e-057 1.867018e-001
d  1.931005e+000 2.288817e-001 1.105363e-056 2.288817e-001
d  1.922858e+000 2.805909e-001 6.193095e-056 2.805909e-001
d  1.914710e+000 3.439824e-001 3.440005e-055 3.439824e-001
d  1.906562e+000 4.216953e-001 1.894344e-054 4.216953e-001
d  1.898415e+000 5.169652e-001 1.034206e-053 5.169652e-001
d  1.890267e+000 6.337586e-001 5.597623e-053 6.337586e-001
d  1.882119e+000 7.769381e-001 3.003645e-052 7.769381e-001
d  1.873972e+000 9.524649e-001 1.597872e-051 9.524649e-001
d  1.865824e+000 1.167647e+000 8.427208e-051 1.167647e+000
d  1.857676e+000 1.431443e+000 4.406298e-050 1.431443e+000
d  1.849528e+000 1.754836e+000 2.284086e-049 1.754836e+000
d  1.841381e+000 2.151291e+000 1.173814e-048 2.151291e+000
d  1.833233e+000 2.637313e+000 5.980464e-048 2.637313e+000
d  1.825085e+000 3.233138e+000 3.020777e-047 3.233138e+000
d  1.816938e+000 3.963573e+000 1.512693e-046 3.963573e+000
d  1.808790e+000 4.859028e+000 7.509852e-046 4.859028e+000
d  1.800642e+000 5.956785e+000 3.696242e-045 5.956785e+000
d  1.792495e+000 7.302549e+000 1.803590e-044 7.302549e+000
d  1.784347e+000 8.952350e+000 8.724962e-044 8.952350e+000
d  1.776199e+000 1.097488e+001 4.184444e-043 1.097488e+001
d  1.768051e+000 1.345433e+001 1.989575e-042 1.345433e+001
d  1.759904e+000 1.649395e+001 9.378455e-042 1.649395e+001
d  1.751756e+000 2.022029e+001 4.382790e-041 2.022029e+001
d  1.743608e+000 2.478848e+001 2.030573e-040 2.478848e+001
d  1.735461e+000 3.038872e+001 9.326844e-040 3.038872e+001
d  1.727313e+000 3.725417e+001 4.247167e-039 3.725417e+001
d  1.719165e+000 4.567068e+001 1.917398e-038 4.567068e+001
d  1.711017e+000 5.598866e+001 8.581707e-038 5.598866e+001
d  1.702870e+000 6.863768e+001 3.807882e-037 6.863768e+001
d  1.694722e+000 8.414439e+001 1.675104e-036 8.414439e+001
d  1.686574e+000 1.031544e+002 7.305472e-036 1.031544e+002
d  1.678427e+000 1.264592e+002 3.158663e-035 1.264592e+002
d  1.670279e+000 1.550290e+002 1.353963e-034 1.550290e+002
d  1.662131e+000 1.900533e+002 5.753850e-034 1.900533e+002
d  1.653984e+000 2.329903e+002 2.424146e-033 2.329903e+002
d  1.645836e+000 2.856278e+002 1.012529e-032 2.856278e+002
d  1.637688e+000 3.501572e+002 4.192802e-032 3.501572e+002
d  1.629540e+000 4.292651e+002 1.721273e-031 4.292651e+002
d  1.621393e+000 5.262452e+002 7.005571e-031 5.262452e+002
d  1.613245e+000 6.451351e+002 2.826739e-030 6.451351e+002
d  1.605097e+000 7.908848e+002 1.130775e-029 7.908848e+002
d  1.596950e+000 9.695625e+002 4.484514e-029 9.695625e+002
d  1.588802e+000 1.188607e+003 1.763205e-028 1.188607e+003
d  1.580654e+000 1.457139e+003 6.872878e-028 1.457139e+003
d  1.572507e+000 1.786337e+003 2.655968e-027 1.786337e+003
d  1.564359e+000 2.189909e+003 1.017549e-026 2.189909e+003
d  1.556211e+000 2.684656e+003 3.864884e-026 2.684656e+003
d  1.548063e+000 3.291176e+003 1.455345e-025 3.291176e+003
d  1.539916e+000 4.034723e+003 5.433050e-025 4.034723e+003
d  1.531768e+000 4.946252e+003 2.010805e-024 4.946252e+003
d  1.523620e+000 6.063715e+003 7.378101e-024 6.063715e+003
d  1.515473e+000 7.433637e+003 2.683908e-023 7.433637e+003
d  1.507325e+000 9.113053e+003 9.679191e-023 9.113053e+003
d  1.499177e+000 1.117189e+004 3.460660e-022 1.117189e+004
d  1.491030e+000 1.369585e+004 1.226668e-021 1.369585e+004
d  1.482882e+000 1.679003e+004 4.310660e-021 1.679003e+004
d  1.474734e+000 2.058326e+004 1.501789e-020 2.058326e+004
d  1.466586e+000 2.523345e+004 5.187071e-020 2.523345e+004
d  1.458439e+000 3.093422e+004 1.776168e-019 3.093422e+004
d  1.450291e+000 3.792292e+004 6.029680e-019 3.792292e+004
d  1.442143e+000 4.649051e+004 2.029331e-018 4.649051e+004
d  1.433996e+000 5.699371e+004 6.771112e-018 5.699371e+004
d  1.425848e+000 6.986979e+004 2.239832e-017 6.986979e+004
d  1.417700e+000 8.565486e+004 7.345464e-017 8.565486e+004
d  1.409553e+000 1.050061e+005 2.388204e-016 1.050061e+005
d  1.401405e+000 1.287292e+005 7.697898e-016 1.287292e+005
d  1.393257e+000 1.578119e+005 2.459921e-015 1.578119e+005
d  1.385109e+000 1.934649e+005 7.793251e-015 1.934649e+005
d  1.376962e+000 2.371727e+005 2.447736e-014 2.371727e+005
d  1.368814e+000 2.907551e+005 7.621821e-014 2.907551e+005
d  1.360666e+000 3.564428e+005 2.352889e-013 3.564428e+005
d  1.352519e+000 4.369708e+005 7.200994e-013 4.369708e+005
d  1.344371e+000 5.356918e+005 2.184902e-012 5.356918e+005
d  1.336223e+000 6.567159e+005 6.572336e-012 6.567159e+005
d  1.328075e+000 8.050820e+005 1.960000e-011 8.050820e+005
d  1.319928e+000 9.869670e+005 5.794830e-011 9.869670e+005
d  1.311780e+000 1.209944e+006 1.698532e-010 1.209944e+006
d  1.303632e+000 1.483296e+006 4.935773e-010 1.483296e+006
d  1.295485e+000 1.818404e+006 1.421952e-009 1.818404e+006
d  1.287337e+000 2.229220e+006 4.061284e-009 2.229220e+006
d  1.279189e+000 2.732848e+006 1.149979e-008 2.732848e+006
d  1.271042e+000 3.350256e+006 3.228234e-008 3.350256e+006
d  1.262894e+000 4.107150e+006 8.984388e-008 4.107150e+006
d  1.254746e+000 5.035042e+006 2.478908e-007 5.035042e+006
d  1.246598e+000 6.172565e+006 6.780795e-007 6.172565e+006
d  1.238451e+000 7.567078e+006 1.838863e-006 7.567078e+006
d  1.230303e+000 9.276641e+006 4.943863e-006 9.276641e+006
d  1.222155e+000 1.137243e+007 1.317746e-005 1.137243e+007
d  1.214008e+000 1.394170e+007 3.482136e-005 1.394170e+007
d  1.205860e+000 1.709143e+007 9.122377e-005 1.709143e+007
d  1.197712e+000 2.095275e+007 2.369293e-004 2.095275e+007
d  1.189565e+000 2.568642e+007 6.100673e-004 2.568642e+007
d  1.181417e+000 3.148952e+007 1.557346e-003 3.148952e+007
d  1.173269e+000 3.860367e+007 3.941315e-003 3.860367e+007
d  1.165121e+000 4.732506e+007 9.888841e-003 4.732506e+007
d  1.156974e+000 5.801680e+007 2.459790e-002 5.801680e+007
d  1.148826e+000 7.112402e+007 6.065955e-002 7.112402e+007
d  1.140678e+000 8.719244e+007 1.483026e-001 8.719244e+007
d  1.132531e+000 1.068911e+008 3.594567e-001 1.068911e+008
d  1.124383e+000 1.310400e+008 8.637595e-001 1.310400e+008
d  1.116235e+000 1.606447e+008 2.057726e+000 1.606447e+008
d  1.108088e+000 1.969378e+008 4.859937e+000 1.969378e+008
d  1.099940e+000 2.414302e+008 1.137947e+001 2.414302e+008
d  1.091792e+000 2.959744e+008 2.641569e+001 2.959744e+008
d  1.083644e+000 3.628413e+008 6.079254e+001 3.628414e+008
d  1.075497e+000 4.448149e+008 1.387034e+002 4.448150e+008
d  1.067349e+000 5.453080e+008 3.137416e+002 5.453083e+008
d  1.059201e+000 6.685046e+008 7.035672e+002 6.685053e+008
d  1.051054e+000 8.195339e+008 1.564183e+003 8.195355e+008
d  1.042906e+000 1.004684e+009 3.447607e+003 1.004687e+009
d  1.034758e+000 1.231663e+009 7.533495e+003 1.231671e+009
d  1.026610e+000 1.509922e+009 1.632013e+004 1.509939e+009
d  1.018463e+000 1.851046e+009 3.505089e+004 1.851081e+009
d  1.010315e+000 2.269236e+009 7.463164e+004 2.269311e+009
d  1.002167e+000 2.781905e+009 1.575416e+005 2.782062e+009
d  9.940197e-001 3.410396e+009 3.296978e+005 3.410726e+009
d  9.858720e-001 4.180877e+009 6.840457e+005 4.181561e+009
d  9.777243e-001 5.125426e+009 1.407028e+006 5.126833e+009
d  9.695766e-001 6.283368e+009 2.869251e+006 6.286237e+009
d  9.614289e-001 7.702914e+009 5.800733e+006 7.708715e+009
d  9.532812e-001 9.443165e+009 1.162641e+007 9.454792e+009
d  9.451335e-001 1.157658e+010 2.310238e+007 1.159968e+010
d  9.369858e-001 1.419197e+010 4.551098e+007 1.423748e+010
d  9.288381e-001 1.739824e+010 8.888411e+007 1.748712e+010
d  9.206904e-001 2.132887e+010 1.720998e+008 2.150097e+010
d  9.125427e-001 2.614751e+010 3.303582e+008 2.647787e+010
d  9.043950e-001 3.205479e+010 6.286925e+008 3.268348e+010
d  8.962473e-001 3.929664e+010 1.186150e+009 4.048280e+010
d  8.880996e-001 4.817459e+010 2.218655e+009 5.039324e+010
d  8.799519e-001 5.905825e+010 4.114225e+009 6.317248e+010
d  8.718042e-001 7.240076e+010 7.563708e+009 7.996447e+010
d  8.636564e-001 8.875763e+010 1.378573e+010 1.025434e+011
d  8.555087e-001 1.088099e+011 2.490998e+010 1.337198e+011
d  8.473610e-001 1.333923e+011 4.462368e+010 1.780160e+011
d  8.392133e-001 1.635285e+011 7.925117e+010 2.427796e+011
d  8.310656e-001 2.004730e+011 1.395386e+011 3.400116e+011
d  8.229179e-001 2.457641e+011 2.435743e+011 4.893385e+011
d  8.147702e-001 3.012874e+011 4.215189e+011 7.228064e+011
d  8.066225e-001 3.693546e+011 7.231877e+011 1.092542e+012
d  7.984748e-001 4.527997e+011 1.230080e+012 1.682880e+012
d  7.903271e-001 5.550967e+011 2.074264e+012 2.629361e+012
d  7.821794e-001 6.805049e+011 3.467714e+012 4.148219e+012
d  7.740317e-001 8.342453e+011 5.747391e+012 6.581637e+012
d  7.658840e-001 1.022719e+012 9.443799e+012 1.046652e+013
d  7.577363e-001 1.253773e+012 1.538406e+013 1.663784e+013
d  7.495886e-001 1.537027e+012 2.484528e+013 2.638230e+013
d  7.414409e-001 1.884274e+012 3.978002e+013 4.166429e+013
d  7.332932e-001 2.309971e+012 6.314435e+013 6.545432e+013
d  7.251455e-001 2.831843e+012 9.936935e+013 1.022012e+014
d  7.169978e-001 3.471616e+012 1.550311e+014 1.585027e+014
d  7.088501e-001 4.255928e+012 2.397914e+014 2.440473e+014
d  7.007024e-001 5.217432e+012 3.677026e+014 3.729200e+014
d  6.925547e-001 6.396160e+012 5.589954e+014 5.653916e+014
d  6.844070e-001 7.841188e+012 8.424967e+014 8.503379e+014
d  6.762593e-001 9.612679e+012 1.258858e+015 1.268470e+015
d  6.681116e-001 1.178439e+013 1.864805e+015 1.876589e+015
d  6.599639e-001 1.444673e+013 2.738662e+015 2.753109e+015
d  6.518162e-001 1.771055e+013 3.987421e+015 4.005131e+015
d  6.436685e-001 2.171174e+013 5.755645e+015 5.777357e+015
d  6.355208e-001 2.661688e+013 8.236532e+015 8.263149e+015
d  6.273731e-001 3.263020e+013 1.168539e+016 1.171802e+016
d  6.192254e-001 4.000206e+013 1.643578e+016 1.647578e+016
d  6.110777e-001 4.903937e+013 2.291848e+016 2.296752e+016
d  6.029300e-001 6.011840e+013 3.168326e+016 3.174338e+016
d  5.947823e-001 7.370042e+013 4.342324e+016 4.349694e+016
d  5.866346e-001 9.035091e+013 5.900149e+016 5.909184e+016
d  5.784869e-001 1.107631e+014 7.947895e+016 7.958972e+016
d  5.703392e-001 1.357868e+014 1.061426e+017 1.062784e+017
d  5.621915e-001 1.664640e+014 1.405322e+017 1.406986e+017
d  5.540438e-001 2.040717e+014 1.844633e+017 1.846674e+017
d  5.458961e-001 2.501758e+014 2.400451e+017 2.402953e+017
d  5.377484e-001 3.066958e+014 3.096877e+017 3.099944e+017
d  5.296007e-001 3.759849e+014 3.960989e+017 3.964748e+017
d  5.214530e-001 4.609279e+014 5.022635e+017 5.027244e+017
d  5.133052e-001 5.650612e+014 6.314049e+017 6.319700e+017
d  5.051575e-001 6.927206e+014 7.869239e+017 7.876166e+017
d  4.970098e-001 8.492208e+014 9.723126e+017 9.731618e+017
d  4.888621e-001 1.041078e+015 1.191043e+018 1.192084e+018
d  4.807144e-001 1.276279e+015 1.446430e+018 1.447707e+018
d  4.725667e-001 1.564618e+015 1.741470e+018 1.743034e+018
d  4.644190e-001 1.918098e+015 2.078656e+018 2.080574e+018
d  4.562713e-001 2.351437e+015 2.459789e+018 2.462140e+018
d  4.481236e-001 2.882677e+015 2.885768e+018 2.888651e+018
d  4.399759e-001 3.533935e+015 3.356398e+018 3.359932e+018
d  4.318282e-001 4.332325e+015 3.870204e+018 3.874536e+018
d  4.236805e-001 5.311090e+015 4.424280e+018 4.429591e+018
d  4.155328e-001 6.510977e+015 5.014179e+018 5.020690e+018
d  4.073851e-001 7.981945e+015 5.633852e+018 5.641834e+018
d  3.992374e-001 9.785236e+015 6.275660e+018 6.285445e+018
d  3.910897e-001 1.199593e+016 6.930456e+018 6.942452e+018
d  3.829420e-001 1.470606e+016 7.587743e+018 7.602449e+018
d  3.747943e-001 1.802847e+016 8.235914e+018 8.253943e+018
d  3.666466e-001 2.210149e+016 8.862565e+018 8.884666e+018
d  3.584989e-001 2.709468e+016 9.454867e+018 9.481962e+018
d  3.503512e-001 3.321594e+016 9.999996e+018 1.003321e+019
d  3.422035e-001 4.072013e+016 1.048558e+019 1.052630e+019
d  3.340558e-001 4.991967e+016 1.090018e+019 1.095010e+019
d  3.259081e-001 6.119758e+016 1.123372e+019 1.129491e+019
d  3.177604e-001 7.502341e+016 1.147787e+019 1.155290e+019
d  3.096127e-001 9.197279e+016 1.162647e+019 1.171844e+019
d  3.014650e-001 1.127514e+017 1.167569e+019 1.178845e+019
d  2.933173e-001 1.382243e+017 1.162428e+019 1.176250e+019
d  2.851696e-001 1.694521e+017 1.147354e+019 1.164299e+019
d  2.770219e-001 2.077350e+017 1.122736e+019 1.143509e+019
d  2.688742e-001 2.546667e+017 1.089196e+019 1.114662e+019
d  2.607265e-001 3.122013e+017 1.047569e+019 1.078789e+019
d  2.525788e-001 3.827342e+017 9.988678e+018 1.037141e+019
d  2.444311e-001 4.692020e+017 9.442383e+018 9.911585e+018
d  2.362834e-001 5.752046e+017 8.849193e+018 9.424397e+018
d  2.281357e-001 7.051555e+017 8.221936e+018 8.927091e+018
d  2.199880e-001 8.644651e+017 7.573435e+018 8.437900e+018
d  2.118403e-001 1.059766e+018 6.916082e+018 7.975848e+018
d  2.036926e-001 1.299190e+018 6.261462e+018 7.560652e+018
d  1.955449e-001 1.592704e+018 5.620045e+018 7.212749e+018
d  1.873972e-001 1.952530e+018 5.000947e+018 6.953477e+018
d  1.792495e-001 2.393648e+018 4.411772e+018 6.805420e+018
d  1.711017e-001 2.934424e+018 3.858534e+018 6.792957e+018
d  1.629540e-001 3.597372e+018 3.345646e+018 6.943018e+018
d  1.548063e-001 4.410095e+018 2.875981e+018 7.286075e+018
d  1.466586e-001 5.406429e+018 2.450984e+018 7.857412e+018
d  1.385109e-001 6.627855e+018 2.070824e+018 8.698680e+018
d  1.303632e-001 8.125228e+018 1.734581e+018 9.859809e+018
d  1.222155e-001 9.960890e+018 1.440436e+018 1.140133e+019
d  1.140678e-001 1.221127e+019 1.185884e+018 1.339715e+019
d  1.059201e-001 1.497005e+019 9.679181e+017 1.593797e+019
d  9.777243e-002 1.835210e+019 7.832194e+017 1.913532e+019
d  8.962473e-002 2.249823e+019 6.283139e+017 2.312654e+019
d  8.147702e-002 2.758106e+019 4.997103e+017 2.808077e+019
d  7.332932e-002 3.381220e+019 3.940110e+017 3.420621e+019
d  6.518162e-002 4.145110e+019 3.079972e+017 4.175909e+019
d  5.703392e-002 5.081578e+019 2.386897e+017 5.105447e+019
d  4.888621e-002 6.229614e+019 1.833872e+017 6.247952e+019
d  4.073851e-002 7.637015e+019 1.396859e+017 7.650984e+019
d  3.259081e-002 9.362379e+019 1.054835e+017 9.372928e+019
d  2.444311e-002 1.147754e+020 7.897054e+016 1.148544e+020
d  1.629540e-002 1.407056e+020 5.861300e+016 1.407642e+020
d  8.147702e-003 1.724940e+020 4.312918e+016 1.725371e+020
d  0.000000e+000 2.114640e+020 3.146276e+016 2.114955e+020
