Probe avg_n vs gate bias
76 2 2
gate bias
Probe avg_n
-3 7.76166e+012
-2.8 7.76289e+012
-2.6 7.76503e+012
-2.4 7.76875e+012
-2.2 7.77519e+012
-2 7.78637e+012
-1.8 7.80581e+012
-1.6 7.83967e+012
-1.4 7.89886e+012
-1.2 8.003e+012
-1 8.18815e+012
-0.95 8.25405e+012
-0.9 8.33055e+012
-0.85 8.41947e+012
-0.8 8.52301e+012
-0.75 8.64381e+012
-0.7 8.78506e+012
-0.65 8.95063e+012
-0.6 9.14532e+012
-0.55 9.37508e+012
-0.5 9.64744e+012
-0.45 9.972e+012
-0.4 1.03613e+013
-0.35 1.08332e+013
-0.3 1.142e+013
-0.25 1.22233e+013
-0.2 1.37397e+013
-0.15 1.87835e+013
-0.1 4.31352e+013
-0.05 1.64737e+014
-4.24783e-016 6.6284e+014
0.05 2.12259e+015
0.1 5.21566e+015
0.15 1.04453e+016
0.2 1.81709e+016
0.25 2.87236e+016
0.3 4.24858e+016
0.35 5.99345e+016
0.4 8.16655e+016
0.45 1.084e+017
0.5 1.40968e+017
0.55 1.80256e+017
0.6 2.27127e+017
0.65 2.82325e+017
0.7 3.46407e+017
0.75 4.19729e+017
0.8 5.02462e+017
0.85 5.94605e+017
0.9 6.96007e+017
0.95 8.06414e+017
1 9.25531e+017
1.05 1.05307e+018
1.1 1.18878e+018
1.15 1.33248e+018
1.2 1.48405e+018
1.25 1.64342e+018
1.3 1.81055e+018
1.35 1.98538e+018
1.4 2.1678e+018
1.45 2.35763e+018
1.5 2.55463e+018
1.6 2.96886e+018
1.7 3.40756e+018
1.8 3.86765e+018
1.9 4.34615e+018
2 4.84045e+018
2.1 5.3483e+018
2.2 5.86778e+018
2.3 6.39729e+018
2.4 6.93549e+018
2.5 7.48124e+018
2.6 8.03359e+018
2.7 8.59174e+018
2.8 9.155e+018
2.9 9.72277e+018
3 1.02946e+019
