Conduction Band Energy vs Depth
92 2 2
Depth
Conduction Band Energy
0 3.5471
0.0199902 3.5471
0.0344313 3.5471
0.0448638 3.5471
0.0524003 3.5471
0.0578448 3.5471
0.061778 3.5471
0.0646194 3.5471
0.066672 3.5471
0.0681549 3.5471
0.0692261 3.5471
0.07 0.196379
0.07 0.196379
0.0707848 0.196442
0.0714745 0.1966
0.0720807 0.19682
0.0726135 0.197075
0.0730818 0.197348
0.0734934 0.197626
0.0738552 0.1979
0.0741731 0.198163
0.0744526 0.198413
0.0746982 0.198646
0.0749141 0.198861
0.0751038 0.199059
0.0752706 0.19924
0.0754172 0.199404
0.075546 0.199552
0.0756592 0.199685
0.0757587 0.199804
0.0758462 0.199911
0.0759231 0.200006
0.0759906 0.200091
0.07605 0.200166
0.07605 0.200166
0.0761125 0.20023
0.076175 0.200279
0.0762375 0.200312
0.0763 0.200329
0.0763 0.200329
0.0763595 3.55271
0.0764253 3.55456
0.0764982 3.55659
0.0765789 3.55885
0.0766683 3.56135
0.0767672 3.56412
0.0768767 3.56718
0.076998 3.57058
0.0771323 3.57433
0.0772809 3.57849
0.0774455 3.5831
0.0776277 3.58819
0.0778294 3.59384
0.0780527 3.60009
0.0783 4.507
0.0783 4.507
0.0785427 4.51013
0.0787984 4.51342
0.0790678 4.51688
0.0793516 4.52053
0.0796506 4.52438
0.0799656 4.52843
0.0802976 4.53271
0.0806473 4.5372
0.0810157 4.54195
0.0814039 4.54694
0.0818128 4.5522
0.0822437 4.55775
0.0826977 4.56359
0.0831759 4.56974
0.0836798 4.57622
0.0842107 4.58305
0.0847701 4.59025
0.0853594 4.59783
0.0859802 4.60582
0.0866344 4.61424
0.0873235 4.6231
0.0880496 4.63245
0.0888146 4.64229
0.0896206 4.65266
0.0904697 4.66358
0.0913644 4.6751
0.0923069 4.68722
0.0933 4.7
0.0933 0
0.0943551 0
0.0960786 0
0.0988935 0
0.103491 0
0.111001 0
0.123266 0
0.1433 0
