Conduction Band Energy vs Depth
92 2 2
Depth
Conduction Band Energy
0 3.07044
0.0199902 3.07044
0.0344313 3.07044
0.0448638 3.07044
0.0524003 3.07044
0.0578448 3.07044
0.061778 3.07044
0.0646194 3.07044
0.066672 3.07044
0.0681549 3.07044
0.0692261 3.07044
0.07 -0.280278
0.07 -0.280278
0.0707848 -0.282946
0.0714745 -0.289909
0.0720807 -0.30004
0.0726135 -0.312582
0.0730818 -0.326978
0.0734934 -0.342793
0.0738552 -0.359668
0.0741731 -0.377302
0.0744526 -0.395434
0.0746982 -0.413825
0.0749141 -0.432253
0.0751038 -0.450513
0.0752706 -0.468414
0.0754172 -0.485788
0.075546 -0.502494
0.0756592 -0.518416
0.0757587 -0.533467
0.0758462 -0.54759
0.0759231 -0.560749
0.0759906 -0.572935
0.07605 -0.584154
0.07605 -0.584154
0.0761125 -0.596526
0.076175 -0.60951
0.0762375 -0.623144
0.0763 -0.637465
0.0763 -0.637465
0.0763595 2.70047
0.0764253 2.68631
0.0764982 2.67064
0.0765789 2.65328
0.0766683 2.63407
0.0767672 2.6128
0.0768767 2.58925
0.076998 2.56317
0.0771323 2.53431
0.0772809 2.50235
0.0774455 2.46696
0.0776277 2.42779
0.0778294 2.38441
0.0780527 2.33639
0.0783 3.18323
0.0783 3.18323
0.0785427 3.15923
0.0787984 3.13395
0.0790678 3.10731
0.0793516 3.07925
0.0796506 3.04968
0.0799656 3.01853
0.0802976 2.98571
0.0806473 2.95113
0.0810157 2.9147
0.0814039 2.87631
0.0818128 2.83587
0.0822437 2.79327
0.0826977 2.74838
0.0831759 2.70109
0.0836798 2.65126
0.0842107 2.59876
0.0847701 2.54346
0.0853594 2.48518
0.0859802 2.42379
0.0866344 2.35911
0.0873235 2.29096
0.0880496 2.21917
0.0888146 2.14352
0.0896206 2.06383
0.0904697 1.97986
0.0913644 1.8914
0.0923069 1.7982
0.0933 1.7
0.0933 0
0.0943551 0
0.0960786 0
0.0988935 0
0.103491 0
0.111001 0
0.123266 0
0.1433 0
