Conduction Band Energy vs Depth
92 2 2
Depth
Conduction Band Energy
0 3.32245
0.0199902 3.32245
0.0344313 3.32245
0.0448638 3.32245
0.0524003 3.32245
0.0578448 3.32245
0.061778 3.32245
0.0646194 3.32245
0.066672 3.32245
0.0681549 3.32245
0.0692261 3.32245
0.07 -0.0282652
0.07 -0.0282652
0.0707848 -0.029194
0.0714745 -0.0315794
0.0720807 -0.0349602
0.0726135 -0.039007
0.0730818 -0.0434764
0.0734934 -0.048185
0.0738552 -0.0529923
0.0741731 -0.0577901
0.0744526 -0.0624957
0.0746982 -0.0670465
0.0749141 -0.0713967
0.0751038 -0.075514
0.0752706 -0.0793775
0.0754172 -0.0829758
0.075546 -0.0863049
0.0756592 -0.0893669
0.0757587 -0.0921688
0.0758462 -0.0947207
0.0759231 -0.0970354
0.0759906 -0.0991274
0.07605 -0.101012
0.07605 -0.101012
0.0761125 -0.103062
0.076175 -0.105182
0.0762375 -0.107373
0.0763 -0.109637
0.0763 -0.109637
0.0763595 3.24047
0.0764253 3.2398
0.0764982 3.23905
0.0765789 3.23823
0.0766683 3.23731
0.0767672 3.2363
0.0768767 3.23518
0.076998 3.23394
0.0771323 3.23256
0.0772809 3.23104
0.0774455 3.22936
0.0776277 3.22749
0.0778294 3.22543
0.0780527 3.22314
0.0783 4.12061
0.0783 4.12061
0.0785427 4.11947
0.0787984 4.11827
0.0790678 4.117
0.0793516 4.11566
0.0796506 4.11425
0.0799656 4.11277
0.0802976 4.11121
0.0806473 4.10956
0.0810157 4.10783
0.0814039 4.106
0.0818128 4.10407
0.0822437 4.10205
0.0826977 4.09991
0.0831759 4.09766
0.0836798 4.09529
0.0842107 4.09279
0.0847701 4.09015
0.0853594 4.08738
0.0859802 4.08446
0.0866344 4.08138
0.0873235 4.07813
0.0880496 4.07472
0.0888146 4.07111
0.0896206 4.06732
0.0904697 4.06332
0.0913644 4.05911
0.0923069 4.05467
0.0933 4.05
0.0933 0
0.0943551 0
0.0960786 0
0.0988935 0
0.103491 0
0.111001 0
0.123266 0
0.1433 0
