Probe chan_n vs gate bias
76 2 2
gate bias
Probe chan_n
-3 1.41073e-033
-2.8 4.33855e-032
-2.6 8.75192e-029
-2.4 2.00409e-025
-2.2 4.55928e-022
-2 7.77032e-019
-1.8 1.65119e-015
-1.6 3.78069e-012
-1.4 7.77712e-009
-1.2 1.44433e-005
-1 0.0330734
-0.95 0.228786
-0.9 1.58259
-0.85 10.9474
-0.8 75.7255
-0.75 523.753
-0.7 3621.32
-0.65 25017.9
-0.6 172553
-0.55 1.187e+006
-0.5 8.1392e+006
-0.45 5.5651e+007
-0.4 3.79827e+008
-0.35 2.58762e+009
-0.3 1.75229e+010
-0.25 1.16782e+011
-0.2 7.56379e+011
-0.15 4.71521e+012
-0.1 2.79363e+013
-0.05 1.50333e+014
-4.24783e-016 6.62806e+014
0.05 2.17697e+015
0.1 5.35617e+015
0.15 1.05847e+016
0.2 1.79713e+016
0.25 2.7479e+016
0.3 3.90175e+016
0.35 5.24937e+016
0.4 6.78367e+016
0.45 8.50057e+016
0.5 1.03987e+017
0.55 1.24778e+017
0.6 1.47372e+017
0.65 1.71742e+017
0.7 1.97835e+017
0.75 2.25586e+017
0.8 2.54925e+017
0.85 2.85784e+017
0.9 3.181e+017
0.95 3.51821e+017
1 3.8691e+017
1.05 4.2335e+017
1.1 4.61145e+017
1.15 5.00317e+017
1.2 5.40907e+017
1.25 5.82965e+017
1.3 6.2655e+017
1.35 6.71719e+017
1.4 7.18522e+017
1.45 7.66995e+017
1.5 8.17161e+017
1.6 9.22583e+017
1.7 1.03469e+018
1.8 1.15325e+018
1.9 1.27793e+018
2 1.40838e+018
2.1 1.54423e+018
2.2 1.68512e+018
2.3 1.83069e+018
2.4 1.98059e+018
2.5 2.13451e+018
2.6 2.29211e+018
2.7 2.45312e+018
2.8 2.61726e+018
2.9 2.78425e+018
3 2.95386e+018
