Probe chan_mob vs gate bias
76 2 2
gate bias
Probe chan_mob
-3 34.9713
-2.8 34.9713
-2.6 34.9713
-2.4 34.9713
-2.2 34.9713
-2 34.9713
-1.8 34.9713
-1.6 34.9713
-1.4 34.9713
-1.2 34.9713
-1 34.9713
-0.95 34.9713
-0.9 34.9713
-0.85 34.9713
-0.8 34.9713
-0.75 34.9713
-0.7 34.9713
-0.65 34.9713
-0.6 34.9713
-0.55 34.9713
-0.5 34.9713
-0.45 34.9713
-0.4 34.9713
-0.35 34.9713
-0.3 34.9713
-0.25 34.9713
-0.2 34.9713
-0.15 34.9713
-0.1 34.9713
-0.05 34.9713
-4.24783e-016 34.9713
0.05 34.9713
0.1 34.9713
0.15 34.9713
0.2 34.9713
0.25 34.9713
0.3 34.9713
0.35 34.9713
0.4 34.9713
0.45 34.9713
0.5 34.9713
0.55 34.9713
0.6 34.9713
0.65 34.9713
0.7 34.9713
0.75 34.9713
0.8 34.9713
0.85 34.9713
0.9 34.9713
0.95 34.9713
1 34.9713
1.05 34.9713
1.1 34.9713
1.15 34.9713
1.2 34.9713
1.25 34.9713
1.3 34.9713
1.35 34.9713
1.4 34.9713
1.45 34.9713
1.5 34.9713
1.6 34.9713
1.7 34.9713
1.8 34.9713
1.9 34.9713
2 34.9713
2.1 34.9713
2.2 34.9713
2.3 34.9713
2.4 34.9713
2.5 34.9713
2.6 34.9713
2.7 34.9713
2.8 34.9713
2.9 34.9713
3 34.9713
