v ATLAS
# This file was created by ATLAS version 5.28.1.R on Tue Oct 06 02:29:16 2026.
#SSF 2.0 generic
##############################################################################
#                    Copyright (c) 1984 - 2019                               #
#                    Silvaco Inc. All rights reserved                        #
#                                                                            #
# This file format and the following Key are copyright Silvaco Inc.          #
# You may not use, this format or key without reproducing this message in    #
# full and obtaining express written permission from Silvaco Inc.            #
#                                                                            #
# To obtain such permission please contact: Silvaco Inc.                     #
#                                           support@silvaco.com              #
#                                                                            #
# KEY=SVC86hn7562asdx                       PROD=345                         #
##############################################################################
p 4 77 79 78 206
d  0.000000e+000 0.000000e+000 0.000000e+000 0.000000e+000
d  1.633806e-002 0.000000e+000 0.000000e+000 0.000000e+000
d  3.267613e-002 0.000000e+000 0.000000e+000 0.000000e+000
d  4.901419e-002 0.000000e+000 0.000000e+000 0.000000e+000
d  6.535225e-002 0.000000e+000 0.000000e+000 0.000000e+000
d  8.169031e-002 0.000000e+000 0.000000e+000 0.000000e+000
d  9.802838e-002 0.000000e+000 0.000000e+000 0.000000e+000
d  1.143664e-001 0.000000e+000 0.000000e+000 0.000000e+000
d  1.307045e-001 0.000000e+000 0.000000e+000 0.000000e+000
d  1.470426e-001 0.000000e+000 0.000000e+000 0.000000e+000
d  1.633806e-001 0.000000e+000 0.000000e+000 0.000000e+000
d  1.797187e-001 0.000000e+000 0.000000e+000 0.000000e+000
d  1.960568e-001 0.000000e+000 0.000000e+000 0.000000e+000
d  2.123948e-001 0.000000e+000 0.000000e+000 0.000000e+000
d  2.287329e-001 0.000000e+000 0.000000e+000 0.000000e+000
d  2.450709e-001 0.000000e+000 0.000000e+000 0.000000e+000
d  2.614090e-001 0.000000e+000 0.000000e+000 0.000000e+000
d  2.777471e-001 0.000000e+000 0.000000e+000 0.000000e+000
d  2.940851e-001 0.000000e+000 0.000000e+000 0.000000e+000
d  3.104232e-001 0.000000e+000 0.000000e+000 0.000000e+000
d  3.267613e-001 0.000000e+000 0.000000e+000 0.000000e+000
d  3.430993e-001 0.000000e+000 0.000000e+000 0.000000e+000
d  3.594374e-001 0.000000e+000 0.000000e+000 0.000000e+000
d  3.757754e-001 0.000000e+000 0.000000e+000 0.000000e+000
d  3.921135e-001 0.000000e+000 0.000000e+000 0.000000e+000
d  4.084516e-001 0.000000e+000 0.000000e+000 0.000000e+000
d  4.247896e-001 0.000000e+000 0.000000e+000 0.000000e+000
d  4.411277e-001 0.000000e+000 0.000000e+000 0.000000e+000
d  4.574658e-001 0.000000e+000 0.000000e+000 0.000000e+000
d  4.738038e-001 0.000000e+000 0.000000e+000 0.000000e+000
d  4.901419e-001 0.000000e+000 0.000000e+000 0.000000e+000
d  5.064799e-001 0.000000e+000 0.000000e+000 0.000000e+000
d  5.228180e-001 0.000000e+000 0.000000e+000 0.000000e+000
d  5.391561e-001 0.000000e+000 0.000000e+000 0.000000e+000
d  5.554941e-001 0.000000e+000 0.000000e+000 0.000000e+000
d  5.718322e-001 0.000000e+000 0.000000e+000 0.000000e+000
d  5.881703e-001 0.000000e+000 0.000000e+000 0.000000e+000
d  6.045083e-001 0.000000e+000 0.000000e+000 0.000000e+000
d  6.208464e-001 0.000000e+000 0.000000e+000 0.000000e+000
d  6.371845e-001 0.000000e+000 0.000000e+000 0.000000e+000
d  6.535225e-001 0.000000e+000 0.000000e+000 0.000000e+000
d  6.698606e-001 0.000000e+000 0.000000e+000 0.000000e+000
d  6.861986e-001 0.000000e+000 0.000000e+000 0.000000e+000
d  7.025367e-001 0.000000e+000 0.000000e+000 0.000000e+000
d  7.188748e-001 0.000000e+000 0.000000e+000 0.000000e+000
d  7.352128e-001 0.000000e+000 0.000000e+000 0.000000e+000
d  7.515509e-001 0.000000e+000 0.000000e+000 0.000000e+000
d  7.678890e-001 0.000000e+000 0.000000e+000 0.000000e+000
d  7.842270e-001 0.000000e+000 0.000000e+000 0.000000e+000
d  8.005651e-001 0.000000e+000 0.000000e+000 0.000000e+000
d  8.169031e-001 0.000000e+000 0.000000e+000 0.000000e+000
d  8.332412e-001 0.000000e+000 0.000000e+000 0.000000e+000
d  8.495793e-001 0.000000e+000 0.000000e+000 0.000000e+000
d  8.659173e-001 0.000000e+000 0.000000e+000 0.000000e+000
d  8.822554e-001 0.000000e+000 0.000000e+000 0.000000e+000
d  8.985935e-001 0.000000e+000 0.000000e+000 0.000000e+000
d  9.149315e-001 0.000000e+000 0.000000e+000 0.000000e+000
d  9.312696e-001 0.000000e+000 0.000000e+000 0.000000e+000
d  9.476076e-001 0.000000e+000 0.000000e+000 0.000000e+000
d  9.639457e-001 0.000000e+000 0.000000e+000 0.000000e+000
d  9.802838e-001 0.000000e+000 0.000000e+000 0.000000e+000
d  9.966218e-001 0.000000e+000 0.000000e+000 0.000000e+000
d  1.012960e+000 0.000000e+000 0.000000e+000 0.000000e+000
d  1.029298e+000 0.000000e+000 0.000000e+000 0.000000e+000
d  1.045636e+000 0.000000e+000 0.000000e+000 0.000000e+000
d  1.061974e+000 0.000000e+000 0.000000e+000 0.000000e+000
d  1.078312e+000 0.000000e+000 0.000000e+000 0.000000e+000
d  1.094650e+000 0.000000e+000 0.000000e+000 0.000000e+000
d  1.110988e+000 0.000000e+000 0.000000e+000 0.000000e+000
d  1.127326e+000 0.000000e+000 0.000000e+000 0.000000e+000
d  1.143664e+000 0.000000e+000 0.000000e+000 0.000000e+000
d  1.160002e+000 0.000000e+000 0.000000e+000 0.000000e+000
d  1.176341e+000 0.000000e+000 0.000000e+000 0.000000e+000
d  1.192679e+000 0.000000e+000 0.000000e+000 0.000000e+000
d  1.209017e+000 0.000000e+000 0.000000e+000 0.000000e+000
d  1.225355e+000 0.000000e+000 0.000000e+000 0.000000e+000
d  1.241693e+000 0.000000e+000 0.000000e+000 0.000000e+000
d  1.258031e+000 0.000000e+000 0.000000e+000 0.000000e+000
d  1.274369e+000 0.000000e+000 0.000000e+000 0.000000e+000
d  1.290707e+000 0.000000e+000 0.000000e+000 0.000000e+000
d  1.307045e+000 0.000000e+000 0.000000e+000 0.000000e+000
d  1.323383e+000 0.000000e+000 0.000000e+000 0.000000e+000
d  1.339721e+000 0.000000e+000 0.000000e+000 0.000000e+000
d  1.356059e+000 0.000000e+000 0.000000e+000 0.000000e+000
d  1.372397e+000 0.000000e+000 0.000000e+000 0.000000e+000
d  1.388735e+000 0.000000e+000 0.000000e+000 0.000000e+000
d  1.405073e+000 0.000000e+000 0.000000e+000 0.000000e+000
d  1.421411e+000 0.000000e+000 0.000000e+000 0.000000e+000
d  1.437750e+000 0.000000e+000 0.000000e+000 0.000000e+000
d  1.454088e+000 0.000000e+000 0.000000e+000 0.000000e+000
d  1.470426e+000 0.000000e+000 0.000000e+000 0.000000e+000
d  1.486764e+000 0.000000e+000 0.000000e+000 0.000000e+000
d  1.503102e+000 0.000000e+000 0.000000e+000 0.000000e+000
d  1.519440e+000 0.000000e+000 0.000000e+000 0.000000e+000
d  1.535778e+000 0.000000e+000 0.000000e+000 0.000000e+000
d  1.552116e+000 0.000000e+000 0.000000e+000 0.000000e+000
d  1.568454e+000 0.000000e+000 0.000000e+000 0.000000e+000
d  1.584792e+000 0.000000e+000 0.000000e+000 0.000000e+000
d  1.601130e+000 0.000000e+000 0.000000e+000 0.000000e+000
d  1.617468e+000 0.000000e+000 0.000000e+000 0.000000e+000
d  1.633806e+000 0.000000e+000 0.000000e+000 0.000000e+000
d  1.650144e+000 0.000000e+000 0.000000e+000 0.000000e+000
d  1.666482e+000 0.000000e+000 0.000000e+000 0.000000e+000
d  1.682820e+000 0.000000e+000 0.000000e+000 0.000000e+000
d  1.699159e+000 0.000000e+000 0.000000e+000 0.000000e+000
d  1.715497e+000 0.000000e+000 0.000000e+000 0.000000e+000
d  1.731835e+000 0.000000e+000 0.000000e+000 0.000000e+000
d  1.748173e+000 0.000000e+000 0.000000e+000 0.000000e+000
d  1.764511e+000 0.000000e+000 0.000000e+000 0.000000e+000
d  1.780849e+000 0.000000e+000 0.000000e+000 0.000000e+000
d  1.797187e+000 0.000000e+000 0.000000e+000 0.000000e+000
d  1.813525e+000 0.000000e+000 0.000000e+000 0.000000e+000
d  1.829863e+000 0.000000e+000 0.000000e+000 0.000000e+000
d  1.846201e+000 0.000000e+000 0.000000e+000 0.000000e+000
d  1.862539e+000 0.000000e+000 0.000000e+000 0.000000e+000
d  1.878877e+000 0.000000e+000 0.000000e+000 0.000000e+000
d  1.895215e+000 0.000000e+000 0.000000e+000 0.000000e+000
d  1.911553e+000 0.000000e+000 0.000000e+000 0.000000e+000
d  1.927891e+000 0.000000e+000 0.000000e+000 0.000000e+000
d  1.944229e+000 0.000000e+000 0.000000e+000 0.000000e+000
d  1.960568e+000 0.000000e+000 0.000000e+000 0.000000e+000
d  1.976906e+000 0.000000e+000 0.000000e+000 0.000000e+000
d  1.993244e+000 0.000000e+000 0.000000e+000 0.000000e+000
d  2.009582e+000 0.000000e+000 0.000000e+000 0.000000e+000
d  2.025920e+000 0.000000e+000 0.000000e+000 0.000000e+000
d  2.042258e+000 0.000000e+000 0.000000e+000 0.000000e+000
d  2.058596e+000 0.000000e+000 0.000000e+000 0.000000e+000
d  2.074934e+000 0.000000e+000 0.000000e+000 0.000000e+000
d  2.091272e+000 0.000000e+000 0.000000e+000 0.000000e+000
d  2.107610e+000 0.000000e+000 0.000000e+000 0.000000e+000
d  2.123948e+000 0.000000e+000 0.000000e+000 0.000000e+000
d  2.140286e+000 0.000000e+000 0.000000e+000 0.000000e+000
d  2.156624e+000 0.000000e+000 0.000000e+000 0.000000e+000
d  2.172962e+000 0.000000e+000 0.000000e+000 0.000000e+000
d  2.189300e+000 0.000000e+000 0.000000e+000 0.000000e+000
d  2.205638e+000 0.000000e+000 0.000000e+000 0.000000e+000
d  2.221977e+000 0.000000e+000 0.000000e+000 0.000000e+000
d  2.238315e+000 0.000000e+000 0.000000e+000 0.000000e+000
d  2.254653e+000 0.000000e+000 0.000000e+000 0.000000e+000
d  2.270991e+000 0.000000e+000 0.000000e+000 0.000000e+000
d  2.287329e+000 0.000000e+000 0.000000e+000 0.000000e+000
d  2.303667e+000 0.000000e+000 0.000000e+000 0.000000e+000
d  2.320005e+000 0.000000e+000 0.000000e+000 0.000000e+000
d  2.336343e+000 0.000000e+000 0.000000e+000 0.000000e+000
d  2.352681e+000 0.000000e+000 0.000000e+000 0.000000e+000
d  2.369019e+000 0.000000e+000 0.000000e+000 0.000000e+000
d  2.385357e+000 0.000000e+000 0.000000e+000 0.000000e+000
d  2.401695e+000 0.000000e+000 0.000000e+000 0.000000e+000
d  2.418033e+000 0.000000e+000 0.000000e+000 0.000000e+000
d  2.434371e+000 0.000000e+000 0.000000e+000 0.000000e+000
d  2.450709e+000 0.000000e+000 0.000000e+000 0.000000e+000
d  2.467047e+000 0.000000e+000 0.000000e+000 0.000000e+000
d  2.483386e+000 0.000000e+000 0.000000e+000 0.000000e+000
d  2.499724e+000 0.000000e+000 0.000000e+000 0.000000e+000
d  2.516062e+000 0.000000e+000 0.000000e+000 0.000000e+000
d  2.532400e+000 0.000000e+000 0.000000e+000 0.000000e+000
d  2.548738e+000 0.000000e+000 0.000000e+000 0.000000e+000
d  2.565076e+000 0.000000e+000 0.000000e+000 0.000000e+000
d  2.581414e+000 0.000000e+000 0.000000e+000 0.000000e+000
d  2.597752e+000 0.000000e+000 0.000000e+000 0.000000e+000
d  2.614090e+000 0.000000e+000 0.000000e+000 0.000000e+000
d  2.630428e+000 0.000000e+000 0.000000e+000 0.000000e+000
d  2.646766e+000 0.000000e+000 0.000000e+000 0.000000e+000
d  2.663104e+000 0.000000e+000 0.000000e+000 0.000000e+000
d  2.679442e+000 0.000000e+000 0.000000e+000 0.000000e+000
d  2.695780e+000 0.000000e+000 0.000000e+000 0.000000e+000
d  2.712118e+000 0.000000e+000 0.000000e+000 0.000000e+000
d  2.728456e+000 0.000000e+000 0.000000e+000 0.000000e+000
d  2.744795e+000 0.000000e+000 0.000000e+000 0.000000e+000
d  2.761133e+000 0.000000e+000 0.000000e+000 0.000000e+000
d  2.777471e+000 0.000000e+000 0.000000e+000 0.000000e+000
d  2.793809e+000 0.000000e+000 0.000000e+000 0.000000e+000
d  2.810147e+000 0.000000e+000 0.000000e+000 0.000000e+000
d  2.826485e+000 0.000000e+000 0.000000e+000 0.000000e+000
d  2.842823e+000 0.000000e+000 0.000000e+000 0.000000e+000
d  2.859161e+000 0.000000e+000 0.000000e+000 0.000000e+000
d  2.875499e+000 0.000000e+000 0.000000e+000 0.000000e+000
d  2.891837e+000 0.000000e+000 0.000000e+000 0.000000e+000
d  2.908175e+000 0.000000e+000 0.000000e+000 0.000000e+000
d  2.924513e+000 0.000000e+000 0.000000e+000 0.000000e+000
d  2.940851e+000 0.000000e+000 0.000000e+000 0.000000e+000
d  2.957189e+000 0.000000e+000 0.000000e+000 0.000000e+000
d  2.973527e+000 0.000000e+000 0.000000e+000 0.000000e+000
d  2.989865e+000 0.000000e+000 0.000000e+000 0.000000e+000
d  3.006204e+000 0.000000e+000 0.000000e+000 0.000000e+000
d  3.022542e+000 0.000000e+000 0.000000e+000 0.000000e+000
d  3.038880e+000 0.000000e+000 0.000000e+000 0.000000e+000
d  3.055218e+000 0.000000e+000 0.000000e+000 0.000000e+000
d  3.071556e+000 0.000000e+000 0.000000e+000 0.000000e+000
d  3.087894e+000 0.000000e+000 0.000000e+000 0.000000e+000
d  3.104232e+000 0.000000e+000 0.000000e+000 0.000000e+000
d  3.120570e+000 0.000000e+000 0.000000e+000 0.000000e+000
