drain current vs gate bias
76 2 2
gate bias
drain current
-3 -3.17431e-021
-2.8 2.21325e-020
-2.6 1.75164e-020
-2.4 5.90003e-020
-2.2 -5.84205e-020
-2 6.54132e-020
-1.8 -1.44159e-020
-1.6 -4.50254e-020
-1.4 1.63491e-019
-1.2 -1.48548e-019
-1 7.66626e-020
-0.95 1.02883e-019
-0.9 -1.0815e-018
-0.85 -4.55531e-020
-0.8 -2.97095e-019
-0.75 7.29296e-019
-0.7 -1.75094e-019
-0.65 -3.22154e-019
-0.6 1.31448e-019
-0.55 -8.62515e-019
-0.5 1.34275e-018
-0.45 2.75166e-020
-0.4 3.40814e-018
-0.35 2.40211e-017
-0.3 1.568e-016
-0.25 1.06445e-015
-0.2 6.99061e-015
-0.15 4.4377e-014
-0.1 2.69578e-013
-0.05 1.51833e-012
-4.24783e-016 7.36053e-012
0.05 2.83083e-011
0.1 8.4918e-011
0.15 2.06953e-010
0.2 4.31639e-010
0.25 8.03555e-010
0.3 1.37605e-009
0.35 2.21355e-009
0.4 3.39441e-009
0.45 5.0137e-009
0.5 7.18536e-009
0.55 1.00426e-008
0.6 1.37358e-008
0.65 1.8427e-008
0.7 2.42819e-008
0.75 3.14594e-008
0.8 4.01028e-008
0.85 5.03362e-008
0.9 6.22634e-008
0.95 7.59679e-008
1 9.15118e-008
1.05 1.08934e-007
1.1 1.28251e-007
1.15 1.49449e-007
1.2 1.7249e-007
1.25 1.97308e-007
1.3 2.23814e-007
1.35 2.519e-007
1.4 2.81446e-007
1.45 3.1233e-007
1.5 3.44431e-007
1.6 4.11832e-007
1.7 4.82849e-007
1.8 5.56836e-007
1.9 6.33286e-007
2 7.11803e-007
2.1 7.92074e-007
2.2 8.73849e-007
2.3 9.56927e-007
2.4 1.04114e-006
2.5 1.12637e-006
2.6 1.21248e-006
2.7 1.29939e-006
2.8 1.38701e-006
2.9 1.47528e-006
3 1.56414e-006
