source current vs gate bias
76 2 2
gate bias
source current
-3 3.4769e-020
-2.8 -4.74836e-020
-2.6 1.24438e-020
-2.4 -4.8803e-020
-2.2 -3.1665e-020
-2 -2.89262e-019
-1.8 1.1355e-019
-1.6 1.8459e-018
-1.4 1.44763e-017
-1.2 1.24906e-016
-1 -1.48881e-019
-0.95 7.15695e-018
-0.9 6.7552e-019
-0.85 9.41283e-019
-0.8 3.18739e-018
-0.75 7.90536e-018
-0.7 1.41948e-017
-0.65 2.55364e-017
-0.6 4.40623e-017
-0.55 7.38183e-017
-0.5 -1.20175e-019
-0.45 -1.39563e-018
-0.4 -3.03389e-018
-0.35 -2.36161e-017
-0.3 -1.59252e-016
-0.25 -1.06616e-015
-0.2 -6.99118e-015
-0.15 -4.43769e-014
-0.1 -2.69579e-013
-0.05 -1.51833e-012
-4.24783e-016 -7.36053e-012
0.05 -2.83083e-011
0.1 -8.4918e-011
0.15 -2.06953e-010
0.2 -4.31639e-010
0.25 -8.03555e-010
0.3 -1.37605e-009
0.35 -2.21355e-009
0.4 -3.39441e-009
0.45 -5.0137e-009
0.5 -7.18536e-009
0.55 -1.00426e-008
0.6 -1.37358e-008
0.65 -1.8427e-008
0.7 -2.42819e-008
0.75 -3.14594e-008
0.8 -4.01028e-008
0.85 -5.03362e-008
0.9 -6.22634e-008
0.95 -7.59679e-008
1 -9.15118e-008
1.05 -1.08934e-007
1.1 -1.28251e-007
1.15 -1.49449e-007
1.2 -1.7249e-007
1.25 -1.97308e-007
1.3 -2.23814e-007
1.35 -2.519e-007
1.4 -2.81446e-007
1.45 -3.1233e-007
1.5 -3.44431e-007
1.6 -4.11832e-007
1.7 -4.82849e-007
1.8 -5.56836e-007
1.9 -6.33286e-007
2 -7.11803e-007
2.1 -7.92074e-007
2.2 -8.73849e-007
2.3 -9.56927e-007
2.4 -1.04114e-006
2.5 -1.12637e-006
2.6 -1.21248e-006
2.7 -1.29939e-006
2.8 -1.38701e-006
2.9 -1.47528e-006
3 -1.56414e-006
