Electron Conc vs Depth
92 2 2
Depth
Electron Conc
0 0
0.0199902 0
0.0344313 0
0.0448638 0
0.0524003 0
0.0578448 0
0.061778 0
0.0646194 0
0.066672 0
0.0681549 0
0.0692261 0
0.07 0
0.07 1.28755e+015
0.0707848 1.28444e+015
0.0714745 1.2766e+015
0.0720807 1.26581e+015
0.0726135 1.25337e+015
0.0730818 1.2402e+015
0.0734934 1.22695e+015
0.0738552 1.21403e+015
0.0741731 1.20172e+015
0.0744526 1.19018e+015
0.0746982 1.1795e+015
0.0749141 1.1697e+015
0.0751038 1.16077e+015
0.0752706 1.15269e+015
0.0754172 1.14542e+015
0.075546 1.13888e+015
0.0756592 1.13304e+015
0.0757587 1.12783e+015
0.0758462 1.12318e+015
0.0759231 1.11906e+015
0.0759906 1.11539e+015
0.07605 1.11215e+015
0.07605 1.11215e+015
0.0761125 1.10939e+015
0.076175 1.10731e+015
0.0762375 1.10589e+015
0.0763 1.10514e+015
0.0763 0
0.0763595 0
0.0764253 0
0.0764982 0
0.0765789 0
0.0766683 0
0.0767672 0
0.0768767 0
0.076998 0
0.0771323 0
0.0772809 0
0.0774455 0
0.0776277 0
0.0778294 0
0.0780527 0
0.0783 0
0.0783 0
0.0785427 0
0.0787984 0
0.0790678 0
0.0793516 0
0.0796506 0
0.0799656 0
0.0802976 0
0.0806473 0
0.0810157 0
0.0814039 0
0.0818128 0
0.0822437 0
0.0826977 0
0.0831759 0
0.0836798 0
0.0842107 0
0.0847701 0
0.0853594 0
0.0859802 0
0.0866344 0
0.0873235 0
0.0880496 0
0.0888146 0
0.0896206 0
0.0904697 0
0.0913644 0
0.0923069 0
0.0933 0
0.0933 0
0.0943551 0
0.0960786 0
0.0988935 0
0.103491 0
0.111001 0
0.123266 0
0.1433 0
