Valence Band Energy vs Depth
92 2 2
Depth
Valence Band Energy
0 -5.4529
0.0199902 -5.4529
0.0344313 -5.4529
0.0448638 -5.4529
0.0524003 -5.4529
0.0578448 -5.4529
0.061778 -5.4529
0.0646194 -5.4529
0.066672 -5.4529
0.0681549 -5.4529
0.0692261 -5.4529
0.07 -2.92419
0.07 -2.92419
0.0707848 -2.92413
0.0714745 -2.92397
0.0720807 -2.92375
0.0726135 -2.92349
0.0730818 -2.92322
0.0734934 -2.92294
0.0738552 -2.92267
0.0741731 -2.92241
0.0744526 -2.92216
0.0746982 -2.92192
0.0749141 -2.92171
0.0751038 -2.92151
0.0752706 -2.92133
0.0754172 -2.92117
0.075546 -2.92102
0.0756592 -2.92089
0.0757587 -2.92077
0.0758462 -2.92066
0.0759231 -2.92056
0.0759906 -2.92048
0.07605 -2.9204
0.07605 -2.9204
0.0761125 -2.92034
0.076175 -2.92029
0.0762375 -2.92026
0.0763 -2.92024
0.0763 -2.92024
0.0763595 -5.44729
0.0764253 -5.44544
0.0764982 -5.44341
0.0765789 -5.44115
0.0766683 -5.43865
0.0767672 -5.43588
0.0768767 -5.43282
0.076998 -5.42942
0.0771323 -5.42567
0.0772809 -5.42151
0.0774455 -5.4169
0.0776277 -5.41181
0.0778294 -5.40616
0.0780527 -5.39991
0.0783 -1.193
0.0783 -1.193
0.0785427 -1.18987
0.0787984 -1.18658
0.0790678 -1.18312
0.0793516 -1.17947
0.0796506 -1.17562
0.0799656 -1.17157
0.0802976 -1.16729
0.0806473 -1.1628
0.0810157 -1.15805
0.0814039 -1.15306
0.0818128 -1.1478
0.0822437 -1.14225
0.0826977 -1.13641
0.0831759 -1.13026
0.0836798 -1.12378
0.0842107 -1.11695
0.0847701 -1.10975
0.0853594 -1.10217
0.0859802 -1.09418
0.0866344 -1.08576
0.0873235 -1.0769
0.0880496 -1.06755
0.0888146 -1.05771
0.0896206 -1.04734
0.0904697 -1.03642
0.0913644 -1.0249
0.0923069 -1.01278
0.0933 -1
0.0933 0
0.0943551 0
0.0960786 0
0.0988935 0
0.103491 0
0.111001 0
0.123266 0
0.1433 0
