Valence Band Energy vs Depth
92 2 2
Depth
Valence Band Energy
0 -5.92956
0.0199902 -5.92956
0.0344313 -5.92956
0.0448638 -5.92956
0.0524003 -5.92956
0.0578448 -5.92956
0.061778 -5.92956
0.0646194 -5.92956
0.066672 -5.92956
0.0681549 -5.92956
0.0692261 -5.92956
0.07 -3.40085
0.07 -3.40085
0.0707848 -3.40352
0.0714745 -3.41048
0.0720807 -3.42061
0.0726135 -3.43315
0.0730818 -3.44755
0.0734934 -3.46336
0.0738552 -3.48024
0.0741731 -3.49787
0.0744526 -3.516
0.0746982 -3.53439
0.0749141 -3.55282
0.0751038 -3.57108
0.0752706 -3.58898
0.0754172 -3.60636
0.075546 -3.62306
0.0756592 -3.63899
0.0757587 -3.65404
0.0758462 -3.66816
0.0759231 -3.68132
0.0759906 -3.6935
0.07605 -3.70472
0.07605 -3.70472
0.0761125 -3.7171
0.076175 -3.73008
0.0762375 -3.74371
0.0763 -3.75804
0.0763 -3.75804
0.0763595 -6.29953
0.0764253 -6.31369
0.0764982 -6.32936
0.0765789 -6.34672
0.0766683 -6.36593
0.0767672 -6.3872
0.0768767 -6.41075
0.076998 -6.43683
0.0771323 -6.46569
0.0772809 -6.49765
0.0774455 -6.53304
0.0776277 -6.57221
0.0778294 -6.61559
0.0780527 -6.66361
0.0783 -2.51677
0.0783 -2.51677
0.0785427 -2.54077
0.0787984 -2.56605
0.0790678 -2.59269
0.0793516 -2.62075
0.0796506 -2.65032
0.0799656 -2.68147
0.0802976 -2.71429
0.0806473 -2.74887
0.0810157 -2.7853
0.0814039 -2.82369
0.0818128 -2.86413
0.0822437 -2.90673
0.0826977 -2.95162
0.0831759 -2.99891
0.0836798 -3.04874
0.0842107 -3.10124
0.0847701 -3.15654
0.0853594 -3.21482
0.0859802 -3.27621
0.0866344 -3.34089
0.0873235 -3.40904
0.0880496 -3.48083
0.0888146 -3.55648
0.0896206 -3.63617
0.0904697 -3.72014
0.0913644 -3.8086
0.0923069 -3.9018
0.0933 -4
0.0933 0
0.0943551 0
0.0960786 0
0.0988935 0
0.103491 0
0.111001 0
0.123266 0
0.1433 0
