Valence Band Energy vs Depth
92 2 2
Depth
Valence Band Energy
0 -5.67755
0.0199902 -5.67755
0.0344313 -5.67755
0.0448638 -5.67755
0.0524003 -5.67755
0.0578448 -5.67755
0.061778 -5.67755
0.0646194 -5.67755
0.066672 -5.67755
0.0681549 -5.67755
0.0692261 -5.67755
0.07 -3.14884
0.07 -3.14884
0.0707848 -3.14976
0.0714745 -3.15215
0.0720807 -3.15553
0.0726135 -3.15958
0.0730818 -3.16405
0.0734934 -3.16876
0.0738552 -3.17356
0.0741731 -3.17836
0.0744526 -3.18307
0.0746982 -3.18762
0.0749141 -3.19197
0.0751038 -3.19608
0.0752706 -3.19995
0.0754172 -3.20355
0.075546 -3.20687
0.0756592 -3.20994
0.0757587 -3.21274
0.0758462 -3.21529
0.0759231 -3.21761
0.0759906 -3.2197
0.07605 -3.22158
0.07605 -3.22158
0.0761125 -3.22363
0.076175 -3.22575
0.0762375 -3.22794
0.0763 -3.23021
0.0763 -3.23021
0.0763595 -5.75953
0.0764253 -5.7602
0.0764982 -5.76095
0.0765789 -5.76177
0.0766683 -5.76269
0.0767672 -5.7637
0.0768767 -5.76482
0.076998 -5.76606
0.0771323 -5.76744
0.0772809 -5.76896
0.0774455 -5.77064
0.0776277 -5.77251
0.0778294 -5.77457
0.0780527 -5.77686
0.0783 -1.57939
0.0783 -1.57939
0.0785427 -1.58053
0.0787984 -1.58173
0.0790678 -1.583
0.0793516 -1.58434
0.0796506 -1.58575
0.0799656 -1.58723
0.0802976 -1.58879
0.0806473 -1.59044
0.0810157 -1.59217
0.0814039 -1.594
0.0818128 -1.59593
0.0822437 -1.59795
0.0826977 -1.60009
0.0831759 -1.60234
0.0836798 -1.60471
0.0842107 -1.60721
0.0847701 -1.60985
0.0853594 -1.61262
0.0859802 -1.61554
0.0866344 -1.61862
0.0873235 -1.62187
0.0880496 -1.62528
0.0888146 -1.62889
0.0896206 -1.63268
0.0904697 -1.63668
0.0913644 -1.64089
0.0923069 -1.64533
0.0933 -1.65
0.0933 0
0.0943551 0
0.0960786 0
0.0988935 0
0.103491 0
0.111001 0
0.123266 0
0.1433 0
