Probe avg_n vs gate bias
76 2 2
gate bias
Probe avg_n
-3 3.12007e+011
-2.8 3.12075e+011
-2.6 3.12192e+011
-2.4 3.12391e+011
-2.2 3.12728e+011
-2 3.13297e+011
-1.8 3.14263e+011
-1.6 3.15907e+011
-1.4 3.18722e+011
-1.2 3.23589e+011
-1 3.32141e+011
-0.95 3.35175e+011
-0.9 3.38698e+011
-0.85 3.42797e+011
-0.8 3.47583e+011
-0.75 3.53188e+011
-0.7 3.59778e+011
-0.65 3.67561e+011
-0.6 3.76803e+011
-0.55 3.87847e+011
-0.5 4.01146e+011
-0.45 4.17315e+011
-0.4 4.37202e+011
-0.35 4.62016e+011
-0.3 4.93521e+011
-0.25 5.34384e+011
-0.2 5.88801e+011
-0.15 6.63935e+011
-0.1 7.74642e+011
-0.05 9.658e+011
-4.24783e-016 1.43706e+012
0.05 3.27579e+012
0.1 1.27894e+013
0.15 6.56105e+013
0.2 3.31068e+014
0.25 1.34672e+015
0.3 4.07148e+015
0.35 9.51608e+015
0.4 1.8526e+016
0.45 3.18757e+016
0.5 5.0388e+016
0.55 7.49723e+016
0.6 1.06589e+017
0.65 1.46162e+017
0.7 1.94468e+017
0.75 2.52053e+017
0.8 3.19185e+017
0.85 3.95872e+017
0.9 4.8192e+017
0.95 5.77035e+017
1 6.80932e+017
1.05 7.93401e+017
1.1 9.14306e+017
1.15 1.04357e+018
1.2 1.18117e+018
1.25 1.32713e+018
1.3 1.48153e+018
1.35 1.64443e+018
1.4 1.81588e+018
1.45 1.99585e+018
1.5 2.1842e+018
1.6 2.58508e+018
1.7 3.01589e+018
1.8 3.47332e+018
1.9 3.95402e+018
2 4.45485e+018
2.1 4.97307e+018
2.2 5.50632e+018
2.3 6.05258e+018
2.4 6.61017e+018
2.5 7.17767e+018
2.6 7.75385e+018
2.7 8.3377e+018
2.8 8.92834e+018
2.9 9.52501e+018
3 1.01271e+019
