Conduction Band Energy vs Depth
91 2 2
Depth
Conduction Band Energy
0 3.78638
0.0200314 3.78638
0.0344893 3.78638
0.0449244 3.78638
0.0524561 3.78638
0.0578922 3.78638
0.0618157 3.78638
0.0646476 3.78638
0.0666915 3.78638
0.0681667 3.78638
0.0692315 3.78638
0.07 0.467542
0.07 0.467542
0.0707254 0.453427
0.0713632 0.441015
0.071924 0.430099
0.0724171 0.4205
0.0728507 0.412059
0.0732319 0.404635
0.0735671 0.398107
0.0738618 0.392367
0.074121 0.387319
0.0743488 0.38288
0.0745492 0.378977
0.0747254 0.375544
0.0748803 0.372526
0.0750164 0.369872
0.0751362 0.367538
0.0752415 0.365486
0.0753341 0.363682
0.0754155 0.362095
0.0754871 0.3607
0.07555 0.359473
0.07555 0.359473
0.0756125 0.358249
0.075675 0.35702
0.0757375 0.355786
0.0758 0.354545
0.0758 0.354545
0.0758595 3.67423
0.0759253 3.67517
0.0759982 3.67621
0.0760789 3.67735
0.0761683 3.67863
0.0762672 3.68003
0.0763767 3.68159
0.076498 3.68332
0.0766323 3.68523
0.0767809 3.68734
0.0769455 3.68968
0.0771277 3.69228
0.0773294 3.69515
0.0775527 3.69833
0.0778 4.60184
0.0778 4.60184
0.0780427 4.60343
0.0782984 4.6051
0.0785678 4.60687
0.0788516 4.60872
0.0791506 4.61068
0.0794656 4.61274
0.0797976 4.61491
0.0801473 4.6172
0.0805157 4.61961
0.0809039 4.62215
0.0813128 4.62483
0.0817437 4.62765
0.0821977 4.63062
0.0826759 4.63375
0.0831798 4.63705
0.0837107 4.64052
0.0842701 4.64418
0.0848594 4.64804
0.0854802 4.6521
0.0861344 4.65638
0.0868235 4.66089
0.0875496 4.66564
0.0883146 4.67065
0.0891206 4.67592
0.0899697 4.68148
0.0908644 4.68733
0.0918069 4.6935
0.0928 4.7
0.0928 0
0.0938551 0
0.0955786 0
0.0983935 0
0.102991 0
0.110501 0
0.122766 0
0.1428 0
