Conduction Band Energy vs Depth
91 2 2
Depth
Conduction Band Energy
0 3.08204
0.0200314 3.08204
0.0344893 3.08204
0.0449244 3.08204
0.0524561 3.08204
0.0578922 3.08204
0.0618157 3.08204
0.0646476 3.08204
0.0666915 3.08204
0.0681667 3.08204
0.0692315 3.08204
0.07 -0.236797
0.07 -0.236797
0.0707254 -0.252068
0.0713632 -0.268091
0.071924 -0.284881
0.0724171 -0.30242
0.0728507 -0.32064
0.0732319 -0.339431
0.0735671 -0.358652
0.0738618 -0.378152
0.074121 -0.39777
0.0743488 -0.417339
0.0745492 -0.43669
0.0747254 -0.455656
0.0748803 -0.474081
0.0750164 -0.491827
0.0751362 -0.508776
0.0752415 -0.524837
0.0753341 -0.539945
0.0754155 -0.554058
0.0754871 -0.56716
0.07555 -0.579253
0.07555 -0.579253
0.0756125 -0.591844
0.075675 -0.60505
0.0757375 -0.618909
0.0758 -0.63346
0.0758 -0.63346
0.0758595 2.67278
0.0759253 2.65883
0.0759982 2.64338
0.0760789 2.62628
0.0761683 2.60735
0.0762672 2.58639
0.0763767 2.56318
0.076498 2.53749
0.0766323 2.50904
0.0767809 2.47754
0.0769455 2.44268
0.0771277 2.40407
0.0773294 2.36133
0.0775527 2.31401
0.0778 3.16162
0.0778 3.16162
0.0780427 3.13797
0.0782984 3.11306
0.0785678 3.08681
0.0788516 3.05915
0.0791506 3.03001
0.0794656 2.99932
0.0797976 2.96697
0.0801473 2.9329
0.0805157 2.897
0.0809039 2.85917
0.0813128 2.81932
0.0817437 2.77734
0.0821977 2.7331
0.0826759 2.6865
0.0831798 2.6374
0.0837107 2.58567
0.0842701 2.53117
0.0848594 2.47374
0.0854802 2.41325
0.0861344 2.34951
0.0868235 2.28235
0.0875496 2.2116
0.0883146 2.13706
0.0891206 2.05853
0.0899697 1.97578
0.0908644 1.88861
0.0918069 1.79676
0.0928 1.7
0.0928 0
0.0938551 0
0.0955786 0
0.0983935 0
0.102991 0
0.110501 0
0.122766 0
0.1428 0
