Conduction Band Energy vs Depth
91 2 2
Depth
Conduction Band Energy
0 3.40083
0.0200314 3.40083
0.0344893 3.40083
0.0449244 3.40083
0.0524561 3.40083
0.0578922 3.40083
0.0618157 3.40083
0.0646476 3.40083
0.0666915 3.40083
0.0681667 3.40083
0.0692315 3.40083
0.07 0.0819891
0.07 0.0819891
0.0707254 0.0677002
0.0713632 0.054732
0.071924 0.0429066
0.0724171 0.0320799
0.0728507 0.0221367
0.0732319 0.0129854
0.0735671 0.00455361
0.0738618 -0.00321672
0.074121 -0.0103728
0.0743488 -0.0169542
0.0745492 -0.0229956
0.0747254 -0.0285286
0.0748803 -0.0335827
0.0750164 -0.0381869
0.0751362 -0.0423696
0.0752415 -0.0461588
0.0753341 -0.0495824
0.0754155 -0.0526677
0.0754871 -0.0554415
0.07555 -0.0579296
0.07555 -0.0579296
0.0756125 -0.0604672
0.075675 -0.0630732
0.0757375 -0.0657494
0.0758 -0.0684981
0.0758 -0.0684981
0.0758595 3.24967
0.0759253 3.24893
0.0759982 3.24811
0.0760789 3.2472
0.0761683 3.24619
0.0762672 3.24507
0.0763767 3.24384
0.076498 3.24247
0.0766323 3.24096
0.0767809 3.23928
0.0769455 3.23742
0.0771277 3.23537
0.0773294 3.2331
0.0775527 3.23058
0.0778 4.12779
0.0778 4.12779
0.0780427 4.12653
0.0782984 4.1252
0.0785678 4.12381
0.0788516 4.12234
0.0791506 4.12078
0.0794656 4.11915
0.0797976 4.11743
0.0801473 4.11562
0.0805157 4.11371
0.0809039 4.11169
0.0813128 4.10957
0.0817437 4.10734
0.0821977 4.10498
0.0826759 4.1025
0.0831798 4.09989
0.0837107 4.09714
0.0842701 4.09424
0.0848594 4.09118
0.0854802 4.08796
0.0861344 4.08457
0.0868235 4.08099
0.0875496 4.07723
0.0883146 4.07326
0.0891206 4.06908
0.0899697 4.06468
0.0908644 4.06004
0.0918069 4.05515
0.0928 4.05
0.0928 0
0.0938551 0
0.0955786 0
0.0983935 0
0.102991 0
0.110501 0
0.122766 0
0.1428 0
