Probe chan_mob vs gate bias
76 2 2
gate bias
Probe chan_mob
-3 11.2032
-2.8 11.2032
-2.6 11.2032
-2.4 11.2032
-2.2 11.2032
-2 11.2032
-1.8 11.2032
-1.6 11.2032
-1.4 11.2032
-1.2 11.2032
-1 11.2032
-0.95 11.2032
-0.9 11.2032
-0.85 11.2032
-0.8 11.2032
-0.75 11.2032
-0.7 11.2032
-0.65 11.2032
-0.6 11.2032
-0.55 11.2032
-0.5 11.2032
-0.45 11.2032
-0.4 11.2032
-0.35 11.2032
-0.3 11.2032
-0.25 11.2032
-0.2 11.2032
-0.15 11.2032
-0.1 11.2032
-0.05 11.2032
-4.24783e-016 11.2032
0.05 11.2032
0.1 11.2032
0.15 11.2032
0.2 11.2032
0.25 11.2032
0.3 11.2032
0.35 11.2032
0.4 11.2032
0.45 11.2032
0.5 11.2032
0.55 11.2032
0.6 11.2032
0.65 11.2032
0.7 11.2032
0.75 11.2032
0.8 11.2032
0.85 11.2032
0.9 11.2032
0.95 11.2032
1 11.2032
1.05 11.2032
1.1 11.2032
1.15 11.2032
1.2 11.2032
1.25 11.2032
1.3 11.2032
1.35 11.2032
1.4 11.2032
1.45 11.2032
1.5 11.2032
1.6 11.2032
1.7 11.2032
1.8 11.2032
1.9 11.2032
2 11.2032
2.1 11.2032
2.2 11.2032
2.3 11.2032
2.4 11.2032
2.5 11.2032
2.6 11.2032
2.7 11.2032
2.8 11.2032
2.9 11.2032
3 11.2032
