Probe chan_n vs gate bias
76 2 2
gate bias
Probe chan_n
-3 3.41959e-034
-2.8 8.44822e-034
-2.6 1.34948e-032
-2.4 1.90088e-029
-2.2 4.35157e-026
-2 9.96295e-023
-1.8 2.04492e-019
-1.6 4.41737e-016
-1.4 1.01139e-012
-1.2 2.06506e-009
-1 3.13648e-006
-0.95 2.16951e-005
-0.9 0.000150078
-0.85 0.00103817
-0.8 0.00718163
-0.75 0.0496787
-0.7 0.343443
-0.65 2.36703
-0.6 16.3638
-0.55 113.189
-0.5 782.831
-0.45 5412.14
-0.4 37384.9
-0.35 257828
-0.3 1.77382e+006
-0.25 1.21666e+007
-0.2 8.31512e+007
-0.15 5.65177e+008
-0.1 3.79916e+009
-0.05 2.50215e+010
-4.24783e-016 1.60247e+011
0.05 9.98978e+011
0.1 6.09235e+012
0.15 3.57631e+013
0.2 1.86899e+014
0.25 7.61552e+014
0.3 2.25413e+015
0.35 5.06504e+015
0.4 9.36673e+015
0.45 1.5199e+016
0.5 2.25662e+016
0.55 3.14758e+016
0.6 4.19435e+016
0.65 5.39832e+016
0.7 6.75964e+016
0.75 8.27688e+016
0.8 9.94711e+016
0.85 1.17666e+017
0.9 1.37317e+017
0.95 1.58398e+017
1 1.80901e+017
1.05 2.04845e+017
1.1 2.30264e+017
1.15 2.57204e+017
1.2 2.85725e+017
1.25 3.15897e+017
1.3 3.47798e+017
1.35 3.81513e+017
1.4 4.17126e+017
1.45 4.54716e+017
1.5 4.94347e+017
1.6 5.79933e+017
1.7 6.7413e+017
1.8 7.7699e+017
1.9 8.88422e+017
2 1.00824e+018
2.1 1.13619e+018
2.2 1.27197e+018
2.3 1.41526e+018
2.4 1.5657e+018
2.5 1.72295e+018
2.6 1.88663e+018
2.7 2.05636e+018
2.8 2.23178e+018
2.9 2.41253e+018
3 2.59825e+018
