drain current vs gate bias
76 2 2
gate bias
drain current
-3 -1.35967e-022
-2.8 2.47641e-022
-2.6 5.67703e-022
-2.4 -2.582e-022
-2.2 8.18574e-022
-2 1.74877e-021
-1.8 -2.09513e-021
-1.6 3.13271e-021
-1.4 -2.90209e-021
-1.2 -2.07255e-021
-1 4.2667e-021
-0.95 5.70341e-021
-0.9 -1.6087e-021
-0.85 -4.17289e-021
-0.8 4.50297e-021
-0.75 -1.70564e-020
-0.7 -1.06007e-020
-0.65 -3.12706e-021
-0.6 9.88847e-021
-0.55 -3.19627e-022
-0.5 -1.24803e-020
-0.45 8.09687e-021
-0.4 -6.30985e-022
-0.35 2.02075e-020
-0.3 2.6793e-020
-0.25 6.46487e-020
-0.2 4.54311e-019
-0.15 3.12748e-018
-0.1 2.09514e-017
-0.05 1.39512e-016
-4.24783e-016 9.05923e-016
0.05 5.7313e-015
0.1 3.54333e-014
0.15 2.12493e-013
0.2 1.1775e-012
0.25 5.47561e-012
0.3 1.98778e-011
0.35 5.67524e-011
0.4 1.33957e-010
0.45 2.74739e-010
0.5 5.0819e-010
0.55 8.69825e-010
0.6 1.40174e-009
0.65 2.15193e-009
0.7 3.17274e-009
0.75 4.51867e-009
0.8 6.24415e-009
0.85 8.40156e-009
0.9 1.10395e-008
0.95 1.42008e-008
1 1.79207e-008
1.05 2.22249e-008
1.1 2.71297e-008
1.15 3.26423e-008
1.2 3.87612e-008
1.25 4.54755e-008
1.3 5.27656e-008
1.35 6.06041e-008
1.4 6.89571e-008
1.45 7.77874e-008
1.5 8.70561e-008
1.6 1.06758e-007
1.7 1.27784e-007
1.8 1.49903e-007
1.9 1.72932e-007
2 1.96724e-007
2.1 2.21163e-007
2.2 2.46157e-007
2.3 2.71632e-007
2.4 2.97527e-007
2.5 3.23793e-007
2.6 3.50386e-007
2.7 3.77273e-007
2.8 4.04422e-007
2.9 4.3181e-007
3 4.59413e-007
