source current vs gate bias
76 2 2
gate bias
source current
-3 2.2846e-021
-2.8 9.98923e-024
-2.6 -1.08144e-021
-2.4 -2.38308e-021
-2.2 6.04739e-021
-2 5.17702e-022
-1.8 2.99503e-021
-1.6 4.16594e-021
-1.4 9.83287e-022
-1.2 -3.56485e-021
-1 1.12713e-020
-0.95 -3.1896e-021
-0.9 -1.5545e-020
-0.85 1.60106e-020
-0.8 -3.89145e-021
-0.75 2.00688e-020
-0.7 -4.48907e-021
-0.65 1.6358e-020
-0.6 9.74253e-021
-0.55 -5.89279e-021
-0.5 1.95545e-020
-0.45 2.6628e-020
-0.4 5.38646e-020
-0.35 4.05545e-020
-0.3 1.30211e-019
-0.25 -7.02088e-020
-0.2 -4.64829e-019
-0.15 -3.12396e-018
-0.1 -2.09433e-017
-0.05 -1.39496e-016
-4.24783e-016 -9.059e-016
0.05 -5.73129e-015
0.1 -3.54332e-014
0.15 -2.12493e-013
0.2 -1.1775e-012
0.25 -5.47561e-012
0.3 -1.98778e-011
0.35 -5.67524e-011
0.4 -1.33957e-010
0.45 -2.74739e-010
0.5 -5.0819e-010
0.55 -8.69825e-010
0.6 -1.40174e-009
0.65 -2.15193e-009
0.7 -3.17274e-009
0.75 -4.51867e-009
0.8 -6.24415e-009
0.85 -8.40156e-009
0.9 -1.10395e-008
0.95 -1.42008e-008
1 -1.79207e-008
1.05 -2.22249e-008
1.1 -2.71297e-008
1.15 -3.26423e-008
1.2 -3.87612e-008
1.25 -4.54755e-008
1.3 -5.27656e-008
1.35 -6.06041e-008
1.4 -6.89571e-008
1.45 -7.77874e-008
1.5 -8.70561e-008
1.6 -1.06758e-007
1.7 -1.27784e-007
1.8 -1.49903e-007
1.9 -1.72932e-007
2 -1.96724e-007
2.1 -2.21163e-007
2.2 -2.46157e-007
2.3 -2.71632e-007
2.4 -2.97527e-007
2.5 -3.23793e-007
2.6 -3.50386e-007
2.7 -3.77273e-007
2.8 -4.04422e-007
2.9 -4.3181e-007
3 -4.59413e-007
