Electron QFL vs Depth
91 2 2
Depth
Electron QFL
0 0
0.0200314 0
0.0344893 0
0.0449244 0
0.0524561 0
0.0578922 0
0.0618157 0
0.0646476 0
0.0666915 0
0.0681667 0
0.0692315 0
0.07 0
0.07 0
0.0707254 0
0.0713632 0
0.071924 0
0.0724171 0
0.0728507 0
0.0732319 0
0.0735671 0
0.0738618 0
0.074121 0
0.0743488 0
0.0745492 0
0.0747254 0
0.0748803 0
0.0750164 0
0.0751362 0
0.0752415 0
0.0753341 0
0.0754155 0
0.0754871 0
0.07555 0
0.07555 0
0.0756125 0
0.075675 0
0.0757375 0
0.0758 0
0.0758 0
0.0758595 0
0.0759253 0
0.0759982 0
0.0760789 0
0.0761683 0
0.0762672 0
0.0763767 0
0.076498 0
0.0766323 0
0.0767809 0
0.0769455 0
0.0771277 0
0.0773294 0
0.0775527 0
0.0778 0
0.0778 0
0.0780427 0
0.0782984 0
0.0785678 0
0.0788516 0
0.0791506 0
0.0794656 0
0.0797976 0
0.0801473 0
0.0805157 0
0.0809039 0
0.0813128 0
0.0817437 0
0.0821977 0
0.0826759 0
0.0831798 0
0.0837107 0
0.0842701 0
0.0848594 0
0.0854802 0
0.0861344 0
0.0868235 0
0.0875496 0
0.0883146 0
0.0891206 0
0.0899697 0
0.0908644 0
0.0918069 0
0.0928 0
0.0928 0
0.0938551 0
0.0955786 0
0.0983935 0
0.102991 0
0.110501 0
0.122766 0
0.1428 0
