Valence Band Energy vs Depth
91 2 2
Depth
Valence Band Energy
0 -5.21362
0.0200314 -5.21362
0.0344893 -5.21362
0.0449244 -5.21362
0.0524561 -5.21362
0.0578922 -5.21362
0.0618157 -5.21362
0.0646476 -5.21362
0.0666915 -5.21362
0.0681667 -5.21362
0.0692315 -5.21362
0.07 -2.66362
0.07 -2.66362
0.0707254 -2.67773
0.0713632 -2.69015
0.071924 -2.70106
0.0724171 -2.71066
0.0728507 -2.7191
0.0732319 -2.72652
0.0735671 -2.73305
0.0738618 -2.73879
0.074121 -2.74384
0.0743488 -2.74828
0.0745492 -2.75218
0.0747254 -2.75562
0.0748803 -2.75863
0.0750164 -2.76129
0.0751362 -2.76362
0.0752415 -2.76567
0.0753341 -2.76748
0.0754155 -2.76906
0.0754871 -2.77046
0.07555 -2.77169
0.07555 -2.77169
0.0756125 -2.77291
0.075675 -2.77414
0.0757375 -2.77537
0.0758 -2.77661
0.0758 -2.77661
0.0758595 -5.32577
0.0759253 -5.32483
0.0759982 -5.32379
0.0760789 -5.32265
0.0761683 -5.32137
0.0762672 -5.31997
0.0763767 -5.31841
0.076498 -5.31668
0.0766323 -5.31477
0.0767809 -5.31266
0.0769455 -5.31032
0.0771277 -5.30772
0.0773294 -5.30485
0.0775527 -5.30167
0.0778 -1.09816
0.0778 -1.09816
0.0780427 -1.09657
0.0782984 -1.0949
0.0785678 -1.09313
0.0788516 -1.09128
0.0791506 -1.08932
0.0794656 -1.08726
0.0797976 -1.08509
0.0801473 -1.0828
0.0805157 -1.08039
0.0809039 -1.07785
0.0813128 -1.07517
0.0817437 -1.07235
0.0821977 -1.06938
0.0826759 -1.06625
0.0831798 -1.06295
0.0837107 -1.05948
0.0842701 -1.05582
0.0848594 -1.05196
0.0854802 -1.0479
0.0861344 -1.04362
0.0868235 -1.03911
0.0875496 -1.03436
0.0883146 -1.02935
0.0891206 -1.02408
0.0899697 -1.01852
0.0908644 -1.01267
0.0918069 -1.0065
0.0928 -1
0.0928 0
0.0938551 0
0.0955786 0
0.0983935 0
0.102991 0
0.110501 0
0.122766 0
0.1428 0
