Valence Band Energy vs Depth
91 2 2
Depth
Valence Band Energy
0 -5.91796
0.0200314 -5.91796
0.0344893 -5.91796
0.0449244 -5.91796
0.0524561 -5.91796
0.0578922 -5.91796
0.0618157 -5.91796
0.0646476 -5.91796
0.0666915 -5.91796
0.0681667 -5.91796
0.0692315 -5.91796
0.07 -3.36796
0.07 -3.36796
0.0707254 -3.38323
0.0713632 -3.39925
0.071924 -3.41604
0.0724171 -3.43358
0.0728507 -3.4518
0.0732319 -3.47059
0.0735671 -3.48981
0.0738618 -3.50931
0.074121 -3.52893
0.0743488 -3.5485
0.0745492 -3.56785
0.0747254 -3.58682
0.0748803 -3.60524
0.0750164 -3.62299
0.0751362 -3.63994
0.0752415 -3.656
0.0753341 -3.6711
0.0754155 -3.68522
0.0754871 -3.69832
0.07555 -3.71041
0.07555 -3.71041
0.0756125 -3.723
0.075675 -3.73621
0.0757375 -3.75007
0.0758 -3.76462
0.0758 -3.76462
0.0758595 -6.32722
0.0759253 -6.34117
0.0759982 -6.35662
0.0760789 -6.37372
0.0761683 -6.39265
0.0762672 -6.41361
0.0763767 -6.43682
0.076498 -6.46251
0.0766323 -6.49096
0.0767809 -6.52246
0.0769455 -6.55732
0.0771277 -6.59593
0.0773294 -6.63867
0.0775527 -6.68599
0.0778 -2.53838
0.0778 -2.53838
0.0780427 -2.56203
0.0782984 -2.58694
0.0785678 -2.61319
0.0788516 -2.64085
0.0791506 -2.66999
0.0794656 -2.70068
0.0797976 -2.73303
0.0801473 -2.7671
0.0805157 -2.803
0.0809039 -2.84083
0.0813128 -2.88068
0.0817437 -2.92266
0.0821977 -2.9669
0.0826759 -3.0135
0.0831798 -3.0626
0.0837107 -3.11433
0.0842701 -3.16883
0.0848594 -3.22626
0.0854802 -3.28675
0.0861344 -3.35049
0.0868235 -3.41765
0.0875496 -3.4884
0.0883146 -3.56294
0.0891206 -3.64147
0.0899697 -3.72422
0.0908644 -3.81139
0.0918069 -3.90324
0.0928 -4
0.0928 0
0.0938551 0
0.0955786 0
0.0983935 0
0.102991 0
0.110501 0
0.122766 0
0.1428 0
