Valence Band Energy vs Depth
91 2 2
Depth
Valence Band Energy
0 -5.59917
0.0200314 -5.59917
0.0344893 -5.59917
0.0449244 -5.59917
0.0524561 -5.59917
0.0578922 -5.59917
0.0618157 -5.59917
0.0646476 -5.59917
0.0666915 -5.59917
0.0681667 -5.59917
0.0692315 -5.59917
0.07 -3.04917
0.07 -3.04917
0.0707254 -3.06346
0.0713632 -3.07643
0.071924 -3.08825
0.0724171 -3.09908
0.0728507 -3.10902
0.0732319 -3.11817
0.0735671 -3.12661
0.0738618 -3.13438
0.074121 -3.14153
0.0743488 -3.14811
0.0745492 -3.15416
0.0747254 -3.15969
0.0748803 -3.16474
0.0750164 -3.16935
0.0751362 -3.17353
0.0752415 -3.17732
0.0753341 -3.18074
0.0754155 -3.18383
0.0754871 -3.1866
0.07555 -3.18909
0.07555 -3.18909
0.0756125 -3.19163
0.075675 -3.19423
0.0757375 -3.19691
0.0758 -3.19966
0.0758 -3.19966
0.0758595 -5.75033
0.0759253 -5.75107
0.0759982 -5.75189
0.0760789 -5.7528
0.0761683 -5.75381
0.0762672 -5.75493
0.0763767 -5.75616
0.076498 -5.75753
0.0766323 -5.75904
0.0767809 -5.76072
0.0769455 -5.76258
0.0771277 -5.76463
0.0773294 -5.7669
0.0775527 -5.76942
0.0778 -1.57221
0.0778 -1.57221
0.0780427 -1.57347
0.0782984 -1.5748
0.0785678 -1.57619
0.0788516 -1.57766
0.0791506 -1.57922
0.0794656 -1.58085
0.0797976 -1.58257
0.0801473 -1.58438
0.0805157 -1.58629
0.0809039 -1.58831
0.0813128 -1.59043
0.0817437 -1.59266
0.0821977 -1.59502
0.0826759 -1.5975
0.0831798 -1.60011
0.0837107 -1.60286
0.0842701 -1.60576
0.0848594 -1.60882
0.0854802 -1.61204
0.0861344 -1.61543
0.0868235 -1.61901
0.0875496 -1.62277
0.0883146 -1.62674
0.0891206 -1.63092
0.0899697 -1.63532
0.0908644 -1.63996
0.0918069 -1.64485
0.0928 -1.65
0.0928 0
0.0938551 0
0.0955786 0
0.0983935 0
0.102991 0
0.110501 0
0.122766 0
0.1428 0
