v ATLAS
# This file was created by ATLAS version 5.28.1.R on Fri Sep 25 06:23:54 2026.
#SSF 2.0 generic
##############################################################################
#                    Copyright (c) 1984 - 2019                               #
#                    Silvaco Inc. All rights reserved                        #
#                                                                            #
# This file format and the following Key are copyright Silvaco Inc.          #
# You may not use, this format or key without reproducing this message in    #
# full and obtaining express written permission from Silvaco Inc.            #
#                                                                            #
# To obtain such permission please contact: Silvaco Inc.                     #
#                                           support@silvaco.com              #
#                                                                            #
# KEY=SVC86hn7562asdx                       PROD=345                         #
##############################################################################
p 4 74 76 75 205
d  3.076060e+000 4.857520e-014 3.574236e-199 4.857520e-014
d  3.068029e+000 5.937661e-014 6.466308e-198 5.937661e-014
d  3.059997e+000 7.257986e-014 1.160070e-196 7.257986e-014
d  3.051966e+000 8.871906e-014 2.063796e-195 8.871906e-014
d  3.043934e+000 1.084470e-013 3.640859e-194 1.084470e-013
d  3.035903e+000 1.325618e-013 6.369358e-193 1.325618e-013
d  3.027871e+000 1.620389e-013 1.104949e-191 1.620389e-013
d  3.019840e+000 1.980706e-013 1.900830e-190 1.980706e-013
d  3.011808e+000 2.421145e-013 3.242642e-189 2.421145e-013
d  3.003777e+000 2.959522e-013 5.485415e-188 2.959522e-013
d  2.995745e+000 3.617615e-013 9.201839e-187 3.617615e-013
d  2.987714e+000 4.422045e-013 1.530715e-185 4.422045e-013
d  2.979682e+000 5.405351e-013 2.525043e-184 5.405351e-013
d  2.971651e+000 6.607310e-013 4.130455e-183 6.607310e-013
d  2.963619e+000 8.076542e-013 6.700105e-182 8.076542e-013
d  2.955588e+000 9.872479e-013 1.077755e-180 9.872479e-013
d  2.947556e+000 1.206777e-012 1.719147e-179 1.206777e-012
d  2.939525e+000 1.475121e-012 2.719323e-178 1.475121e-012
d  2.931493e+000 1.803136e-012 4.265434e-177 1.803136e-012
d  2.923462e+000 2.204090e-012 6.634684e-176 2.204090e-012
d  2.915430e+000 2.694202e-012 1.023368e-174 2.694202e-012
d  2.907399e+000 3.293297e-012 1.565303e-173 3.293297e-012
d  2.899367e+000 4.025610e-012 2.374211e-172 4.025610e-012
d  2.891336e+000 4.920763e-012 3.571042e-171 4.920763e-012
d  2.883304e+000 6.014966e-012 5.326296e-170 6.014966e-012
d  2.875273e+000 7.352482e-012 7.877897e-169 7.352482e-012
d  2.867241e+000 8.987414e-012 1.155447e-167 8.987414e-012
d  2.859210e+000 1.098590e-011 1.680522e-166 1.098590e-011
d  2.851178e+000 1.342877e-011 2.423780e-165 1.342877e-011
d  2.843147e+000 1.641486e-011 3.466545e-164 1.641486e-011
d  2.835115e+000 2.006494e-011 4.916490e-163 2.006494e-011
d  2.827084e+000 2.452667e-011 6.914617e-162 2.452667e-011
d  2.819052e+000 2.998054e-011 9.643523e-161 2.998054e-011
d  2.811021e+000 3.664715e-011 1.333700e-159 3.664715e-011
d  2.802989e+000 4.479618e-011 1.829089e-158 4.479618e-011
d  2.794958e+000 5.475726e-011 2.487520e-157 5.475726e-011
d  2.786926e+000 6.693334e-011 3.354693e-156 6.693334e-011
d  2.778895e+000 8.181695e-011 4.486355e-155 8.181695e-011
d  2.770863e+000 1.000101e-010 5.949620e-154 1.000101e-010
d  2.762832e+000 1.222489e-010 7.824191e-153 1.222489e-010
d  2.754800e+000 1.494327e-010 1.020339e-151 1.494327e-010
d  2.746769e+000 1.826612e-010 1.319483e-150 1.826612e-010
d  2.738737e+000 2.232786e-010 1.692069e-149 2.232786e-010
d  2.730706e+000 2.729279e-010 2.151726e-148 2.729279e-010
d  2.722675e+000 3.336174e-010 2.713379e-147 3.336174e-010
d  2.714643e+000 4.078021e-010 3.393037e-146 4.078021e-010
d  2.706612e+000 4.984829e-010 4.207475e-145 4.984829e-010
d  2.698580e+000 6.093279e-010 5.173792e-144 6.093279e-010
d  2.690549e+000 7.448208e-010 6.308864e-143 7.448208e-010
d  2.682517e+000 9.104427e-010 7.628655e-142 9.104427e-010
d  2.674486e+000 1.112893e-009 9.147437e-141 1.112893e-009
d  2.666454e+000 1.360361e-009 1.087691e-139 1.360361e-009
d  2.658423e+000 1.662857e-009 1.282527e-138 1.662857e-009
d  2.650391e+000 2.032618e-009 1.499622e-137 2.032618e-009
d  2.642360e+000 2.484600e-009 1.738809e-136 2.484600e-009
d  2.634328e+000 3.037087e-009 1.999294e-135 3.037087e-009
d  2.626297e+000 3.712428e-009 2.279587e-134 3.712428e-009
d  2.618265e+000 4.537941e-009 2.577450e-133 4.537941e-009
d  2.610234e+000 5.547018e-009 2.889875e-132 5.547018e-009
d  2.602202e+000 6.780479e-009 3.213086e-131 6.780479e-009
d  2.594171e+000 8.288217e-009 3.542587e-130 8.288217e-009
d  2.586139e+000 1.013122e-008 3.873229e-129 1.013122e-008
d  2.578108e+000 1.238405e-008 4.199336e-128 1.238405e-008
d  2.570076e+000 1.513782e-008 4.514843e-127 1.513782e-008
d  2.562045e+000 1.850394e-008 4.813482e-126 1.850394e-008
d  2.554013e+000 2.261856e-008 5.088979e-125 2.261856e-008
d  2.545982e+000 2.764813e-008 5.335274e-124 2.764813e-008
d  2.537950e+000 3.379610e-008 5.546735e-123 3.379610e-008
d  2.529919e+000 4.131116e-008 5.718377e-122 4.131116e-008
d  2.521887e+000 5.049729e-008 5.846053e-121 5.049729e-008
d  2.513856e+000 6.172611e-008 5.926625e-120 6.172611e-008
d  2.505824e+000 7.545181e-008 5.958086e-119 7.545181e-008
d  2.497793e+000 9.222962e-008 5.939648e-118 9.222962e-008
d  2.489761e+000 1.127382e-007 5.871774e-117 1.127382e-007
d  2.481730e+000 1.378072e-007 5.756157e-116 1.378072e-007
d  2.473698e+000 1.684507e-007 5.595651e-115 1.684507e-007
d  2.465667e+000 2.059082e-007 5.394153e-114 2.059082e-007
d  2.457635e+000 2.516948e-007 5.156446e-113 2.516948e-007
d  2.449604e+000 3.076629e-007 4.888014e-112 3.076629e-007
d  2.441572e+000 3.760762e-007 4.594826e-111 3.760762e-007
d  2.433541e+000 4.597023e-007 4.283120e-110 4.597023e-007
d  2.425509e+000 5.619238e-007 3.959189e-109 5.619238e-007
d  2.417478e+000 6.868758e-007 3.629165e-108 6.868758e-007
d  2.409446e+000 8.396127e-007 3.298846e-107 8.396127e-007
d  2.401415e+000 1.026313e-006 2.973527e-106 1.026313e-006
d  2.393383e+000 1.254528e-006 2.657887e-105 1.254528e-006
d  2.385352e+000 1.533491e-006 2.355893e-104 1.533491e-006
d  2.377321e+000 1.874485e-006 2.070759e-103 1.874485e-006
d  2.369289e+000 2.291305e-006 1.804920e-102 2.291305e-006
d  2.361258e+000 2.800810e-006 1.560060e-101 2.800810e-006
d  2.353226e+000 3.423611e-006 1.337147e-100 3.423611e-006
d  2.345195e+000 4.184901e-006 1.136506e-099 4.184901e-006
d  2.337163e+000 5.115475e-006 9.578969e-099 5.115475e-006
d  2.329132e+000 6.252976e-006 8.006092e-098 6.252976e-006
d  2.321100e+000 7.643416e-006 6.635552e-097 7.643416e-006
d  2.313069e+000 9.343042e-006 5.453662e-096 9.343042e-006
d  2.305037e+000 1.142060e-005 4.444818e-095 1.142060e-005
d  2.297006e+000 1.396014e-005 3.592315e-094 1.396014e-005
d  2.288974e+000 1.706438e-005 2.879053e-093 1.706438e-005
d  2.280943e+000 2.085890e-005 2.288123e-092 2.085890e-005
d  2.272911e+000 2.549718e-005 1.803283e-091 2.549718e-005
d  2.264880e+000 3.116685e-005 1.409298e-090 3.116685e-005
d  2.256848e+000 3.809726e-005 1.092186e-089 3.809726e-005
d  2.248817e+000 4.656874e-005 8.393538e-089 4.656874e-005
d  2.240785e+000 5.692398e-005 6.396585e-088 5.692398e-005
d  2.232754e+000 6.958186e-005 4.833992e-087 6.958186e-005
d  2.224722e+000 8.505441e-005 3.622582e-086 8.505441e-005
d  2.216691e+000 1.039675e-004 2.692064e-085 1.039675e-004
d  2.208659e+000 1.270862e-004 1.983842e-084 1.270862e-004
d  2.200628e+000 1.553457e-004 1.449718e-083 1.553457e-004
d  2.192596e+000 1.898890e-004 1.050545e-082 1.898890e-004
d  2.184565e+000 2.321137e-004 7.549186e-082 2.321137e-004
d  2.176533e+000 2.837275e-004 5.379482e-081 2.837275e-004
d  2.168502e+000 3.468185e-004 3.801329e-080 3.468185e-004
d  2.160470e+000 4.239387e-004 2.663699e-079 4.239387e-004
d  2.152439e+000 5.182076e-004 1.850928e-078 5.182076e-004
d  2.144407e+000 6.334387e-004 1.275406e-077 6.334387e-004
d  2.136376e+000 7.742930e-004 8.714895e-077 7.742930e-004
d  2.128344e+000 9.464684e-004 5.905143e-076 9.464684e-004
d  2.120313e+000 1.156930e-003 3.967833e-075 1.156930e-003
d  2.112281e+000 1.414190e-003 2.643815e-074 1.414190e-003
d  2.104250e+000 1.728655e-003 1.746881e-073 1.728655e-003
d  2.096218e+000 2.113047e-003 1.144591e-072 2.113047e-003
d  2.088187e+000 2.582914e-003 7.436899e-072 2.582914e-003
d  2.080155e+000 3.157263e-003 4.791683e-071 3.157263e-003
d  2.072124e+000 3.859327e-003 3.061534e-070 3.859327e-003
d  2.064092e+000 4.717505e-003 1.939745e-069 4.717505e-003
d  2.056061e+000 5.766511e-003 1.218723e-068 5.766511e-003
d  2.048030e+000 7.048779e-003 7.593111e-068 7.048779e-003
d  2.039998e+000 8.616178e-003 4.691258e-067 8.616178e-003
d  2.031967e+000 1.053211e-002 2.874177e-066 1.053211e-002
d  2.023935e+000 1.287408e-002 1.746194e-065 1.287408e-002
d  2.015904e+000 1.573682e-002 1.052025e-064 1.573682e-002
d  2.007872e+000 1.923613e-002 6.285128e-064 1.923613e-002
d  1.999841e+000 2.351357e-002 3.723548e-063 2.351357e-002
d  1.991809e+000 2.874215e-002 2.187532e-062 2.874215e-002
d  1.983778e+000 3.513339e-002 1.274403e-061 3.513339e-002
d  1.975746e+000 4.294582e-002 7.362300e-061 4.294582e-002
d  1.967715e+000 5.249545e-002 4.217693e-060 5.249545e-002
d  1.959683e+000 6.416858e-002 2.396024e-059 6.416858e-002
d  1.951652e+000 7.843740e-002 1.349777e-058 7.843740e-002
d  1.943620e+000 9.587910e-002 7.540279e-058 9.587910e-002
d  1.935589e+000 1.171992e-001 4.177030e-057 1.171992e-001
d  1.927557e+000 1.432602e-001 2.294575e-056 1.432602e-001
d  1.919526e+000 1.751162e-001 1.249948e-055 1.751162e-001
d  1.911494e+000 2.140558e-001 6.752054e-055 2.140558e-001
d  1.903463e+000 2.616543e-001 3.616885e-054 2.616543e-001
d  1.895431e+000 3.198369e-001 1.921269e-053 3.198369e-001
d  1.887400e+000 3.909574e-001 1.012036e-052 3.909574e-001
d  1.879368e+000 4.778925e-001 5.286386e-052 4.778925e-001
d  1.871337e+000 5.841588e-001 2.738270e-051 5.841588e-001
d  1.863305e+000 7.140551e-001 1.406528e-050 7.140551e-001
d  1.855274e+000 8.728357e-001 7.164322e-050 8.728357e-001
d  1.847242e+000 1.066923e+000 3.618732e-049 1.066923e+000
d  1.839211e+000 1.304170e+000 1.812560e-048 1.304170e+000
d  1.831179e+000 1.594171e+000 9.002916e-048 1.594171e+000
d  1.823148e+000 1.948658e+000 4.434336e-047 1.948658e+000
d  1.815116e+000 2.381970e+000 2.165851e-046 2.381970e+000
d  1.807085e+000 2.911636e+000 1.049019e-045 2.911636e+000
d  1.799053e+000 3.559081e+000 5.038399e-045 3.559081e+000
d  1.791022e+000 4.350495e+000 2.399698e-044 4.350495e+000
d  1.782990e+000 5.317892e+000 1.133379e-043 5.317892e+000
d  1.774959e+000 6.500403e+000 5.308216e-043 6.500403e+000
d  1.766927e+000 7.945862e+000 2.465338e-042 7.945862e+000
d  1.758896e+000 9.712741e+000 1.135427e-041 9.712741e+000
d  1.750864e+000 1.187251e+001 5.185569e-041 1.187251e+001
d  1.742833e+000 1.451254e+001 2.348488e-040 1.451254e+001
d  1.734801e+000 1.773961e+001 1.054715e-039 1.773961e+001
d  1.726770e+000 2.168428e+001 4.697170e-039 2.168428e+001
d  1.718738e+000 2.650609e+001 2.074399e-038 2.650609e+001
d  1.710707e+000 3.240011e+001 9.084537e-038 3.240011e+001
d  1.702676e+000 3.960475e+001 3.945191e-037 3.960475e+001
d  1.694644e+000 4.841144e+001 1.698979e-036 4.841144e+001
d  1.686613e+000 5.917643e+001 7.255419e-036 5.917643e+001
d  1.678581e+000 7.233518e+001 3.072499e-035 7.233518e+001
d  1.670550e+000 8.841997e+001 1.290255e-034 8.841997e+001
d  1.662518e+000 1.080814e+002 5.372967e-034 1.080814e+002
d  1.654487e+000 1.321149e+002 2.218745e-033 1.321149e+002
d  1.646455e+000 1.614926e+002 9.085633e-033 1.614926e+002
d  1.638424e+000 1.974029e+002 3.689417e-032 1.974029e+002
d  1.630392e+000 2.412983e+002 1.485645e-031 2.412983e+002
d  1.622361e+000 2.949545e+002 5.932350e-031 2.949545e+002
d  1.614329e+000 3.605419e+002 2.349055e-030 3.605419e+002
d  1.606298e+000 4.407137e+002 9.223896e-030 4.407137e+002
d  1.598266e+000 5.387128e+002 3.591619e-029 5.387128e+002
d  1.590235e+000 6.585035e+002 1.386822e-028 6.585035e+002
d  1.582203e+000 8.049314e+002 5.310138e-028 8.049314e+002
d  1.574172e+000 9.839197e+002 2.016256e-027 9.839197e+002
d  1.566140e+000 1.202709e+003 7.591718e-027 1.202709e+003
d  1.558109e+000 1.470148e+003 2.834583e-026 1.470148e+003
d  1.550077e+000 1.797058e+003 1.049525e-025 1.797058e+003
d  1.542046e+000 2.196660e+003 3.853465e-025 2.196660e+003
d  1.534014e+000 2.685119e+003 1.403022e-024 2.685119e+003
d  1.525983e+000 3.282194e+003 5.065616e-024 3.282194e+003
d  1.517951e+000 4.012038e+003 1.813655e-023 4.012038e+003
d  1.509920e+000 4.904174e+003 6.439197e-023 4.904174e+003
d  1.501888e+000 5.994689e+003 2.267062e-022 5.994689e+003
d  1.493857e+000 7.327695e+003 7.914980e-022 7.327695e+003
d  1.485825e+000 8.957116e+003 2.740254e-021 8.957116e+003
d  1.477794e+000 1.094886e+004 9.407768e-021 1.094886e+004
d  1.469762e+000 1.338350e+004 3.202853e-020 1.338350e+004
d  1.461731e+000 1.635952e+004 1.081289e-019 1.635952e+004
d  1.453699e+000 1.999730e+004 3.619942e-019 1.999730e+004
d  1.445668e+000 2.444399e+004 1.201755e-018 2.444399e+004
d  1.437636e+000 2.987947e+004 3.956262e-018 2.987947e+004
d  1.429605e+000 3.652360e+004 1.291542e-017 3.652360e+004
d  1.421573e+000 4.464516e+004 4.181066e-017 4.464516e+004
d  1.413542e+000 5.457266e+004 1.342208e-016 5.457266e+004
d  1.405510e+000 6.670770e+004 4.272751e-016 6.670770e+004
d  1.397479e+000 8.154113e+004 1.348807e-015 8.154113e+004
d  1.389447e+000 9.967299e+004 4.222278e-015 9.967299e+004
d  1.381416e+000 1.218367e+005 1.310685e-014 1.218367e+005
d  1.373384e+000 1.489289e+005 4.034640e-014 1.489289e+005
d  1.365353e+000 1.820454e+005 1.231589e-013 1.820454e+005
d  1.357322e+000 2.225259e+005 3.728046e-013 2.225259e+005
d  1.349290e+000 2.720078e+005 1.119055e-012 2.720078e+005
d  1.341259e+000 3.324927e+005 3.331014e-012 3.324927e+005
d  1.333227e+000 4.064273e+005 9.832320e-012 4.064273e+005
d  1.325196e+000 4.968024e+005 2.877996e-011 4.968024e+005
d  1.317164e+000 6.072737e+005 8.353705e-011 6.072737e+005
d  1.309133e+000 7.423099e+005 2.404488e-010 7.423099e+005
d  1.301101e+000 9.073734e+005 6.863109e-010 9.073734e+005
d  1.293070e+000 1.109141e+006 1.942557e-009 1.109141e+006
d  1.285038e+000 1.355775e+006 5.452319e-009 1.355775e+006
d  1.277007e+000 1.657251e+006 1.517552e-008 1.657251e+006
d  1.268975e+000 2.025765e+006 4.188517e-008 2.025765e+006
d  1.260944e+000 2.476224e+006 1.146388e-007 2.476224e+006
d  1.252912e+000 3.026848e+006 3.111415e-007 3.026848e+006
d  1.244881e+000 3.699912e+006 8.374113e-007 3.699912e+006
d  1.236849e+000 4.522642e+006 2.234983e-006 4.522642e+006
d  1.228818e+000 5.528318e+006 5.915132e-006 5.528318e+006
d  1.220786e+000 6.757620e+006 1.552420e-005 6.757620e+006
d  1.212755e+000 8.260276e+006 4.040254e-005 8.260276e+006
d  1.204723e+000 1.009707e+007 1.042708e-004 1.009707e+007
d  1.196692e+000 1.234230e+007 2.668527e-004 1.234230e+007
d  1.188660e+000 1.508679e+007 6.772282e-004 1.508679e+007
d  1.180629e+000 1.844156e+007 1.704328e-003 1.844156e+007
d  1.172597e+000 2.254231e+007 4.253299e-003 2.254231e+007
d  1.164566e+000 2.755492e+007 1.052576e-002 2.755492e+007
d  1.156534e+000 3.368216e+007 2.583065e-002 3.368216e+007
d  1.148503e+000 4.117189e+007 6.285967e-002 4.117189e+007
d  1.140471e+000 5.032706e+007 1.516923e-001 5.032706e+007
d  1.132440e+000 6.151801e+007 3.630025e-001 6.151802e+007
d  1.124408e+000 7.519745e+007 8.614107e-001 7.519745e+007
d  1.116377e+000 9.191870e+007 2.027056e+000 9.191870e+007
d  1.108345e+000 1.123582e+008 4.730158e+000 1.123582e+008
d  1.100314e+000 1.373426e+008 1.094562e+001 1.373427e+008
d  1.092282e+000 1.678828e+008 2.511653e+001 1.678828e+008
d  1.084251e+000 2.052140e+008 5.715230e+001 2.052140e+008
d  1.076219e+000 2.508463e+008 1.289622e+002 2.508465e+008
d  1.068188e+000 3.066257e+008 2.885664e+002 3.066260e+008
d  1.060156e+000 3.748084e+008 6.403003e+002 3.748090e+008
d  1.052125e+000 4.581525e+008 1.408888e+003 4.581539e+008
d  1.044093e+000 5.600294e+008 3.074140e+003 5.600325e+008
d  1.036062e+000 6.845602e+008 6.651592e+003 6.845668e+008
d  1.028030e+000 8.367821e+008 1.427191e+004 8.367964e+008
d  1.019999e+000 1.022853e+009 3.036642e+004 1.022883e+009
d  1.011968e+000 1.250299e+009 6.407070e+004 1.250363e+009
d  1.003936e+000 1.528322e+009 1.340541e+005 1.528456e+009
d  9.959045e-001 1.868166e+009 2.781348e+005 1.868444e+009
d  9.878731e-001 2.283580e+009 5.722493e+005 2.284152e+009
d  9.798416e-001 2.791368e+009 1.167535e+006 2.792535e+009
d  9.718101e-001 3.412069e+009 2.362159e+006 3.414431e+009
d  9.637786e-001 4.170793e+009 4.739177e+006 4.175532e+009
d  9.557471e-001 5.098229e+009 9.428694e+006 5.107658e+009
d  9.477156e-001 6.231895e+009 1.860179e+007 6.250497e+009
d  9.396841e-001 7.617649e+009 3.639256e+007 7.654041e+009
d  9.316526e-001 9.311544e+009 7.060332e+007 9.382147e+009
d  9.236211e-001 1.138210e+010 1.358289e+008 1.151793e+010
d  9.155897e-001 1.391308e+010 2.591279e+008 1.417221e+010
d  9.075582e-001 1.700686e+010 4.902196e+008 1.749708e+010
d  8.995267e-001 2.078858e+010 9.196485e+008 2.170823e+010
d  8.914952e-001 2.541122e+010 1.710833e+009 2.712206e+010
d  8.834637e-001 3.106178e+010 3.156081e+009 3.421786e+010
d  8.754322e-001 3.796882e+010 5.773556e+009 4.374238e+010
d  8.674007e-001 4.641175e+010 1.047353e+010 5.688528e+010
d  8.593692e-001 5.673208e+010 1.884073e+010 7.557280e+010
d  8.513378e-001 6.934728e+010 3.360909e+010 1.029564e+011
d  8.433063e-001 8.476767e+010 5.945256e+010 1.442202e+011
d  8.352748e-001 1.036170e+011 1.042891e+011 2.079061e+011
d  8.272433e-001 1.266578e+011 1.814104e+011 3.080681e+011
d  8.192118e-001 1.548220e+011 3.129247e+011 4.677467e+011
d  8.111803e-001 1.892489e+011 5.352692e+011 7.245181e+011
d  8.031488e-001 2.313312e+011 9.079446e+011 1.139276e+012
d  7.951173e-001 2.827710e+011 1.527218e+012 1.809989e+012
d  7.870858e-001 3.456493e+011 2.547402e+012 2.893051e+012
d  7.790544e-001 4.225095e+011 4.213554e+012 4.636063e+012
d  7.710229e-001 5.164606e+011 6.911213e+012 7.427674e+012
d  7.629914e-001 6.313032e+011 1.124125e+013 1.187255e+013
d  7.549599e-001 7.716827e+011 1.813133e+013 1.890301e+013
d  7.469284e-001 9.432777e+011 2.900009e+013 2.994337e+013
d  7.388969e-001 1.153029e+012 4.599639e+013 4.714942e+013
d  7.308654e-001 1.409422e+012 7.234404e+013 7.375346e+013
d  7.228339e-001 1.722828e+012 1.128331e+014 1.145559e+014
d  7.148025e-001 2.105924e+012 1.745118e+014 1.766177e+014
d  7.067710e-001 2.574207e+012 2.676503e+014 2.702245e+014
d  6.987395e-001 3.146619e+012 4.070666e+014 4.102132e+014
d  6.907080e-001 3.846316e+012 6.139284e+014 6.177747e+014
d  6.826765e-001 4.701601e+012 9.181734e+014 9.228750e+014
d  6.746450e-001 5.747071e+012 1.361715e+015 1.367462e+015
d  6.666135e-001 7.025016e+012 2.002639e+015 2.009664e+015
d  6.585820e-001 8.587131e+012 2.920610e+015 2.929197e+015
d  6.505505e-001 1.049661e+013 4.223760e+015 4.234256e+015
d  6.425191e-001 1.283068e+013 6.057305e+015 6.070136e+015
d  6.344876e-001 1.568377e+013 8.614189e+015 8.629873e+015
d  6.264561e-001 1.917128e+013 1.214798e+016 1.216715e+016
d  6.184246e-001 2.343430e+013 1.698823e+016 1.701167e+016
d  6.103931e-001 2.864526e+013 2.355847e+016 2.358712e+016
d  6.023616e-001 3.501495e+013 3.239669e+016 3.243171e+016
d  5.943301e-001 4.280104e+013 4.417829e+016 4.422109e+016
d  5.862986e-001 5.231847e+013 5.974090e+016 5.979322e+016
d  5.782672e-001 6.395225e+013 8.011048e+016 8.017443e+016
d  5.702357e-001 7.817297e+013 1.065275e+017 1.066056e+017
d  5.622042e-001 9.555587e+013 1.404716e+017 1.405671e+017
d  5.541727e-001 1.168041e+014 1.836834e+017 1.838002e+017
d  5.461412e-001 1.427772e+014 2.381804e+017 2.383232e+017
d  5.381097e-001 1.745258e+014 3.062647e+017 3.064392e+017
d  5.300782e-001 2.133342e+014 3.905192e+017 3.907326e+017
d  5.220467e-001 2.607722e+014 4.937903e+017 4.940511e+017
d  5.140152e-001 3.187587e+014 6.191522e+017 6.194709e+017
d  5.059838e-001 3.896394e+014 7.698514e+017 7.702410e+017
d  4.979523e-001 4.762814e+014 9.492290e+017 9.497053e+017
d  4.899208e-001 5.821895e+014 1.160619e+018 1.161202e+018
d  4.818893e-001 7.116479e+014 1.407224e+018 1.407936e+018
d  4.738578e-001 8.698932e+014 1.691965e+018 1.692835e+018
d  4.658263e-001 1.063327e+015 2.017317e+018 2.018380e+018
d  4.577948e-001 1.299773e+015 2.385127e+018 2.386427e+018
d  4.497633e-001 1.588796e+015 2.796428e+018 2.798017e+018
d  4.417319e-001 1.942089e+015 3.251250e+018 3.253192e+018
d  4.337004e-001 2.373940e+015 3.748451e+018 3.750825e+018
d  4.256689e-001 2.901821e+015 4.285563e+018 4.288465e+018
d  4.176374e-001 3.547083e+015 4.858684e+018 4.862231e+018
d  4.096059e-001 4.335829e+015 5.462406e+018 5.466742e+018
d  4.015744e-001 5.299964e+015 6.089814e+018 6.095114e+018
d  3.935429e-001 6.478488e+015 6.732537e+018 6.739016e+018
d  3.855114e-001 7.919075e+015 7.380880e+018 7.388799e+018
d  3.774799e-001 9.679997e+015 8.024023e+018 8.033703e+018
d  3.694485e-001 1.183249e+016 8.650293e+018 8.662126e+018
d  3.614170e-001 1.446361e+016 9.247496e+018 9.261960e+018
d  3.533855e-001 1.767981e+016 9.803297e+018 9.820977e+018
d  3.453540e-001 2.161117e+016 1.030564e+019 1.032725e+019
d  3.373225e-001 2.641673e+016 1.074316e+019 1.076958e+019
d  3.292910e-001 3.229088e+016 1.110565e+019 1.113794e+019
d  3.212595e-001 3.947123e+016 1.138442e+019 1.142389e+019
d  3.132280e-001 4.824824e+016 1.157263e+019 1.162088e+019
d  3.051966e-001 5.897694e+016 1.166563e+019 1.172460e+019
d  2.971651e-001 7.209132e+016 1.166108e+019 1.173317e+019
d  2.891336e-001 8.812188e+016 1.155910e+019 1.164722e+019
d  2.811021e-001 1.077171e+017 1.136224e+019 1.146995e+019
d  2.730706e-001 1.316695e+017 1.107537e+019 1.120704e+019
d  2.650391e-001 1.609482e+017 1.070552e+019 1.086647e+019
d  2.570076e-001 1.967374e+017 1.026152e+019 1.045826e+019
d  2.489761e-001 2.404848e+017 9.753717e+018 9.994202e+018
d  2.409446e-001 2.939601e+017 9.193553e+018 9.487514e+018
d  2.329132e-001 3.593265e+017 8.593128e+018 8.952455e+018
d  2.248817e-001 4.392280e+017 7.964781e+018 8.404009e+018
d  2.168502e-001 5.368967e+017 7.320674e+018 7.857570e+018
d  2.088187e-001 6.562836e+017 6.672413e+018 7.328697e+018
d  2.007872e-001 8.022178e+017 6.030724e+018 6.832942e+018
d  1.927557e-001 9.806027e+017 5.405186e+018 6.385789e+018
d  1.847242e-001 1.198654e+018 4.804038e+018 6.002692e+018
d  1.766927e-001 1.465192e+018 4.234060e+018 5.699252e+018
d  1.686613e-001 1.790999e+018 3.700515e+018 5.491514e+018
d  1.606298e-001 2.189254e+018 3.207170e+018 5.396424e+018
d  1.525983e-001 2.676067e+018 2.756363e+018 5.432430e+018
d  1.445668e-001 3.271129e+018 2.349122e+018 5.620252e+018
d  1.365353e-001 3.998513e+018 1.985315e+018 5.983828e+018
d  1.285038e-001 4.887641e+018 1.663826e+018 6.551467e+018
d  1.204723e-001 5.974479e+018 1.382741e+018 7.357221e+018
d  1.124408e-001 7.302992e+018 1.139538e+018 8.442530e+018
d  1.044093e-001 8.926919e+018 9.312605e+017 9.858180e+018
d  9.637786e-002 1.091195e+019 7.546895e+017 1.166664e+019
d  8.834637e-002 1.333838e+019 6.064850e+017 1.394487e+019
d  8.031488e-002 1.630437e+019 4.833108e+017 1.678768e+019
d  7.228339e-002 1.992988e+019 3.819333e+017 2.031181e+019
d  6.425191e-002 2.436158e+019 2.992976e+017 2.466088e+019
d  5.622042e-002 2.977874e+019 2.325807e+017 3.001132e+019
d  4.818893e-002 3.640047e+019 1.792251e+017 3.657970e+019
d  4.015744e-002 4.449465e+019 1.369552e+017 4.463161e+019
d  3.212595e-002 5.438869e+019 1.037798e+017 5.449247e+019
d  2.409446e-002 6.648281e+019 7.798334e+016 6.656079e+019
d  1.606298e-002 8.126623e+019 5.810928e+016 8.132434e+019
d  8.031488e-003 9.933697e+019 4.293820e+016 9.937991e+019
d  4.440892e-016 1.214260e+020 3.146276e+016 1.214575e+020
