Probe avg_n vs gate bias
76 2 2
gate bias
Probe avg_n
-3 5.43757e+012
-2.8 5.43914e+012
-2.6 5.44183e+012
-2.4 5.44647e+012
-2.2 5.45445e+012
-2 5.4682e+012
-1.8 5.49193e+012
-1.6 5.53306e+012
-1.4 5.60475e+012
-1.2 5.73091e+012
-1 5.9567e+012
-0.95 6.03772e+012
-0.9 6.13228e+012
-0.85 6.24294e+012
-0.8 6.37288e+012
-0.75 6.52603e+012
-0.7 6.70729e+012
-0.65 6.9229e+012
-0.6 7.18084e+012
-0.55 7.49178e+012
-0.5 7.87213e+012
-0.45 8.35965e+012
-0.4 9.107e+012
-0.35 1.09522e+013
-0.3 1.87165e+013
-0.25 5.7884e+013
-0.2 2.35536e+014
-0.15 8.42859e+014
-0.1 2.32207e+015
-0.05 5.0719e+015
-4.24783e-016 9.39179e+015
0.05 1.55644e+016
0.1 2.39267e+016
0.15 3.48967e+016
0.2 4.89734e+016
0.25 6.6717e+016
0.3 8.87104e+016
0.35 1.15496e+017
0.4 1.47498e+017
0.45 1.84949e+017
0.5 2.27869e+017
0.55 2.76102e+017
0.6 3.29386e+017
0.65 3.87417e+017
0.7 4.49885e+017
0.75 5.16497e+017
0.8 5.87006e+017
0.85 6.61227e+017
0.9 7.39038e+017
0.95 8.20383e+017
1 9.05252e+017
1.05 9.93656e+017
1.1 1.0856e+018
1.15 1.18106e+018
1.2 1.27994e+018
1.25 1.38212e+018
1.3 1.4874e+018
1.35 1.59558e+018
1.4 1.70642e+018
1.45 1.8197e+018
1.5 1.93521e+018
1.6 2.17207e+018
1.7 2.41556e+018
1.8 2.66448e+018
1.9 2.9179e+018
2 3.17503e+018
2.1 3.43526e+018
2.2 3.6981e+018
2.3 3.96314e+018
2.4 4.23006e+018
2.5 4.49857e+018
2.6 4.76844e+018
2.7 5.0395e+018
2.8 5.31157e+018
2.9 5.58452e+018
3 5.85823e+018
