Conduction Band Energy vs Depth
108 2 2
Depth
Conduction Band Energy
0 3.51445
0.0200769 3.51445
0.0346253 3.51445
0.0451677 3.51445
0.0528071 3.51445
0.0583429 3.51445
0.0623543 3.51445
0.0652611 3.51445
0.0673675 3.51445
0.0688939 3.51445
0.07 0.140506
0.07 0.140506
0.0709987 0.140486
0.0719247 0.140431
0.0727833 0.140348
0.0735795 0.140243
0.0743178 0.140121
0.0750024 0.139986
0.0756372 0.13984
0.0762258 0.139687
0.0767715 0.139529
0.0772776 0.139368
0.0777469 0.139206
0.078182 0.139044
0.0785855 0.138883
0.0789596 0.138725
0.0793065 0.13857
0.0796282 0.138419
0.0799264 0.138272
0.080203 0.13813
0.0804595 0.137993
0.0806973 0.137862
0.0809178 0.137737
0.0811222 0.137616
0.0813118 0.137502
0.0814876 0.137393
0.0816506 0.13729
0.0818017 0.137192
0.0819419 0.1371
0.0820719 0.137012
0.0821924 0.13693
0.0823041 0.136852
0.0824077 0.136779
0.0825038 0.13671
0.0825929 0.136646
0.0826755 0.136585
0.0827521 0.136529
0.0828231 0.136476
0.0828889 0.136426
0.08295 0.13638
0.08295 0.13638
0.0830125 0.136313
0.083075 0.136228
0.0831375 0.136125
0.0832 0.136002
0.0832 0.136002
0.0832595 3.51188
0.0833253 3.51403
0.0833982 3.5164
0.0834789 3.51903
0.0835683 3.52195
0.0836672 3.52517
0.0837767 3.52874
0.083898 3.53269
0.0840323 3.53707
0.0841809 3.54192
0.0843455 3.54728
0.0845277 3.55322
0.0847294 3.5598
0.0849527 3.56708
0.0852 4.47514
0.0852 4.47514
0.0854427 4.47877
0.0856984 4.48261
0.0859678 4.48665
0.0862516 4.4909
0.0865506 4.49538
0.0868656 4.50011
0.0871976 4.50508
0.0875473 4.51032
0.0879157 4.51585
0.0883039 4.52167
0.0887128 4.5278
0.0891437 4.53426
0.0895977 4.54106
0.0900759 4.54823
0.0905798 4.55578
0.0911107 4.56374
0.0916701 4.57213
0.0922594 4.58096
0.0928802 4.59027
0.0935344 4.60008
0.0942235 4.61041
0.0949496 4.62129
0.0957146 4.63276
0.0965206 4.64484
0.0973697 4.65757
0.0982644 4.67098
0.0992069 4.68511
0.1002 4.7
0.1002 0
0.101255 0
0.102979 0
0.105793 0
0.110391 0
0.117901 0
0.130166 0
0.1502 0
