Conduction Band Energy vs Depth
108 2 2
Depth
Conduction Band Energy
0 3.14632
0.0200769 3.14632
0.0346253 3.14632
0.0451677 3.14632
0.0528071 3.14632
0.0583429 3.14632
0.0623543 3.14633
0.0652611 3.14633
0.0673675 3.14633
0.0688939 3.14633
0.07 -0.227615
0.07 -0.227615
0.0709987 -0.22824
0.0719247 -0.229961
0.0727833 -0.232594
0.0735795 -0.236004
0.0743178 -0.24009
0.0750024 -0.244775
0.0756372 -0.25
0.0762258 -0.255718
0.0767715 -0.261893
0.0772776 -0.268495
0.0777469 -0.275502
0.078182 -0.282894
0.0785855 -0.290657
0.0789596 -0.298779
0.0793065 -0.307249
0.0796282 -0.316062
0.0799264 -0.325209
0.080203 -0.334688
0.0804595 -0.344495
0.0806973 -0.354628
0.0809178 -0.365083
0.0811222 -0.375855
0.0813118 -0.386934
0.0814876 -0.398306
0.0816506 -0.409952
0.0818017 -0.421845
0.0819419 -0.433953
0.0820719 -0.446239
0.0821924 -0.458663
0.0823041 -0.471181
0.0824077 -0.483745
0.0825038 -0.496309
0.0825929 -0.508824
0.0826755 -0.521247
0.0827521 -0.53353
0.0828231 -0.545635
0.0828889 -0.55752
0.08295 -0.569153
0.08295 -0.569153
0.0830125 -0.58173
0.083075 -0.595032
0.0831375 -0.609111
0.0832 -0.624023
0.0832 -0.624023
0.0832595 2.73688
0.0833253 2.72246
0.0833982 2.70648
0.0834789 2.6888
0.0835683 2.66921
0.0836672 2.64754
0.0837767 2.62353
0.083898 2.59696
0.0840323 2.56754
0.0841809 2.53497
0.0843455 2.49891
0.0845277 2.45898
0.0847294 2.41477
0.0849527 2.36583
0.0852 3.21165
0.0852 3.21165
0.0854427 3.18719
0.0856984 3.16143
0.0859678 3.13428
0.0862516 3.10568
0.0865506 3.07554
0.0868656 3.04379
0.0871976 3.01034
0.0875473 2.9751
0.0879157 2.93797
0.0883039 2.89885
0.0887128 2.85764
0.0891437 2.81422
0.0895977 2.76847
0.0900759 2.72027
0.0905798 2.66949
0.0911107 2.61599
0.0916701 2.55962
0.0922594 2.50023
0.0928802 2.43766
0.0935344 2.37174
0.0942235 2.30229
0.0949496 2.22911
0.0957146 2.15202
0.0965206 2.0708
0.0973697 1.98522
0.0982644 1.89507
0.0992069 1.80008
0.1002 1.7
0.1002 0
0.101255 0
0.102979 0
0.105793 0
0.110391 0
0.117901 0
0.130166 0
0.1502 0
