Conduction Band Energy vs Depth
108 2 2
Depth
Conduction Band Energy
0 3.44812
0.0200769 3.44812
0.0346253 3.44812
0.0451677 3.44812
0.0528071 3.44812
0.0583429 3.44812
0.0623543 3.44812
0.0652611 3.44812
0.0673675 3.44812
0.0688939 3.44812
0.07 0.0741796
0.07 0.0741796
0.0709987 0.0741071
0.0719247 0.0739093
0.0727833 0.0736109
0.0735795 0.0732322
0.0743178 0.0727897
0.0750024 0.0722971
0.0756372 0.071766
0.0762258 0.0712064
0.0767715 0.0706266
0.0772776 0.0700339
0.0777469 0.0694345
0.078182 0.0688337
0.0785855 0.068236
0.0789596 0.0676452
0.0793065 0.0670645
0.0796282 0.0664966
0.0799264 0.0659436
0.080203 0.0654073
0.0804595 0.0648891
0.0806973 0.0643898
0.0809178 0.0639103
0.0811222 0.063451
0.0813118 0.0630122
0.0814876 0.0625938
0.0816506 0.0621957
0.0818017 0.0618176
0.0819419 0.0614593
0.0820719 0.0611201
0.0821924 0.0607996
0.0823041 0.0604972
0.0824077 0.0602121
0.0825038 0.0599438
0.0825929 0.0596915
0.0826755 0.0594545
0.0827521 0.059232
0.0828231 0.0590234
0.0828889 0.058828
0.08295 0.0586451
0.08295 0.0586451
0.0830125 0.0584375
0.083075 0.0582094
0.0831375 0.0579606
0.0832 0.0576913
0.0832 0.0576913
0.0832595 3.43342
0.0833253 3.43541
0.0833982 3.43761
0.0834789 3.44004
0.0835683 3.44274
0.0836672 3.44572
0.0837767 3.44903
0.083898 3.45268
0.0840323 3.45673
0.0841809 3.46121
0.0843455 3.46618
0.0845277 3.47167
0.0847294 3.47776
0.0849527 3.48449
0.0852 4.39195
0.0852 4.39195
0.0854427 4.39532
0.0856984 4.39886
0.0859678 4.4026
0.0862516 4.40654
0.0865506 4.41068
0.0868656 4.41505
0.0871976 4.41966
0.0875473 4.42451
0.0879157 4.42962
0.0883039 4.435
0.0887128 4.44067
0.0891437 4.44665
0.0895977 4.45295
0.0900759 4.45958
0.0905798 4.46657
0.0911107 4.47393
0.0916701 4.48169
0.0922594 4.48986
0.0928802 4.49848
0.0935344 4.50755
0.0942235 4.51711
0.0949496 4.52718
0.0957146 4.53779
0.0965206 4.54897
0.0973697 4.56074
0.0982644 4.57315
0.0992069 4.58623
0.1002 4.6
0.1002 0
0.101255 0
0.102979 0
0.105793 0
0.110391 0
0.117901 0
0.130166 0
0.1502 0
