Probe chan_n vs gate bias
76 2 2
gate bias
Probe chan_n
-3 7.87615e-032
-2.8 2.40006e-029
-2.6 5.46466e-026
-2.4 1.24805e-022
-2.2 2.30364e-019
-2 4.13131e-016
-1.8 9.43939e-013
-1.6 2.13121e-009
-1.4 3.93883e-006
-1.2 0.00901791
-1 20.6343
-0.95 142.718
-0.9 986.765
-0.85 6815.66
-0.8 46962.6
-0.75 322092
-0.7 2.19353e+006
-0.65 1.48178e+007
-0.6 9.94598e+007
-0.55 6.66173e+008
-0.5 4.4708e+009
-0.45 3.00513e+010
-0.4 2.00571e+011
-0.35 1.30687e+012
-0.3 8.12582e+012
-0.25 4.65321e+013
-0.2 2.28447e+014
-0.15 8.71401e+014
-0.1 2.47592e+015
-0.05 5.46351e+015
-4.24783e-016 1.0005e+016
0.05 1.60378e+016
0.1 2.33421e+016
0.15 3.16189e+016
0.2 4.05536e+016
0.25 4.98603e+016
0.3 5.9303e+016
0.35 6.86992e+016
0.4 7.79125e+016
0.45 8.68448e+016
0.5 9.54313e+016
0.55 1.03638e+017
0.6 1.11459e+017
0.65 1.18907e+017
0.7 1.26007e+017
0.75 1.3279e+017
0.8 1.39289e+017
0.85 1.45538e+017
0.9 1.51569e+017
0.95 1.57412e+017
1 1.63096e+017
1.05 1.68645e+017
1.1 1.7408e+017
1.15 1.79417e+017
1.2 1.84669e+017
1.25 1.89844e+017
1.3 1.94948e+017
1.35 1.99984e+017
1.4 2.04954e+017
1.45 2.09858e+017
1.5 2.14698e+017
1.6 2.24188e+017
1.7 2.33427e+017
1.8 2.42425e+017
1.9 2.51191e+017
2 2.59735e+017
2.1 2.68068e+017
2.2 2.76203e+017
2.3 2.84148e+017
2.4 2.91916e+017
2.5 2.99515e+017
2.6 3.06955e+017
2.7 3.14245e+017
2.8 3.21392e+017
2.9 3.28404e+017
3 3.35288e+017
