drain current vs gate bias
76 2 2
gate bias
drain current
-3 -7.7757e-021
-2.8 -2.75612e-020
-2.6 1.9706e-019
-2.4 1.87858e-019
-2.2 1.90582e-019
-2 4.0865e-021
-1.8 6.9864e-019
-1.6 2.52576e-019
-1.4 9.68652e-020
-1.2 -3.27162e-019
-1 -9.70105e-019
-0.95 -8.12214e-019
-0.9 1.04615e-018
-0.85 6.01101e-019
-0.8 -1.12979e-019
-0.75 -1.9291e-018
-0.7 7.527e-019
-0.65 7.96517e-019
-0.6 5.48127e-018
-0.55 2.2957e-017
-0.5 1.44013e-016
-0.45 9.5282e-016
-0.4 6.37748e-015
-0.35 4.1931e-014
-0.3 2.65909e-013
-0.25 1.57774e-012
-0.2 8.27811e-012
-0.15 3.5449e-011
-0.1 1.18325e-010
-0.05 3.14301e-010
-4.24783e-016 6.99351e-010
0.05 1.36764e-009
0.1 2.43591e-009
0.15 4.05025e-009
0.2 6.3932e-009
0.25 9.68974e-009
0.3 1.42102e-008
0.35 2.02671e-008
0.4 2.82053e-008
0.45 3.8383e-008
0.5 5.11501e-008
0.55 6.68253e-008
0.6 8.5678e-008
0.65 1.0792e-007
0.7 1.33708e-007
0.75 1.63147e-007
0.8 1.9629e-007
0.85 2.33139e-007
0.9 2.73636e-007
0.95 3.17668e-007
1 3.6506e-007
1.05 4.15583e-007
1.1 4.68968e-007
1.15 5.2492e-007
1.2 5.83145e-007
1.25 6.43362e-007
1.3 7.05317e-007
1.35 7.68788e-007
1.4 8.33583e-007
1.45 8.99542e-007
1.5 9.66525e-007
1.6 1.10312e-006
1.7 1.24263e-006
1.8 1.38452e-006
1.9 1.52838e-006
2 1.6739e-006
2.1 1.82084e-006
2.2 1.96901e-006
2.3 2.11825e-006
2.4 2.26844e-006
2.5 2.41947e-006
2.6 2.57125e-006
2.7 2.7237e-006
2.8 2.87677e-006
2.9 3.0304e-006
3 3.18453e-006
