Electron Conc vs Depth
108 2 2
Depth
Electron Conc
0 0
0.0200769 0
0.0346253 0
0.0451677 0
0.0528071 0
0.0583429 0
0.0623543 0
0.0652611 0
0.0673675 0
0.0688939 0
0.07 0
0.07 1.57463e+016
0.0709987 1.57585e+016
0.0719247 1.5792e+016
0.0727833 1.58424e+016
0.0735795 1.59066e+016
0.0743178 1.59818e+016
0.0750024 1.60656e+016
0.0756372 1.61563e+016
0.0762258 1.6252e+016
0.0767715 1.63515e+016
0.0772776 1.64535e+016
0.0777469 1.65569e+016
0.078182 1.66609e+016
0.0785855 1.67646e+016
0.0789596 1.68675e+016
0.0793065 1.69688e+016
0.0796282 1.70681e+016
0.0799264 1.71651e+016
0.080203 1.72593e+016
0.0804595 1.73506e+016
0.0806973 1.74388e+016
0.0809178 1.75236e+016
0.0811222 1.7605e+016
0.0813118 1.7683e+016
0.0814876 1.77574e+016
0.0816506 1.78284e+016
0.0818017 1.78959e+016
0.0819419 1.796e+016
0.0820719 1.80207e+016
0.0821924 1.80781e+016
0.0823041 1.81324e+016
0.0824077 1.81836e+016
0.0825038 1.82319e+016
0.0825929 1.82773e+016
0.0826755 1.83201e+016
0.0827521 1.83602e+016
0.0828231 1.83979e+016
0.0828889 1.84332e+016
0.08295 1.84663e+016
0.08295 1.84663e+016
0.0830125 1.85135e+016
0.083075 1.85744e+016
0.0831375 1.8649e+016
0.0832 1.87377e+016
0.0832 0
0.0832595 0
0.0833253 0
0.0833982 0
0.0834789 0
0.0835683 0
0.0836672 0
0.0837767 0
0.083898 0
0.0840323 0
0.0841809 0
0.0843455 0
0.0845277 0
0.0847294 0
0.0849527 0
0.0852 0
0.0852 0
0.0854427 0
0.0856984 0
0.0859678 0
0.0862516 0
0.0865506 0
0.0868656 0
0.0871976 0
0.0875473 0
0.0879157 0
0.0883039 0
0.0887128 0
0.0891437 0
0.0895977 0
0.0900759 0
0.0905798 0
0.0911107 0
0.0916701 0
0.0922594 0
0.0928802 0
0.0935344 0
0.0942235 0
0.0949496 0
0.0957146 0
0.0965206 0
0.0973697 0
0.0982644 0
0.0992069 0
0.1002 0
0.1002 0
0.101255 0
0.102979 0
0.105793 0
0.110391 0
0.117901 0
0.130166 0
0.1502 0
