Electron Conc vs Depth
108 2 2
Depth
Electron Conc
0 0
0.0200769 0
0.0346253 0
0.0451677 0
0.0528071 0
0.0583429 0
0.0623543 0
0.0652611 0
0.0673675 0
0.0688939 0
0.07 0
0.07 9.82418e+016
0.0709987 1.00624e+017
0.0719247 1.07479e+017
0.0727833 1.18868e+017
0.0735795 1.35409e+017
0.0743178 1.58242e+017
0.0750024 1.89114e+017
0.0756372 2.30539e+017
0.0762258 2.86058e+017
0.0767715 3.60601e+017
0.0772776 4.60987e+017
0.0777469 5.96565e+017
0.078182 7.79997e+017
0.0785855 1.02812e+018
0.0789596 1.36271e+018
0.0793065 1.81094e+018
0.0796282 2.40501e+018
0.0799264 3.18079e+018
0.080203 4.17533e+018
0.0804595 5.42365e+018
0.0806973 6.95581e+018
0.0809178 8.79484e+018
0.0811222 1.09561e+019
0.0813118 1.34476e+019
0.0814876 1.62711e+019
0.0816506 1.94227e+019
0.0818017 2.28943e+019
0.0819419 2.66735e+019
0.0820719 3.07446e+019
0.0821924 3.50886e+019
0.0823041 3.96835e+019
0.0824077 4.45047e+019
0.0825038 4.95255e+019
0.0825929 5.47175e+019
0.0826755 6.00511e+019
0.0827521 6.5496e+019
0.0828231 7.10217e+019
0.0828889 7.65983e+019
0.08295 8.21964e+019
0.08295 8.21964e+019
0.0830125 8.8401e+019
0.083075 9.5131e+019
0.0831375 1.02437e+020
0.0832 1.10374e+020
0.0832 0
0.0832595 0
0.0833253 0
0.0833982 0
0.0834789 0
0.0835683 0
0.0836672 0
0.0837767 0
0.083898 0
0.0840323 0
0.0841809 0
0.0843455 0
0.0845277 0
0.0847294 0
0.0849527 0
0.0852 0
0.0852 0
0.0854427 0
0.0856984 0
0.0859678 0
0.0862516 0
0.0865506 0
0.0868656 0
0.0871976 0
0.0875473 0
0.0879157 0
0.0883039 0
0.0887128 0
0.0891437 0
0.0895977 0
0.0900759 0
0.0905798 0
0.0911107 0
0.0916701 0
0.0922594 0
0.0928802 0
0.0935344 0
0.0942235 0
0.0949496 0
0.0957146 0
0.0965206 0
0.0973697 0
0.0982644 0
0.0992069 0
0.1002 0
0.1002 0
0.101255 0
0.102979 0
0.105793 0
0.110391 0
0.117901 0
0.130166 0
0.1502 0
