Valence Band Energy vs Depth
108 2 2
Depth
Valence Band Energy
0 -5.48555
0.0200769 -5.48555
0.0346253 -5.48555
0.0451677 -5.48555
0.0528071 -5.48555
0.0583429 -5.48555
0.0623543 -5.48555
0.0652611 -5.48555
0.0673675 -5.48555
0.0688939 -5.48555
0.07 -2.93555
0.07 -2.93555
0.0709987 -2.93557
0.0719247 -2.93563
0.0727833 -2.93571
0.0735795 -2.93582
0.0743178 -2.93594
0.0750024 -2.93607
0.0756372 -2.93622
0.0762258 -2.93637
0.0767715 -2.93653
0.0772776 -2.93669
0.0777469 -2.93685
0.078182 -2.93702
0.0785855 -2.93718
0.0789596 -2.93734
0.0793065 -2.93749
0.0796282 -2.93764
0.0799264 -2.93779
0.080203 -2.93793
0.0804595 -2.93807
0.0806973 -2.9382
0.0809178 -2.93832
0.0811222 -2.93844
0.0813118 -2.93856
0.0814876 -2.93867
0.0816506 -2.93877
0.0818017 -2.93887
0.0819419 -2.93896
0.0820719 -2.93905
0.0821924 -2.93913
0.0823041 -2.93921
0.0824077 -2.93928
0.0825038 -2.93935
0.0825929 -2.93941
0.0826755 -2.93947
0.0827521 -2.93953
0.0828231 -2.93958
0.0828889 -2.93963
0.08295 -2.93968
0.08295 -2.93968
0.0830125 -2.93975
0.083075 -2.93983
0.0831375 -2.93994
0.0832 -2.94006
0.0832 -2.94006
0.0832595 -5.48812
0.0833253 -5.48597
0.0833982 -5.4836
0.0834789 -5.48097
0.0835683 -5.47805
0.0836672 -5.47483
0.0837767 -5.47126
0.083898 -5.46731
0.0840323 -5.46293
0.0841809 -5.45808
0.0843455 -5.45272
0.0845277 -5.44678
0.0847294 -5.4402
0.0849527 -5.43292
0.0852 -1.22486
0.0852 -1.22486
0.0854427 -1.22123
0.0856984 -1.21739
0.0859678 -1.21335
0.0862516 -1.2091
0.0865506 -1.20462
0.0868656 -1.19989
0.0871976 -1.19492
0.0875473 -1.18968
0.0879157 -1.18415
0.0883039 -1.17833
0.0887128 -1.1722
0.0891437 -1.16574
0.0895977 -1.15894
0.0900759 -1.15177
0.0905798 -1.14422
0.0911107 -1.13626
0.0916701 -1.12787
0.0922594 -1.11904
0.0928802 -1.10973
0.0935344 -1.09992
0.0942235 -1.08959
0.0949496 -1.07871
0.0957146 -1.06724
0.0965206 -1.05516
0.0973697 -1.04243
0.0982644 -1.02902
0.0992069 -1.01489
0.1002 -1
0.1002 0
0.101255 0
0.102979 0
0.105793 0
0.110391 0
0.117901 0
0.130166 0
0.1502 0
