Valence Band Energy vs Depth
108 2 2
Depth
Valence Band Energy
0 -5.85368
0.0200769 -5.85368
0.0346253 -5.85368
0.0451677 -5.85368
0.0528071 -5.85368
0.0583429 -5.85368
0.0623543 -5.85367
0.0652611 -5.85367
0.0673675 -5.85367
0.0688939 -5.85367
0.07 -3.30367
0.07 -3.30367
0.0709987 -3.3043
0.0719247 -3.30602
0.0727833 -3.30865
0.0735795 -3.31206
0.0743178 -3.31615
0.0750024 -3.32083
0.0756372 -3.32606
0.0762258 -3.33178
0.0767715 -3.33795
0.0772776 -3.34456
0.0777469 -3.35156
0.078182 -3.35895
0.0785855 -3.36672
0.0789596 -3.37484
0.0793065 -3.38331
0.0796282 -3.39212
0.0799264 -3.40127
0.080203 -3.41075
0.0804595 -3.42055
0.0806973 -3.43069
0.0809178 -3.44114
0.0811222 -3.45191
0.0813118 -3.46299
0.0814876 -3.47437
0.0816506 -3.48601
0.0818017 -3.4979
0.0819419 -3.51001
0.0820719 -3.5223
0.0821924 -3.53472
0.0823041 -3.54724
0.0824077 -3.5598
0.0825038 -3.57237
0.0825929 -3.58488
0.0826755 -3.59731
0.0827521 -3.60959
0.0828231 -3.62169
0.0828889 -3.63358
0.08295 -3.64521
0.08295 -3.64521
0.0830125 -3.65779
0.083075 -3.67109
0.0831375 -3.68517
0.0832 -3.70008
0.0832 -3.70008
0.0832595 -6.26312
0.0833253 -6.27754
0.0833982 -6.29352
0.0834789 -6.3112
0.0835683 -6.33079
0.0836672 -6.35246
0.0837767 -6.37647
0.083898 -6.40304
0.0840323 -6.43246
0.0841809 -6.46503
0.0843455 -6.50109
0.0845277 -6.54102
0.0847294 -6.58523
0.0849527 -6.63417
0.0852 -2.48835
0.0852 -2.48835
0.0854427 -2.51281
0.0856984 -2.53857
0.0859678 -2.56572
0.0862516 -2.59432
0.0865506 -2.62446
0.0868656 -2.65621
0.0871976 -2.68966
0.0875473 -2.7249
0.0879157 -2.76203
0.0883039 -2.80115
0.0887128 -2.84236
0.0891437 -2.88578
0.0895977 -2.93153
0.0900759 -2.97973
0.0905798 -3.03051
0.0911107 -3.08401
0.0916701 -3.14038
0.0922594 -3.19977
0.0928802 -3.26234
0.0935344 -3.32826
0.0942235 -3.39771
0.0949496 -3.47089
0.0957146 -3.54798
0.0965206 -3.6292
0.0973697 -3.71478
0.0982644 -3.80493
0.0992069 -3.89992
0.1002 -4
0.1002 0
0.101255 0
0.102979 0
0.105793 0
0.110391 0
0.117901 0
0.130166 0
0.1502 0
