Valence Band Energy vs Depth
108 2 2
Depth
Valence Band Energy
0 -5.55188
0.0200769 -5.55188
0.0346253 -5.55188
0.0451677 -5.55188
0.0528071 -5.55188
0.0583429 -5.55188
0.0623543 -5.55188
0.0652611 -5.55188
0.0673675 -5.55188
0.0688939 -5.55188
0.07 -3.00188
0.07 -3.00188
0.0709987 -3.00195
0.0719247 -3.00215
0.0727833 -3.00245
0.0735795 -3.00283
0.0743178 -3.00327
0.0750024 -3.00376
0.0756372 -3.00429
0.0762258 -3.00485
0.0767715 -3.00543
0.0772776 -3.00603
0.0777469 -3.00663
0.078182 -3.00723
0.0785855 -3.00782
0.0789596 -3.00841
0.0793065 -3.009
0.0796282 -3.00956
0.0799264 -3.01012
0.080203 -3.01065
0.0804595 -3.01117
0.0806973 -3.01167
0.0809178 -3.01215
0.0811222 -3.01261
0.0813118 -3.01305
0.0814876 -3.01347
0.0816506 -3.01386
0.0818017 -3.01424
0.0819419 -3.0146
0.0820719 -3.01494
0.0821924 -3.01526
0.0823041 -3.01556
0.0824077 -3.01585
0.0825038 -3.01612
0.0825929 -3.01637
0.0826755 -3.01661
0.0827521 -3.01683
0.0828231 -3.01704
0.0828889 -3.01723
0.08295 -3.01741
0.08295 -3.01741
0.0830125 -3.01762
0.083075 -3.01785
0.0831375 -3.0181
0.0832 -3.01837
0.0832 -3.01837
0.0832595 -5.56658
0.0833253 -5.56459
0.0833982 -5.56239
0.0834789 -5.55996
0.0835683 -5.55726
0.0836672 -5.55428
0.0837767 -5.55097
0.083898 -5.54732
0.0840323 -5.54327
0.0841809 -5.53879
0.0843455 -5.53382
0.0845277 -5.52833
0.0847294 -5.52224
0.0849527 -5.51551
0.0852 -1.30805
0.0852 -1.30805
0.0854427 -1.30468
0.0856984 -1.30114
0.0859678 -1.2974
0.0862516 -1.29346
0.0865506 -1.28932
0.0868656 -1.28495
0.0871976 -1.28034
0.0875473 -1.27549
0.0879157 -1.27038
0.0883039 -1.265
0.0887128 -1.25933
0.0891437 -1.25335
0.0895977 -1.24705
0.0900759 -1.24042
0.0905798 -1.23343
0.0911107 -1.22607
0.0916701 -1.21831
0.0922594 -1.21014
0.0928802 -1.20152
0.0935344 -1.19245
0.0942235 -1.18289
0.0949496 -1.17282
0.0957146 -1.16221
0.0965206 -1.15103
0.0973697 -1.13926
0.0982644 -1.12685
0.0992069 -1.11377
0.1002 -1.1
0.1002 0
0.101255 0
0.102979 0
0.105793 0
0.110391 0
0.117901 0
0.130166 0
0.1502 0
