Probe bulk_ionized_acceptors vs gate bias
121 2 2
gate bias
Probe bulk_ionized_acceptors
-3 1.48486e+012
-2.95 1.5207e+012
-2.9 1.55889e+012
-2.85 1.59903e+012
-2.8 1.64088e+012
-2.75 1.68446e+012
-2.7 1.72988e+012
-2.65 1.77717e+012
-2.6 1.82637e+012
-2.55 1.87756e+012
-2.5 1.93085e+012
-2.45 1.98638e+012
-2.4 2.04428e+012
-2.35 2.10469e+012
-2.3 2.16779e+012
-2.25 2.23373e+012
-2.2 2.30271e+012
-2.15 2.37494e+012
-2.1 2.45064e+012
-2.05 2.53004e+012
-2 2.61342e+012
-1.95 2.70106e+012
-1.9 2.79329e+012
-1.85 2.89044e+012
-1.8 2.99289e+012
-1.75 3.10108e+012
-1.7 3.21545e+012
-1.65 3.33652e+012
-1.6 3.46486e+012
-1.55 3.6011e+012
-1.5 3.74593e+012
-1.45 3.90015e+012
-1.4 4.06463e+012
-1.35 4.24035e+012
-1.3 4.42845e+012
-1.25 4.6302e+012
-1.2 4.84705e+012
-1.15 5.08067e+012
-1.1 5.33299e+012
-1.05 5.60626e+012
-1 5.90311e+012
-0.95 6.22664e+012
-0.9 6.58056e+012
-0.85 6.96929e+012
-0.8 7.39822e+012
-0.75 7.87398e+012
-0.7 8.4048e+012
-0.65 9.0013e+012
-0.6 9.67805e+012
-0.55 1.04583e+013
-0.5 1.13915e+013
-0.45 1.26208e+013
-0.4 1.46606e+013
-0.35 1.95369e+013
-0.3 3.54853e+013
-0.25 9.61752e+013
-0.2 3.37849e+014
-0.15 1.29064e+015
-0.1 4.77298e+015
-0.05 1.51275e+016
0 3.68509e+016
0.05 6.94285e+016
0.1 1.09367e+017
0.15 1.53969e+017
0.2 2.018e+017
0.25 2.52121e+017
0.3 3.04443e+017
0.35 3.58274e+017
0.4 4.12995e+017
0.45 4.67844e+017
0.5 5.21958e+017
0.55 5.74488e+017
0.6 6.24744e+017
0.65 6.7234e+017
0.7 7.17234e+017
0.75 7.59551e+017
0.8 7.9937e+017
0.85 8.3669e+017
0.9 8.71499e+017
0.95 9.03814e+017
1 9.3369e+017
1.05 9.61212e+017
1.1 9.86487e+017
1.15 1.00964e+018
1.2 1.03082e+018
1.25 1.05019e+018
1.3 1.06791e+018
1.35 1.08415e+018
1.4 1.09906e+018
1.45 1.1128e+018
1.5 1.1255e+018
1.55 1.13728e+018
1.6 1.14824e+018
1.65 1.15848e+018
1.7 1.16806e+018
1.75 1.17707e+018
1.8 1.18555e+018
1.85 1.19356e+018
1.9 1.20114e+018
1.95 1.20834e+018
2 1.21518e+018
2.05 1.2217e+018
2.1 1.22792e+018
2.15 1.23386e+018
2.2 1.23955e+018
2.25 1.24501e+018
2.3 1.25025e+018
2.35 1.25529e+018
2.4 1.26015e+018
2.45 1.26483e+018
2.5 1.26934e+018
2.55 1.2737e+018
2.6 1.27791e+018
2.65 1.28199e+018
2.7 1.28595e+018
2.75 1.28978e+018
2.8 1.2935e+018
2.85 1.2971e+018
2.9 1.30061e+018
2.95 1.30402e+018
3 1.30734e+018
