Probe bulk_free_electrons vs gate bias
121 2 2
gate bias
Probe bulk_free_electrons
-3 3.6709e+011
-2.95 3.70951e+011
-2.9 3.75073e+011
-2.85 3.79416e+011
-2.8 3.83951e+011
-2.75 3.88683e+011
-2.7 3.93625e+011
-2.65 3.98779e+011
-2.6 4.04149e+011
-2.55 4.09745e+011
-2.5 4.15581e+011
-2.45 4.21671e+011
-2.4 4.2803e+011
-2.35 4.34675e+011
-2.3 4.41625e+011
-2.25 4.48899e+011
-2.2 4.56519e+011
-2.15 4.6451e+011
-2.1 4.72897e+011
-2.05 4.81708e+011
-2 4.90975e+011
-1.95 5.00733e+011
-1.9 5.11019e+011
-1.85 5.21875e+011
-1.8 5.33349e+011
-1.75 5.45491e+011
-1.7 5.58359e+011
-1.65 5.72018e+011
-1.6 5.86538e+011
-1.55 6.01999e+011
-1.5 6.18493e+011
-1.45 6.36119e+011
-1.4 6.54994e+011
-1.35 6.75245e+011
-1.3 6.97022e+011
-1.25 7.20493e+011
-1.2 7.45851e+011
-1.15 7.73318e+011
-1.1 8.03152e+011
-1.05 8.35653e+011
-1 8.71171e+011
-0.95 9.10122e+011
-0.9 9.52998e+011
-0.85 1.00039e+012
-0.8 1.05301e+012
-0.75 1.11174e+012
-0.7 1.17767e+012
-0.65 1.25216e+012
-0.6 1.33697e+012
-0.55 1.43437e+012
-0.5 1.54741e+012
-0.45 1.68042e+012
-0.4 1.84097e+012
-0.35 2.05067e+012
-0.3 2.41561e+012
-0.25 3.60434e+012
-0.2 1.0096e+013
-0.15 5.14936e+013
-0.1 3.03895e+014
-0.05 1.52525e+015
0 5.4065e+015
0.05 1.34446e+016
0.1 2.59697e+016
0.15 4.27049e+016
0.2 6.33608e+016
0.25 8.78452e+016
0.3 1.16305e+017
0.35 1.49113e+017
0.4 1.86814e+017
0.45 2.3005e+017
0.5 2.79448e+017
0.55 3.35522e+017
0.6 3.98601e+017
0.65 4.6885e+017
0.7 5.46346e+017
0.75 6.31071e+017
0.8 7.22832e+017
0.85 8.21268e+017
0.9 9.25937e+017
0.95 1.03641e+018
1 1.15231e+018
1.05 1.27333e+018
1.1 1.39924e+018
1.15 1.52985e+018
1.2 1.66499e+018
1.25 1.80449e+018
1.3 1.94816e+018
1.35 2.09574e+018
1.4 2.24697e+018
1.45 2.40156e+018
1.5 2.55919e+018
1.55 2.71958e+018
1.6 2.88246e+018
1.65 3.04756e+018
1.7 3.21467e+018
1.75 3.38359e+018
1.8 3.55413e+018
1.85 3.72613e+018
1.9 3.89947e+018
1.95 4.07401e+018
2 4.24964e+018
2.05 4.42628e+018
2.1 4.60383e+018
2.15 4.78223e+018
2.2 4.96141e+018
2.25 5.1413e+018
2.3 5.32185e+018
2.35 5.50303e+018
2.4 5.68477e+018
2.45 5.86705e+018
2.5 6.04983e+018
2.55 6.23309e+018
2.6 6.41678e+018
2.65 6.60088e+018
2.7 6.78538e+018
2.75 6.97024e+018
2.8 7.15545e+018
2.85 7.34099e+018
2.9 7.52684e+018
2.95 7.713e+018
3 7.89943e+018
