Probe bulk_front_electrons vs gate bias
121 2 2
gate bias
Probe bulk_front_electrons
-3 7.53715e-033
-2.95 9.72842e-033
-2.9 1.33241e-032
-2.85 2.00498e-032
-2.8 3.55108e-032
-2.75 8.50416e-032
-2.7 3.30316e-031
-2.65 1.92851e-030
-2.6 1.24455e-029
-2.55 7.40846e-029
-2.5 4.3465e-028
-2.45 2.78157e-027
-2.4 1.87993e-026
-2.35 1.2928e-025
-2.3 8.93047e-025
-2.25 6.17581e-024
-2.2 4.27198e-023
-2.15 2.95523e-022
-2.1 2.04438e-021
-2.05 1.41427e-020
-2 9.78371e-020
-1.95 6.76824e-019
-1.9 4.68217e-018
-1.85 3.23906e-017
-1.8 2.24074e-016
-1.75 1.55011e-015
-1.7 1.07235e-014
-1.65 7.4182e-014
-1.6 5.1311e-013
-1.55 3.54624e-012
-1.5 2.43755e-011
-1.45 1.62607e-010
-1.4 1.01563e-009
-1.35 6.52273e-009
-1.3 4.44486e-008
-1.25 3.06966e-007
-1.2 2.12317e-006
-1.15 1.4687e-005
-1.1 0.000101597
-1.05 0.000702797
-1 0.00486158
-0.95 0.0336296
-0.9 0.232583
-0.85 1.6048
-0.8 11.0906
-0.75 76.7151
-0.7 530.661
-0.65 3670.71
-0.6 25391
-0.55 175633
-0.5 1.21486e+006
-0.45 8.4031e+006
-0.4 5.8122e+007
-0.35 4.01988e+008
-0.3 2.77964e+009
-0.25 1.92045e+010
-0.2 1.32241e+011
-0.15 8.98589e+011
-0.1 5.81605e+012
-0.05 3.27663e+013
0 1.44425e+014
0.05 4.9348e+014
0.1 1.39392e+015
0.15 3.45102e+015
0.2 7.76138e+015
0.25 1.61808e+016
0.3 3.16314e+016
0.35 5.837e+016
0.4 1.02081e+017
0.45 1.69633e+017
0.5 2.68393e+017
0.55 4.05186e+017
0.6 5.85216e+017
0.65 8.11423e+017
0.7 1.0845e+018
0.75 1.40318e+018
0.8 1.7645e+018
0.85 2.16433e+018
0.9 2.59818e+018
0.95 3.0618e+018
1 3.55159e+018
1.05 4.06471e+018
1.1 4.599e+018
1.15 5.15289e+018
1.2 5.72526e+018
1.25 6.3152e+018
1.3 6.92195e+018
1.35 7.54471e+018
1.4 8.1826e+018
1.45 8.83469e+018
1.5 9.49997e+018
1.55 1.01774e+019
1.6 1.0866e+019
1.65 1.15648e+019
1.7 1.22728e+019
1.75 1.29892e+019
1.8 1.37131e+019
1.85 1.44439e+019
1.9 1.5181e+019
1.95 1.59236e+019
2 1.66712e+019
2.05 1.74234e+019
2.1 1.81797e+019
2.15 1.89397e+019
2.2 1.97031e+019
2.25 2.04695e+019
2.3 2.12386e+019
2.35 2.20102e+019
2.4 2.27839e+019
2.45 2.35597e+019
2.5 2.43372e+019
2.55 2.51164e+019
2.6 2.58969e+019
2.65 2.66788e+019
2.7 2.74618e+019
2.75 2.82459e+019
2.8 2.90308e+019
2.85 2.98165e+019
2.9 3.0603e+019
2.95 3.139e+019
3 3.21776e+019
