Probe bulk_back_electrons vs gate bias
121 2 2
gate bias
Probe bulk_back_electrons
-3 1.71127e-030
-2.95 2.03363e-030
-2.9 2.55493e-030
-2.85 3.51812e-030
-2.8 5.71229e-030
-2.75 1.27051e-029
-2.7 4.72734e-029
-2.65 2.72466e-028
-2.6 1.7543e-027
-2.55 1.04389e-026
-2.5 6.12398e-026
-2.45 3.919e-025
-2.4 2.64865e-024
-2.35 1.82144e-023
-2.3 1.25822e-022
-2.25 8.70115e-022
-2.2 6.01883e-021
-2.15 4.16365e-020
-2.1 2.88034e-019
-2.05 1.99258e-018
-2 1.37844e-017
-1.95 9.53583e-017
-1.9 6.59675e-016
-1.85 4.56355e-015
-1.8 3.157e-014
-1.75 2.18397e-013
-1.7 1.51084e-012
-1.65 1.04516e-011
-1.6 7.22926e-011
-1.55 4.99632e-010
-1.5 3.43428e-009
-1.45 2.29097e-008
-1.4 1.4309e-007
-1.35 9.1896e-007
-1.3 6.26215e-006
-1.25 4.3247e-005
-1.2 0.000299124
-1.15 0.00206918
-1.1 0.0143136
-1.05 0.0990138
-1 0.684901
-0.95 4.73742
-0.9 32.7706
-0.85 226.687
-0.8 1568.08
-0.75 10846.9
-0.7 75031.5
-0.65 519011
-0.6 3.5901e+006
-0.55 2.48332e+007
-0.5 1.71772e+008
-0.45 1.18813e+009
-0.4 8.21794e+009
-0.35 5.68358e+010
-0.3 3.92955e+011
-0.25 2.71349e+012
-0.2 1.86442e+013
-0.15 1.25576e+014
-0.1 7.86117e+014
-0.05 3.99208e+015
0 1.40051e+016
0.05 3.36361e+016
0.1 6.1512e+016
0.15 9.44237e+016
0.2 1.29388e+017
0.25 1.64195e+017
0.3 1.97376e+017
0.35 2.28053e+017
0.4 2.55781e+017
0.45 2.8042e+017
0.5 3.02038e+017
0.55 3.20833e+017
0.6 3.37086e+017
0.65 3.51119e+017
0.7 3.63261e+017
0.75 3.73815e+017
0.8 3.83043e+017
0.85 3.91161e+017
0.9 3.98353e+017
0.95 4.04775e+017
1 4.10555e+017
1.05 4.15803e+017
1.1 4.20606e+017
1.15 4.25035e+017
1.2 4.29148e+017
1.25 4.32992e+017
1.3 4.36604e+017
1.35 4.40013e+017
1.4 4.43242e+017
1.45 4.46312e+017
1.5 4.49237e+017
1.55 4.52031e+017
1.6 4.54705e+017
1.65 4.57267e+017
1.7 4.59728e+017
1.75 4.62094e+017
1.8 4.64372e+017
1.85 4.66568e+017
1.9 4.68688e+017
1.95 4.70736e+017
2 4.72718e+017
2.05 4.74636e+017
2.1 4.76496e+017
2.15 4.78301e+017
2.2 4.80053e+017
2.25 4.81756e+017
2.3 4.83412e+017
2.35 4.85025e+017
2.4 4.86595e+017
2.45 4.88126e+017
2.5 4.89619e+017
2.55 4.91076e+017
2.6 4.92499e+017
2.65 4.9389e+017
2.7 4.9525e+017
2.75 4.96579e+017
2.8 4.97881e+017
2.85 4.99155e+017
2.9 5.00404e+017
2.95 5.01627e+017
3 5.02827e+017
