Probe channel_electrons vs gate bias
121 2 2
gate bias
Probe channel_electrons
-3 3.42772e-031
-2.95 4.09856e-031
-2.9 5.18349e-031
-2.85 7.1883e-031
-2.8 1.17556e-030
-2.75 2.6312e-030
-2.7 9.82714e-030
-2.65 5.67061e-029
-2.6 3.65266e-028
-2.55 2.17453e-027
-2.5 1.27615e-026
-2.45 8.16799e-026
-2.4 5.52058e-025
-2.35 3.79648e-024
-2.3 2.62255e-023
-2.25 1.81361e-022
-2.2 1.25452e-021
-2.15 8.67844e-021
-2.1 6.00359e-020
-2.05 4.15319e-019
-2 2.87312e-018
-1.95 1.98758e-017
-1.9 1.37498e-016
-1.85 9.51194e-016
-1.8 6.58023e-015
-1.75 4.55211e-014
-1.7 3.14908e-013
-1.65 2.17845e-012
-1.6 1.50682e-011
-1.55 1.0414e-010
-1.5 7.15827e-010
-1.45 4.77558e-009
-1.4 2.98337e-008
-1.35 1.91633e-007
-1.3 1.30591e-006
-1.25 9.01879e-006
-1.2 6.23796e-005
-1.15 0.000431509
-1.1 0.00298496
-1.05 0.0206481
-1 0.142735
-0.95 0.968375
-0.9 6.48539
-0.85 44.7709
-0.8 309.683
-0.75 2142.18
-0.7 14818.1
-0.65 102500
-0.6 709015
-0.55 4.90434e+006
-0.5 3.39235e+007
-0.45 2.34647e+008
-0.4 1.62298e+009
-0.35 1.12248e+010
-0.3 7.76108e+010
-0.25 5.36047e+011
-0.2 3.68651e+012
-0.15 2.4922e+013
-0.1 1.58204e+014
-0.05 8.3884e+014
0 3.23197e+015
0.05 8.94097e+015
0.1 1.93499e+016
0.15 3.54614e+016
0.2 5.78549e+016
0.25 8.65951e+016
0.3 1.21186e+017
0.35 1.60622e+017
0.4 2.03533e+017
0.45 2.48383e+017
0.5 2.93672e+017
0.55 3.38113e+017
0.6 3.80739e+017
0.65 4.20951e+017
0.7 4.58488e+017
0.75 4.93324e+017
0.8 5.25551e+017
0.85 5.55336e+017
0.9 5.82891e+017
0.95 6.08455e+017
1 6.32269e+017
1.05 6.54563e+017
1.1 6.75545e+017
1.15 6.95396e+017
1.2 7.14272e+017
1.25 7.32303e+017
1.3 7.49596e+017
1.35 7.66236e+017
1.4 7.8229e+017
1.45 7.97814e+017
1.5 8.1285e+017
1.55 8.27436e+017
1.6 8.41602e+017
1.65 8.55375e+017
1.7 8.6878e+017
1.75 8.81838e+017
1.8 8.94569e+017
1.85 9.06991e+017
1.9 9.1912e+017
1.95 9.30973e+017
2 9.42563e+017
2.05 9.53903e+017
2.1 9.65007e+017
2.15 9.75886e+017
2.2 9.8655e+017
2.25 9.97009e+017
2.3 1.00727e+018
2.35 1.01735e+018
2.4 1.02725e+018
2.45 1.03698e+018
2.5 1.04654e+018
2.55 1.05595e+018
2.6 1.06521e+018
2.65 1.07432e+018
2.7 1.0833e+018
2.75 1.09214e+018
2.8 1.10085e+018
2.85 1.10944e+018
2.9 1.11791e+018
2.95 1.12626e+018
3 1.1345e+018
