source current vs gate bias
121 2 2
gate bias
source current
-3 0
-2.95 0
-2.9 0
-2.85 0
-2.8 0
-2.75 0
-2.7 0
-2.65 0
-2.6 0
-2.55 0
-2.5 0
-2.45 0
-2.4 0
-2.35 0
-2.3 0
-2.25 0
-2.2 0
-2.15 0
-2.1 0
-2.05 0
-2 0
-1.95 0
-1.9 0
-1.85 0
-1.8 0
-1.75 0
-1.7 0
-1.65 0
-1.6 0
-1.55 0
-1.5 0
-1.45 0
-1.4 0
-1.35 0
-1.3 0
-1.25 0
-1.2 0
-1.15 0
-1.1 0
-1.05 0
-1 0
-0.95 0
-0.9 0
-0.85 0
-0.8 0
-0.75 0
-0.7 -8.43616e-022
-0.65 -5.90531e-021
-0.6 -4.13372e-020
-0.55 -2.89993e-019
-0.5 -1.99853e-018
-0.45 -1.38205e-017
-0.4 -9.55686e-017
-0.35 -6.60864e-016
-0.3 -4.56884e-015
-0.25 -3.15597e-014
-0.2 -2.17271e-013
-0.15 -1.47592e-012
-0.1 -9.54229e-012
-0.05 -5.33502e-011
0 -2.2671e-010
0.05 -7.04263e-010
0.1 -1.69529e-009
0.15 -3.40279e-009
0.2 -6.01696e-009
0.25 -9.72457e-009
0.3 -1.47221e-008
0.35 -2.12281e-008
0.4 -2.94915e-008
0.45 -3.97944e-008
0.5 -5.2446e-008
0.55 -6.77686e-008
0.6 -8.60736e-008
0.65 -1.07626e-007
0.7 -1.32605e-007
0.75 -1.611e-007
0.8 -1.93145e-007
0.85 -2.28739e-007
0.9 -2.67859e-007
0.95 -3.10448e-007
1 -3.5641e-007
1.05 -4.05607e-007
1.1 -4.57855e-007
1.15 -5.12928e-007
1.2 -5.70563e-007
1.25 -6.30477e-007
1.3 -6.92379e-007
1.35 -7.55991e-007
1.4 -8.21059e-007
1.45 -8.87362e-007
1.5 -9.54713e-007
1.55 -1.02296e-006
1.6 -1.09196e-006
1.65 -1.16162e-006
1.7 -1.23186e-006
1.75 -1.30259e-006
1.8 -1.37376e-006
1.85 -1.44531e-006
1.9 -1.51721e-006
1.95 -1.58943e-006
2 -1.66192e-006
2.05 -1.73466e-006
2.1 -1.80763e-006
2.15 -1.88081e-006
2.2 -1.95418e-006
2.25 -2.02773e-006
2.3 -2.10144e-006
2.35 -2.1753e-006
2.4 -2.24929e-006
2.45 -2.32342e-006
2.5 -2.39767e-006
2.55 -2.47202e-006
2.6 -2.54649e-006
2.65 -2.62105e-006
2.7 -2.69571e-006
2.75 -2.77045e-006
2.8 -2.84527e-006
2.85 -2.92018e-006
2.9 -2.99515e-006
2.95 -3.07019e-006
3 -3.1453e-006
