&CONTROL
  calculation = 'bands', prefix = 'slab', outdir = './tmp', pseudo_dir = './'
  verbosity = 'high', tprnfor = .true., tstress = .true., max_seconds = 1.0d8
/
&SYSTEM
  ibrav = 0, nat = 176, ntyp = 3, ecutwfc = 71, ecutrho = 568
  occupations = 'fixed'
  nbnd = 680
/
&ELECTRONS
  conv_thr = 1.0d-9, mixing_beta = 0.2, electron_maxstep = 150, mixing_mode = 'local-TF', diagonalization = 'cg'
/
ATOMIC_SPECIES
  In 114.818 In.pbe-dn-kjpaw_psl.1.0.0.UPF
  O 15.999 O.pbe-n-kjpaw_psl.1.0.0.UPF
  H 1.008 H.pbe-kjpaw_psl.1.0.0.UPF
CELL_PARAMETERS angstrom
  10.3060902000 0.0000000000 0.0000000000
  0.0000000000 10.3060902000 0.0000000000
  0.0000000000 0.0000000000 45.1806291300
ATOMIC_POSITIONS crystal
  In  0.2500000000 0.2500000000 0.3289185478
  In  0.7500000000 0.2500000000 0.3289185478
  In  0.2500000000 0.2500000000 0.4429728493
  In  0.2500000000 0.7500000000 0.3289185478
  In  0.4661937977 0.5000000000 0.4429728493
  In  0.0338062023 0.5000000000 0.3289185478
  In  0.7500000000 0.4661937977 0.3859456985
  In  0.2500000000 0.0338062023 0.3859456985
  In  0.5000000000 0.7500000000 0.3782342127
  In  0.0338062023 0.0000000000 0.4429728493
  In  0.4661937977 0.0000000000 0.3289185478
  In  0.0000000000 0.2500000000 0.3782342127
  O   0.3897318122 0.1544729193 0.3591148774
  O   0.6102681878 0.3455270807 0.3591148774
  O   0.1102681878 0.1544729193 0.4127765197
  O   0.8897318122 0.3455270807 0.4127765197
  O   0.3823769872 0.3897318122 0.3071279988
  O   0.3823769872 0.6102681878 0.3507090965
  O   0.6176230128 0.1102681878 0.3071279988
  O   0.6176230128 0.8897318122 0.3507090965
  O   0.1544729193 0.3823769872 0.3607925762
  O   0.3455270807 0.3823769872 0.4110988206
  O   0.1544729193 0.6176230128 0.2970445193
  O   0.3455270807 0.6176230128 0.4748468778
  O   0.1102681878 0.3455270807 0.2987222181
  O   0.8897318122 0.1544729193 0.2987222181
  O   0.3897318122 0.3455270807 0.4731691790
  O   0.6102681878 0.1544729193 0.4731691790
  O   0.1176230128 0.1102681878 0.3507090965
  O   0.1176230128 0.8897318122 0.3071279988
  O   0.8823769872 0.3897318122 0.3507090965
  O   0.8823769872 0.6102681878 0.3071279988
  O   0.3455270807 0.1176230128 0.2970445193
  O   0.1544729193 0.1176230128 0.4748468778
  O   0.3455270807 0.8823769872 0.3607925762
  O   0.1544729193 0.8823769872 0.4110988206
  In  0.7500000000 0.7500000000 0.4429728493
  In  0.2500000000 0.7500000000 0.4429728493
  In  0.7500000000 0.7500000000 0.3289185478
  In  0.7500000000 0.2500000000 0.4429728493
  In  0.9661937968 0.0000000000 0.3289185478
  In  0.5338062023 0.0000000000 0.4429728493
  In  0.0000000000 0.2500000000 0.4922885143
  In  0.0000000000 0.7500000000 0.3936571841
  In  0.5338062023 0.5000000000 0.3289185478
  In  0.9661937968 0.5000000000 0.4429728493
  In  0.2500000000 0.5338062023 0.3859456985
  In  0.7500000000 0.9661937968 0.3859456985
  In  0.5000000000 0.2500000000 0.3936571841
  In  0.5000000000 0.7500000000 0.4922885143
  O   0.8897318122 0.6544729193 0.4731691790
  O   0.1102681878 0.8455270807 0.4731691790
  O   0.6102681878 0.6544729193 0.2987222181
  O   0.3897318122 0.8455270807 0.2987222181
  O   0.8823769872 0.8897318122 0.4211823004
  O   0.8823769872 0.1102681878 0.4647633980
  O   0.1176230128 0.6102681878 0.4211823004
  O   0.1176230128 0.3897318122 0.4647633980
  O   0.6544729193 0.8823769872 0.4748468778
  O   0.8455270807 0.8823769872 0.2970445193
  O   0.6544729193 0.1176230128 0.4110988206
  O   0.8455270807 0.1176230128 0.3607925762
  O   0.6102681878 0.8455270807 0.4127765197
  O   0.3897318122 0.6544729193 0.4127765197
  O   0.8897318122 0.8455270807 0.3591148774
  O   0.1102681878 0.6544729193 0.3591148774
  O   0.6176230128 0.6102681878 0.4647633980
  O   0.6176230128 0.3897318122 0.4211823004
  O   0.3823769872 0.8897318122 0.4647633980
  O   0.3823769872 0.1102681878 0.4211823004
  O   0.8455270807 0.6176230128 0.4110988206
  O   0.6544729193 0.6176230128 0.3607925762
  O   0.8455270807 0.3823769872 0.4748468778
  O   0.6544729193 0.3823769872 0.2970445193
  In  0.2500000000 0.2500000000 0.5570271509
  In  0.7500000000 0.2500000000 0.5570271509
  In  0.2500000000 0.2500000000 0.6710814522
  In  0.2500000000 0.7500000000 0.5570271509
  In  0.4661937977 0.5000000000 0.6710814522
  In  0.0338062023 0.5000000000 0.5570271509
  In  0.7500000000 0.4661937977 0.6140543015
  In  0.2500000000 0.0338062023 0.6140543015
  In  0.5000000000 0.7500000000 0.6063428159
  In  0.5000000000 0.2500000000 0.5077114857
  In  0.0338062023 0.0000000000 0.6710814522
  In  0.4661937977 0.0000000000 0.5570271509
  In  0.7500000000 0.0338062023 0.5000000001
  In  0.2500000000 0.4661937977 0.5000000001
  In  0.0000000000 0.7500000000 0.5077114857
  In  0.0000000000 0.2500000000 0.6063428159
  O   0.3897318122 0.1544729193 0.5872234805
  O   0.6102681878 0.3455270807 0.5872234805
  O   0.1102681878 0.1544729193 0.6408851226
  O   0.8897318122 0.3455270807 0.6408851226
  O   0.3823769872 0.3897318122 0.5352366020
  O   0.3823769872 0.6102681878 0.5788176996
  O   0.6176230128 0.1102681878 0.5352366020
  O   0.6176230128 0.8897318122 0.5788176996
  O   0.1544729193 0.3823769872 0.5889011794
  O   0.3455270807 0.3823769872 0.6392074238
  O   0.1544729193 0.6176230128 0.5251531222
  O   0.3455270807 0.6176230128 0.7029554810
  O   0.1102681878 0.3455270807 0.5268308213
  O   0.8897318122 0.1544729193 0.5268308213
  O   0.3897318122 0.3455270807 0.7012777819
  O   0.6102681878 0.1544729193 0.7012777819
  O   0.1176230128 0.1102681878 0.5788176996
  O   0.1176230128 0.8897318122 0.5352366020
  O   0.8823769872 0.3897318122 0.5788176996
  O   0.8823769872 0.6102681878 0.5352366020
  O   0.3455270807 0.1176230128 0.5251531222
  O   0.1544729193 0.1176230128 0.7029554810
  O   0.3455270807 0.8823769872 0.5889011794
  O   0.1544729193 0.8823769872 0.6392074238
  In  0.7500000000 0.7500000000 0.6710814522
  In  0.2500000000 0.7500000000 0.6710814522
  In  0.7500000000 0.7500000000 0.5570271509
  In  0.7500000000 0.2500000000 0.6710814522
  In  0.9661937968 0.0000000000 0.5570271509
  In  0.5338062023 0.0000000000 0.6710814522
  In  0.2500000000 0.9661937968 0.5000000001
  In  0.7500000000 0.5338062023 0.5000000001
  In  0.0000000000 0.7500000000 0.6217657873
  In  0.5338062023 0.5000000000 0.5570271509
  In  0.9661937968 0.5000000000 0.6710814522
  In  0.2500000000 0.5338062023 0.6140543015
  In  0.7500000000 0.9661937968 0.6140543015
  In  0.5000000000 0.2500000000 0.6217657873
  O   0.8897318122 0.6544729193 0.7012777819
  O   0.1102681878 0.8455270807 0.7012777819
  O   0.6102681878 0.6544729193 0.5268308213
  O   0.3897318122 0.8455270807 0.5268308213
  O   0.8823769872 0.8897318122 0.6492909035
  O   0.8823769872 0.1102681878 0.6928720012
  O   0.1176230128 0.6102681878 0.6492909035
  O   0.1176230128 0.3897318122 0.6928720012
  O   0.6544729193 0.8823769872 0.7029554810
  O   0.8455270807 0.8823769872 0.5251531222
  O   0.6544729193 0.1176230128 0.6392074238
  O   0.8455270807 0.1176230128 0.5889011794
  O   0.6102681878 0.8455270807 0.6408851226
  O   0.3897318122 0.6544729193 0.6408851226
  O   0.8897318122 0.8455270807 0.5872234805
  O   0.1102681878 0.6544729193 0.5872234805
  O   0.6176230128 0.6102681878 0.6928720012
  O   0.6176230128 0.3897318122 0.6492909035
  O   0.3823769872 0.8897318122 0.6928720012
  O   0.3823769872 0.1102681878 0.6492909035
  O   0.8455270807 0.6176230128 0.6392074238
  O   0.6544729193 0.6176230128 0.5889011794
  O   0.8455270807 0.3823769872 0.7029554810
  O   0.6544729193 0.3823769872 0.5251531222
  H   0.3774650575 0.3686678669 0.2862332143
  H   0.6225349415 0.1313321331 0.2862332143
  H   0.1262733049 0.6085084507 0.2766672408
  H   0.1204699091 0.3542316300 0.2774718945
  H   0.8795300909 0.1457683700 0.2774718945
  H   0.1225349415 0.8686678669 0.2862332143
  H   0.8774650575 0.6313321331 0.2862332143
  H   0.3737266951 0.1085084507 0.2766672408
  H   0.6204699091 0.6457683700 0.2774718945
  H   0.3795300909 0.8542316290 0.2774718945
  H   0.8737266941 0.8914915484 0.2766672408
  H   0.6262733049 0.3914915484 0.2766672408
  H   0.3737266951 0.6085084507 0.7233327592
  H   0.3795300909 0.3542316300 0.7225281055
  H   0.6204699091 0.1457683700 0.7225281055
  H   0.1262733049 0.1085084507 0.7233327592
  H   0.8795300909 0.6457683700 0.7225281055
  H   0.1204699091 0.8542316290 0.7225281055
  H   0.8774650575 0.1313321331 0.7137667857
  H   0.1225349415 0.3686678669 0.7137667857
  H   0.6262733049 0.8914915484 0.7233327592
  H   0.6225349415 0.6313321331 0.7137667857
  H   0.3774650575 0.8686678669 0.7137667857
  H   0.8737266941 0.3914915484 0.7233327592
K_POINTS tpiba
  21
  0.00000000 0.00000000 0.00000000 1.0
  0.02460398 0.00000000 0.00000000 1.0
  0.04920796 0.00000000 0.00000000 1.0
  0.07381193 0.00000000 0.00000000 1.0
  0.09841591 0.00000000 0.00000000 1.0
  0.12301989 0.00000000 0.00000000 1.0
  0.14762387 0.00000000 0.00000000 1.0
  0.17222785 0.00000000 0.00000000 1.0
  0.19683182 0.00000000 0.00000000 1.0
  0.22143580 0.00000000 0.00000000 1.0
  0.24603978 0.00000000 0.00000000 1.0
  0.01739764 0.01739764 0.00000000 1.0
  0.03479528 0.03479528 0.00000000 1.0
  0.05219292 0.05219292 0.00000000 1.0
  0.06959056 0.06959056 0.00000000 1.0
  0.08698820 0.08698820 0.00000000 1.0
  0.10438584 0.10438584 0.00000000 1.0
  0.12178348 0.12178348 0.00000000 1.0
  0.13918112 0.13918112 0.00000000 1.0
  0.15657876 0.15657876 0.00000000 1.0
  0.17397640 0.17397640 0.00000000 1.0
