Probe bulk_front_electrons vs gate bias
121 2 2
gate bias
Probe bulk_front_electrons
-3 7.3072e-033
-2.95 9.36601e-033
-2.9 1.2691e-032
-2.85 1.87594e-032
-2.8 3.21623e-032
-2.75 7.24475e-032
-2.7 2.58705e-031
-2.65 1.44393e-030
-2.6 9.37519e-030
-2.55 5.71572e-029
-2.5 3.31646e-028
-2.45 2.07873e-027
-2.4 1.393e-026
-2.35 9.55694e-026
-2.3 6.5979e-025
-2.25 4.56208e-024
-2.2 3.1556e-023
-2.15 2.18294e-022
-2.1 1.51011e-021
-2.05 1.04467e-020
-2 7.22686e-020
-1.95 4.99943e-019
-1.9 3.45853e-018
-1.85 2.39256e-017
-1.8 1.65514e-016
-1.75 1.145e-015
-1.7 7.92093e-015
-1.65 5.47952e-014
-1.6 3.79032e-013
-1.55 2.62052e-012
-1.5 1.80549e-011
-1.45 1.21856e-010
-1.4 7.71572e-010
-1.35 4.86868e-009
-1.3 3.28776e-008
-1.25 2.26777e-007
-1.2 1.56836e-006
-1.15 1.0849e-005
-1.1 7.5048e-005
-1.05 0.000519143
-1 0.00359116
-0.95 0.0248416
-0.9 0.171821
-0.85 1.18616
-0.8 8.19409
-0.75 56.6787
-0.7 392.063
-0.65 2712
-0.6 18759.4
-0.55 129762
-0.5 897571
-0.45 6.20847e+006
-0.4 4.29429e+007
-0.35 2.97013e+008
-0.3 2.05395e+009
-0.25 1.41952e+010
-0.2 9.78686e+010
-0.15 6.68265e+011
-0.1 4.39956e+012
-0.05 2.58766e+013
0 1.21344e+014
0.05 4.3715e+014
0.1 1.27958e+015
0.15 3.24245e+015
0.2 7.40843e+015
0.25 1.56201e+016
0.3 3.07912e+016
0.35 5.7179e+016
0.4 1.00479e+017
0.45 1.67578e+017
0.5 2.65861e+017
0.55 4.02159e+017
0.6 5.81654e+017
0.65 8.0721e+017
0.7 1.0794e+018
0.75 1.39686e+018
0.8 1.75665e+018
0.85 2.15467e+018
0.9 2.58648e+018
0.95 3.04792e+018
1 3.53546e+018
1.05 4.04631e+018
1.1 4.57839e+018
1.15 5.13017e+018
1.2 5.70054e+018
1.25 6.28863e+018
1.3 6.89366e+018
1.35 7.51485e+018
1.4 8.15132e+018
1.45 8.80214e+018
1.5 9.46628e+018
1.55 1.01427e+019
1.6 1.08304e+019
1.65 1.15284e+019
1.7 1.22357e+019
1.75 1.29514e+019
1.8 1.36749e+019
1.85 1.44052e+019
1.9 1.51418e+019
1.95 1.5884e+019
2 1.66314e+019
2.05 1.73833e+019
2.1 1.81393e+019
2.15 1.88991e+019
2.2 1.96623e+019
2.25 2.04285e+019
2.3 2.11975e+019
2.35 2.19689e+019
2.4 2.27426e+019
2.45 2.35182e+019
2.5 2.42957e+019
2.55 2.50747e+019
2.6 2.58553e+019
2.65 2.66371e+019
2.7 2.742e+019
2.75 2.8204e+019
2.8 2.89889e+019
2.85 2.97746e+019
2.9 3.05611e+019
2.95 3.13481e+019
3 3.21357e+019
