Probe bulk_free_electrons vs gate bias
121 2 2
gate bias
Probe bulk_free_electrons
-3 4.58549e+011
-2.95 4.63375e+011
-2.9 4.68501e+011
-2.85 4.73949e+011
-2.8 4.79681e+011
-2.75 4.85666e+011
-2.7 4.91909e+011
-2.65 4.98416e+011
-2.6 5.05193e+011
-2.55 5.12252e+011
-2.5 5.19611e+011
-2.45 5.27287e+011
-2.4 5.35298e+011
-2.35 5.43667e+011
-2.3 5.52415e+011
-2.25 5.61568e+011
-2.2 5.71153e+011
-2.15 5.81198e+011
-2.1 5.91737e+011
-2.05 6.02805e+011
-2 6.1444e+011
-1.95 6.26685e+011
-1.9 6.39586e+011
-1.85 6.53196e+011
-1.8 6.67572e+011
-1.75 6.82778e+011
-1.7 6.98882e+011
-1.65 7.15965e+011
-1.6 7.34114e+011
-1.55 7.53426e+011
-1.5 7.74012e+011
-1.45 7.95994e+011
-1.4 8.19512e+011
-1.35 8.44724e+011
-1.3 8.71808e+011
-1.25 9.00968e+011
-1.2 9.32437e+011
-1.15 9.66483e+011
-1.1 1.00342e+012
-1.05 1.04359e+012
-1 1.08744e+012
-0.95 1.13544e+012
-0.9 1.18819e+012
-0.85 1.24639e+012
-0.8 1.31089e+012
-0.75 1.38272e+012
-0.7 1.46316e+012
-0.65 1.55382e+012
-0.6 1.65674e+012
-0.55 1.77457e+012
-0.5 1.9108e+012
-0.45 2.07026e+012
-0.4 2.2606e+012
-0.35 2.49944e+012
-0.3 2.85962e+012
-0.25 3.7738e+012
-0.2 8.10749e+012
-0.15 3.4949e+013
-0.1 2.0226e+014
-0.05 1.07357e+015
0 4.15866e+015
0.05 1.11509e+016
0.1 2.2645e+016
0.15 3.84508e+016
0.2 5.82763e+016
0.25 8.20066e+016
0.3 1.09768e+017
0.35 1.41919e+017
0.4 1.78998e+017
0.45 2.21643e+017
0.5 2.70488e+017
0.55 3.26045e+017
0.6 3.88641e+017
0.65 4.58421e+017
0.7 5.35426e+017
0.75 6.1962e+017
0.8 7.10811e+017
0.85 8.08642e+017
0.9 9.12677e+017
0.95 1.02249e+018
1 1.13772e+018
1.05 1.25808e+018
1.1 1.38334e+018
1.15 1.51333e+018
1.2 1.64789e+018
1.25 1.78686e+018
1.3 1.93003e+018
1.35 2.07717e+018
1.4 2.22799e+018
1.45 2.38221e+018
1.5 2.53952e+018
1.55 2.69963e+018
1.6 2.86224e+018
1.65 3.02712e+018
1.7 3.19402e+018
1.75 3.36275e+018
1.8 3.53312e+018
1.85 3.70497e+018
1.9 3.87816e+018
1.95 4.05257e+018
2 4.22809e+018
2.05 4.40462e+018
2.1 4.58207e+018
2.15 4.76038e+018
2.2 4.93946e+018
2.25 5.11927e+018
2.3 5.29975e+018
2.35 5.48085e+018
2.4 5.66253e+018
2.45 5.84475e+018
2.5 6.02747e+018
2.55 6.21066e+018
2.6 6.3943e+018
2.65 6.57835e+018
2.7 6.7628e+018
2.75 6.94761e+018
2.8 7.13278e+018
2.85 7.31828e+018
2.9 7.50409e+018
2.95 7.6902e+018
3 7.87659e+018
