v ATLAS
# This file was created by ATLAS version 5.28.1.R on Sat Sep 12 17:08:05 2026.
#SSF 2.0 generic
##############################################################################
#                    Copyright (c) 1984 - 2019                               #
#                    Silvaco Inc. All rights reserved                        #
#                                                                            #
# This file format and the following Key are copyright Silvaco Inc.          #
# You may not use, this format or key without reproducing this message in    #
# full and obtaining express written permission from Silvaco Inc.            #
#                                                                            #
# To obtain such permission please contact: Silvaco Inc.                     #
#                                           support@silvaco.com              #
#                                                                            #
# KEY=SVC86hn7562asdx                       PROD=345                         #
##############################################################################
p 4 74 76 75 205
d  3.050000e+000 1.019084e-018 0.000000e+000 1.019084e-018
d  3.034031e+000 1.608255e-018 0.000000e+000 1.608255e-018
d  3.018063e+000 2.538047e-018 0.000000e+000 2.538047e-018
d  3.002094e+000 4.005387e-018 0.000000e+000 4.005387e-018
d  2.986126e+000 6.321051e-018 0.000000e+000 6.321051e-018
d  2.970157e+000 9.975487e-018 0.000000e+000 9.975487e-018
d  2.954188e+000 1.574269e-017 0.000000e+000 1.574269e-017
d  2.938220e+000 2.484413e-017 0.000000e+000 2.484413e-017
d  2.922251e+000 3.920745e-017 0.000000e+000 3.920745e-017
d  2.906283e+000 6.187474e-017 0.000000e+000 6.187474e-017
d  2.890314e+000 9.764685e-017 0.000000e+000 9.764685e-017
d  2.874346e+000 1.541002e-016 0.000000e+000 1.541002e-016
d  2.858377e+000 2.431912e-016 0.000000e+000 2.431912e-016
d  2.842408e+000 3.837892e-016 0.000000e+000 3.837892e-016
d  2.826440e+000 6.056721e-016 0.000000e+000 6.056721e-016
d  2.810471e+000 9.558338e-016 0.000000e+000 9.558338e-016
d  2.794503e+000 1.508437e-015 0.000000e+000 1.508437e-015
d  2.778534e+000 2.380521e-015 0.000000e+000 2.380521e-015
d  2.762565e+000 3.756789e-015 0.000000e+000 3.756789e-015
d  2.746597e+000 5.928730e-015 0.000000e+000 5.928730e-015
d  2.730628e+000 9.356351e-015 0.000000e+000 9.356351e-015
d  2.714660e+000 1.476561e-014 0.000000e+000 1.476561e-014
d  2.698691e+000 2.330216e-014 0.000000e+000 2.330216e-014
d  2.682723e+000 3.677401e-014 0.000000e+000 3.677401e-014
d  2.666754e+000 5.803444e-014 0.000000e+000 5.803444e-014
d  2.650785e+000 9.158633e-014 0.000000e+000 9.158633e-014
d  2.634817e+000 1.445358e-013 0.000000e+000 1.445358e-013
d  2.618848e+000 2.280974e-013 0.000000e+000 2.280974e-013
d  2.602880e+000 3.599690e-013 0.000000e+000 3.599690e-013
d  2.586911e+000 5.680806e-013 0.000000e+000 5.680806e-013
d  2.570942e+000 8.965093e-013 0.000000e+000 8.965093e-013
d  2.554974e+000 1.414815e-012 0.000000e+000 1.414815e-012
d  2.539005e+000 2.232772e-012 0.000000e+000 2.232772e-012
d  2.523037e+000 3.523622e-012 0.000000e+000 3.523622e-012
d  2.507068e+000 5.560759e-012 0.000000e+000 5.560759e-012
d  2.491099e+000 8.775642e-012 0.000000e+000 8.775642e-012
d  2.475131e+000 1.384917e-011 0.000000e+000 1.384917e-011
d  2.459162e+000 2.185589e-011 0.000000e+000 2.185589e-011
d  2.443194e+000 3.449160e-011 0.000000e+000 3.449160e-011
d  2.427225e+000 5.443249e-011 0.000000e+000 5.443249e-011
d  2.411257e+000 8.590196e-011 0.000000e+000 8.590196e-011
d  2.395288e+000 1.355651e-010 0.000000e+000 1.355651e-010
d  2.379319e+000 2.139404e-010 0.000000e+000 2.139404e-010
d  2.363351e+000 3.376273e-010 0.000000e+000 3.376273e-010
d  2.347382e+000 5.328223e-010 0.000000e+000 5.328223e-010
d  2.331414e+000 8.408668e-010 0.000000e+000 8.408668e-010
d  2.315445e+000 1.327003e-009 0.000000e+000 1.327003e-009
d  2.299476e+000 2.094194e-009 0.000000e+000 2.094194e-009
d  2.283508e+000 3.304926e-009 0.000000e+000 3.304926e-009
d  2.267539e+000 5.215627e-009 0.000000e+000 5.215627e-009
d  2.251571e+000 8.230976e-009 0.000000e+000 8.230976e-009
d  2.235602e+000 1.298961e-008 0.000000e+000 1.298961e-008
d  2.219634e+000 2.049939e-008 0.000000e+000 2.049939e-008
d  2.203665e+000 3.235086e-008 0.000000e+000 3.235086e-008
d  2.187696e+000 5.105410e-008 0.000000e+000 5.105410e-008
d  2.171728e+000 8.057039e-008 0.000000e+000 8.057039e-008
d  2.155759e+000 1.271512e-007 0.000000e+000 1.271512e-007
d  2.139791e+000 2.006620e-007 0.000000e+000 2.006620e-007
d  2.123822e+000 3.166722e-007 0.000000e+000 3.166722e-007
d  2.107853e+000 4.997523e-007 0.000000e+000 4.997523e-007
d  2.091885e+000 7.886778e-007 0.000000e+000 7.886778e-007
d  2.075916e+000 1.244642e-006 0.000000e+000 1.244642e-006
d  2.059948e+000 1.964216e-006 0.000000e+000 1.964216e-006
d  2.043979e+000 3.099803e-006 0.000000e+000 3.099803e-006
d  2.028010e+000 4.891915e-006 0.000000e+000 4.891915e-006
d  2.012042e+000 7.720114e-006 0.000000e+000 7.720114e-006
d  1.996073e+000 1.218340e-005 0.000000e+000 1.218340e-005
d  1.980105e+000 1.922708e-005 0.000000e+000 1.922708e-005
d  1.964136e+000 3.034298e-005 0.000000e+000 3.034298e-005
d  1.948168e+000 4.788539e-005 0.000000e+000 4.788539e-005
d  1.932199e+000 7.556973e-005 0.000000e+000 7.556973e-005
d  1.916230e+000 1.192594e-004 0.000000e+000 1.192594e-004
d  1.900262e+000 1.882078e-004 0.000000e+000 1.882078e-004
d  1.884293e+000 2.970177e-004 0.000000e+000 2.970177e-004
d  1.868325e+000 4.687348e-004 0.000000e+000 4.687348e-004
d  1.852356e+000 7.397279e-004 0.000000e+000 7.397279e-004
d  1.836387e+000 1.167392e-003 0.000000e+000 1.167392e-003
d  1.820419e+000 1.842306e-003 0.000000e+000 1.842306e-003
d  1.804450e+000 2.907411e-003 0.000000e+000 2.907411e-003
d  1.788482e+000 4.588295e-003 0.000000e+000 4.588295e-003
d  1.772513e+000 7.240960e-003 0.000000e+000 7.240960e-003
d  1.756545e+000 1.142723e-002 0.000000e+000 1.142723e-002
d  1.740576e+000 1.803374e-002 0.000000e+000 1.803374e-002
d  1.724607e+000 2.845972e-002 0.000000e+000 2.845972e-002
d  1.708639e+000 4.491335e-002 0.000000e+000 4.491335e-002
d  1.692670e+000 7.087944e-002 0.000000e+000 7.087944e-002
d  1.676702e+000 1.118575e-001 0.000000e+000 1.118575e-001
d  1.660733e+000 1.765265e-001 0.000000e+000 1.765265e-001
d  1.644764e+000 2.785831e-001 0.000000e+000 2.785831e-001
d  1.628796e+000 4.396424e-001 0.000000e+000 4.396424e-001
d  1.612827e+000 6.938162e-001 0.000000e+000 6.938162e-001
d  1.596859e+000 1.094937e+000 0.000000e+000 1.094937e+000
d  1.580890e+000 1.727962e+000 0.000000e+000 1.727962e+000
d  1.564921e+000 2.726961e+000 0.000000e+000 2.726961e+000
d  1.548953e+000 4.303519e+000 0.000000e+000 4.303519e+000
d  1.532984e+000 6.791545e+000 0.000000e+000 6.791545e+000
d  1.517016e+000 1.071799e+001 0.000000e+000 1.071799e+001
d  1.501047e+000 1.691446e+001 0.000000e+000 1.691446e+001
d  1.485079e+000 2.669335e+001 0.000000e+000 2.669335e+001
d  1.469110e+000 4.212577e+001 0.000000e+000 4.212577e+001
d  1.453141e+000 6.648026e+001 0.000000e+000 6.648026e+001
d  1.437173e+000 1.049150e+002 0.000000e+000 1.049150e+002
d  1.421204e+000 1.655703e+002 0.000000e+000 1.655703e+002
d  1.405236e+000 2.612926e+002 0.000000e+000 2.612926e+002
d  1.389267e+000 4.123557e+002 0.000000e+000 4.123557e+002
d  1.373298e+000 6.507540e+002 0.000000e+000 6.507540e+002
d  1.357330e+000 1.026979e+003 0.000000e+000 1.026979e+003
d  1.341361e+000 1.620714e+003 0.000000e+000 1.620714e+003
d  1.325393e+000 2.557710e+003 0.000000e+000 2.557710e+003
d  1.309424e+000 4.036418e+003 0.000000e+000 4.036418e+003
d  1.293455e+000 6.370022e+003 0.000000e+000 6.370022e+003
d  1.277487e+000 1.005277e+004 0.000000e+000 1.005277e+004
d  1.261518e+000 1.586465e+004 0.000000e+000 1.586465e+004
d  1.245550e+000 2.503661e+004 0.000000e+000 2.503661e+004
d  1.229581e+000 3.951120e+004 0.000000e+000 3.951120e+004
d  1.213613e+000 6.235411e+004 0.000000e+000 6.235411e+004
d  1.197644e+000 9.840336e+004 0.000000e+000 9.840336e+004
d  1.181675e+000 1.552940e+005 0.000000e+000 1.552940e+005
d  1.165707e+000 2.450753e+005 0.000000e+000 2.450753e+005
d  1.149738e+000 3.867625e+005 0.000000e+000 3.867625e+005
d  1.133770e+000 6.103645e+005 0.000000e+000 6.103645e+005
d  1.117801e+000 9.632390e+005 0.000000e+000 9.632390e+005
d  1.101832e+000 1.520124e+006 0.000000e+000 1.520124e+006
d  1.085864e+000 2.398964e+006 0.000000e+000 2.398964e+006
d  1.069895e+000 3.785895e+006 0.000000e+000 3.785895e+006
d  1.053927e+000 5.974662e+006 0.000000e+000 5.974662e+006
d  1.037958e+000 9.428838e+006 0.000000e+000 9.428838e+006
d  1.021990e+000 1.488000e+007 0.000000e+000 1.488000e+007
d  1.006021e+000 2.348269e+007 0.000000e+000 2.348269e+007
d  9.900524e-001 3.705891e+007 0.000000e+000 3.705891e+007
d  9.740838e-001 5.848406e+007 0.000000e+000 5.848406e+007
d  9.581152e-001 9.229588e+007 0.000000e+000 9.229588e+007
d  9.421466e-001 1.456556e+008 0.000000e+000 1.456556e+008
d  9.261780e-001 2.298645e+008 0.000000e+000 2.298645e+008
d  9.102094e-001 3.627578e+008 0.000000e+000 3.627578e+008
d  8.942408e-001 5.724817e+008 0.000000e+000 5.724817e+008
d  8.782723e-001 9.034549e+008 0.000000e+000 9.034549e+008
d  8.623037e-001 1.425776e+009 0.000000e+000 1.425776e+009
d  8.463351e-001 2.250070e+009 0.000000e+000 2.250070e+009
d  8.303665e-001 3.550921e+009 0.000000e+000 3.550921e+009
d  8.143979e-001 5.603841e+009 0.000000e+000 5.603841e+009
d  7.984293e-001 8.843631e+009 0.000000e+000 8.843631e+009
d  7.824607e-001 1.395647e+010 0.000000e+000 1.395647e+010
d  7.664921e-001 2.202522e+010 0.000000e+000 2.202522e+010
d  7.505236e-001 3.475882e+010 0.000000e+000 3.475882e+010
d  7.345550e-001 5.485420e+010 0.000000e+000 5.485420e+010
d  7.185864e-001 8.656747e+010 0.000000e+000 8.656747e+010
d  7.026178e-001 1.366154e+011 0.000000e+000 1.366154e+011
d  6.866492e-001 2.155978e+011 0.000000e+000 2.155978e+011
d  6.706806e-001 3.402430e+011 0.000000e+000 3.402430e+011
d  6.547120e-001 5.369503e+011 0.000000e+000 5.369503e+011
d  6.387435e-001 8.473813e+011 0.000000e+000 8.473813e+011
d  6.227749e-001 1.337284e+012 0.000000e+000 1.337284e+012
d  6.068063e-001 2.110418e+012 0.000000e+000 2.110418e+012
d  5.908377e-001 3.330530e+012 0.000000e+000 3.330530e+012
d  5.748691e-001 5.256034e+012 0.000000e+000 5.256034e+012
d  5.589005e-001 8.294744e+012 0.000000e+000 8.294744e+012
d  5.429319e-001 1.309025e+013 0.000000e+000 1.309025e+013
d  5.269634e-001 2.065821e+013 0.000000e+000 2.065821e+013
d  5.109948e-001 3.260149e+013 0.000000e+000 3.260149e+013
d  4.950262e-001 5.144964e+013 0.000000e+000 5.144964e+013
d  4.790576e-001 8.119460e+013 0.000000e+000 8.119460e+013
d  4.630890e-001 1.281362e+014 0.000000e+000 1.281362e+014
d  4.471204e-001 2.022166e+014 0.000000e+000 2.022166e+014
d  4.311518e-001 3.191256e+014 0.000000e+000 3.191256e+014
d  4.151832e-001 5.036240e+014 0.000000e+000 5.036240e+014
d  3.992147e-001 7.947880e+014 0.000000e+000 7.947880e+014
d  3.832461e-001 1.254285e+015 0.000000e+000 1.254285e+015
d  3.672775e-001 1.979434e+015 0.000000e+000 1.979434e+015
d  3.513089e-001 3.123818e+015 0.000000e+000 3.123818e+015
d  3.353403e-001 4.929815e+015 0.000000e+000 4.929815e+015
d  3.193717e-001 7.779925e+015 0.000000e+000 7.779925e+015
d  3.034031e-001 1.227779e+016 0.000000e+000 1.227779e+016
d  2.874346e-001 1.937604e+016 0.000000e+000 1.937604e+016
d  2.714660e-001 3.057806e+016 0.000000e+000 3.057806e+016
d  2.554974e-001 4.825638e+016 0.000000e+000 4.825638e+016
d  2.395288e-001 7.615520e+016 0.000000e+000 7.615520e+016
d  2.235602e-001 1.201834e+017 0.000000e+000 1.201834e+017
d  2.075916e-001 1.896659e+017 0.000000e+000 1.896659e+017
d  1.916230e-001 2.993188e+017 0.000000e+000 2.993188e+017
d  1.756545e-001 4.723663e+017 0.000000e+000 4.723663e+017
d  1.596859e-001 7.454589e+017 0.000000e+000 7.454589e+017
d  1.437173e-001 1.176437e+018 0.000000e+000 1.176437e+018
d  1.277487e-001 1.856579e+018 0.000000e+000 1.856579e+018
d  1.117801e-001 2.929936e+018 0.000000e+000 2.929936e+018
d  9.581152e-002 4.623842e+018 0.000000e+000 4.623842e+018
d  7.984293e-002 7.297059e+018 0.000000e+000 7.297059e+018
d  6.387435e-002 1.151576e+019 0.000000e+000 1.151576e+019
d  4.790576e-002 1.817345e+019 0.000000e+000 1.817345e+019
d  3.193717e-002 2.868021e+019 0.000000e+000 2.868021e+019
d  1.596859e-002 4.526131e+019 0.000000e+000 4.526131e+019
d  0.000000e+000 7.142857e+019 0.000000e+000 7.142857e+019
