Probe bulk_back_electrons vs gate bias
121 2 2
gate bias
Probe bulk_back_electrons
-3 1.46448e-030
-2.95 1.72272e-030
-2.9 2.13305e-030
-2.85 2.87157e-030
-2.8 4.48533e-030
-2.75 9.30408e-030
-2.7 3.15285e-029
-2.65 1.72896e-028
-2.6 1.11885e-027
-2.55 6.81761e-027
-2.5 3.9554e-026
-2.45 2.47915e-025
-2.4 1.66132e-024
-2.35 1.13978e-023
-2.3 7.86879e-023
-2.25 5.44083e-022
-2.2 3.76343e-021
-2.15 2.60341e-020
-2.1 1.80099e-019
-2.05 1.24589e-018
-2 8.61889e-018
-1.95 5.96242e-017
-1.9 4.12471e-016
-1.85 2.85341e-015
-1.8 1.97395e-014
-1.75 1.36555e-013
-1.7 9.44666e-013
-1.65 6.53498e-012
-1.6 4.52041e-011
-1.55 3.12528e-010
-1.5 2.15326e-009
-1.45 1.45327e-008
-1.4 9.20175e-008
-1.35 5.8063e-007
-1.3 3.9209e-006
-1.25 2.70449e-005
-1.2 0.000187039
-1.15 0.00129383
-1.1 0.00895004
-1.05 0.0619117
-1 0.428262
-0.95 2.96212
-0.9 20.4899
-0.85 141.737
-0.8 980.446
-0.75 6782.07
-0.7 46913.6
-0.65 324513
-0.6 2.24472e+006
-0.55 1.55271e+007
-0.5 1.07402e+008
-0.45 7.42895e+008
-0.4 5.13844e+009
-0.35 3.55391e+010
-0.3 2.45743e+011
-0.25 1.69773e+012
-0.2 1.16867e+013
-0.15 7.9293e+013
-0.1 5.09326e+014
-0.05 2.76125e+015
0 1.06447e+016
0.05 2.76957e+016
0.1 5.3391e+016
0.15 8.47222e+016
0.2 1.18611e+017
0.25 1.52707e+017
0.3 1.85422e+017
0.35 2.15791e+017
0.4 2.43309e+017
0.45 2.67799e+017
0.5 2.89302e+017
0.55 3.08007e+017
0.6 3.24183e+017
0.65 3.38146e+017
0.7 3.50223e+017
0.75 3.60718e+017
0.8 3.69893e+017
0.85 3.77964e+017
0.9 3.85115e+017
0.95 3.91502e+017
1 3.97253e+017
1.05 4.02476e+017
1.1 4.07257e+017
1.15 4.11668e+017
1.2 4.15766e+017
1.25 4.19597e+017
1.3 4.23197e+017
1.35 4.26596e+017
1.4 4.29817e+017
1.45 4.32879e+017
1.5 4.35797e+017
1.55 4.38584e+017
1.6 4.41252e+017
1.65 4.43809e+017
1.7 4.46265e+017
1.75 4.48626e+017
1.8 4.50899e+017
1.85 4.53091e+017
1.9 4.55207e+017
1.95 4.57251e+017
2 4.59229e+017
2.05 4.61144e+017
2.1 4.63e+017
2.15 4.64801e+017
2.2 4.6655e+017
2.25 4.68249e+017
2.3 4.69903e+017
2.35 4.71512e+017
2.4 4.73079e+017
2.45 4.74606e+017
2.5 4.76096e+017
2.55 4.77551e+017
2.6 4.78971e+017
2.65 4.80358e+017
2.7 4.81715e+017
2.75 4.83042e+017
2.8 4.84341e+017
2.85 4.85612e+017
2.9 4.86858e+017
2.95 4.88078e+017
3 4.89275e+017
