Probe bulk_ionized_acceptors vs gate bias
121 2 2
gate bias
Probe bulk_ionized_acceptors
-3 1.90303e+012
-2.95 1.94764e+012
-2.9 1.99494e+012
-2.85 2.04511e+012
-2.8 2.09779e+012
-2.75 2.15271e+012
-2.7 2.2099e+012
-2.65 2.26942e+012
-2.6 2.33131e+012
-2.55 2.39569e+012
-2.5 2.46269e+012
-2.45 2.53249e+012
-2.4 2.60523e+012
-2.35 2.68112e+012
-2.3 2.76034e+012
-2.25 2.84311e+012
-2.2 2.92966e+012
-2.15 3.02024e+012
-2.1 3.11513e+012
-2.05 3.21463e+012
-2 3.31906e+012
-1.95 3.42877e+012
-1.9 3.54415e+012
-1.85 3.66563e+012
-1.8 3.79367e+012
-1.75 3.92878e+012
-1.7 4.07153e+012
-1.65 4.22253e+012
-1.6 4.38248e+012
-1.55 4.55214e+012
-1.5 4.73236e+012
-1.45 4.92408e+012
-1.4 5.12838e+012
-1.35 5.34645e+012
-1.3 5.57964e+012
-1.25 5.82948e+012
-1.2 6.09773e+012
-1.15 6.3864e+012
-1.1 6.6978e+012
-1.05 7.03462e+012
-1 7.40002e+012
-0.95 7.79768e+012
-0.9 8.23203e+012
-0.85 8.70832e+012
-0.8 9.23295e+012
-0.75 9.81372e+012
-0.7 1.04603e+013
-0.65 1.1185e+013
-0.6 1.20041e+013
-0.55 1.29418e+013
-0.5 1.4043e+013
-0.45 1.5423e+013
-0.4 1.74675e+013
-0.35 2.16536e+013
-0.3 3.39325e+013
-0.25 7.86048e+013
-0.2 2.54378e+014
-0.15 9.50674e+014
-0.1 3.56308e+015
-0.05 1.18418e+016
0 3.08188e+016
0.05 6.13096e+016
0.1 1.00068e+017
0.15 1.44074e+017
0.2 1.91638e+017
0.25 2.41883e+017
0.3 2.94255e+017
0.35 3.48225e+017
0.4 4.03151e+017
0.45 4.58248e+017
0.5 5.12633e+017
0.55 5.65431e+017
0.6 6.15925e+017
0.65 6.63691e+017
0.7 7.08661e+017
0.75 7.5097e+017
0.8 7.90729e+017
0.85 8.27966e+017
0.9 8.6269e+017
0.95 8.94933e+017
1 9.24762e+017
1.05 9.52269e+017
1.1 9.77562e+017
1.15 1.00076e+018
1.2 1.02201e+018
1.25 1.04146e+018
1.3 1.05927e+018
1.35 1.0756e+018
1.4 1.09061e+018
1.45 1.10444e+018
1.5 1.11723e+018
1.55 1.12909e+018
1.6 1.14013e+018
1.65 1.15045e+018
1.7 1.1601e+018
1.75 1.16918e+018
1.8 1.17772e+018
1.85 1.18579e+018
1.9 1.19343e+018
1.95 1.20068e+018
2 1.20757e+018
2.05 1.21414e+018
2.1 1.22041e+018
2.15 1.2264e+018
2.2 1.23213e+018
2.25 1.23763e+018
2.3 1.24291e+018
2.35 1.24799e+018
2.4 1.25288e+018
2.45 1.25759e+018
2.5 1.26214e+018
2.55 1.26653e+018
2.6 1.27078e+018
2.65 1.27489e+018
2.7 1.27887e+018
2.75 1.28273e+018
2.8 1.28648e+018
2.85 1.29011e+018
2.9 1.29365e+018
2.95 1.29708e+018
3 1.30042e+018
