Probe channel_electrons vs gate bias
121 2 2
gate bias
Probe channel_electrons
-3 3.06936e-031
-2.95 3.63505e-031
-2.9 4.53405e-031
-2.85 6.15229e-031
-2.8 9.68866e-031
-2.75 2.0249e-030
-2.7 6.89552e-030
-2.65 3.78776e-029
-2.6 2.45232e-028
-2.55 1.49499e-027
-2.5 8.67699e-027
-2.45 5.43961e-026
-2.4 3.64541e-025
-2.35 2.50104e-024
-2.3 1.72667e-023
-2.25 1.1939e-022
-2.2 8.25822e-022
-2.15 5.71274e-021
-2.1 3.95196e-020
-2.05 2.7339e-019
-2 1.89127e-018
-1.95 1.30835e-017
-1.9 9.05097e-017
-1.85 6.26133e-016
-1.8 4.33149e-015
-1.75 2.99646e-014
-1.7 2.0729e-013
-1.65 1.43399e-012
-1.6 9.91926e-012
-1.55 6.8579e-011
-1.5 4.72499e-010
-1.45 3.18914e-009
-1.4 2.01964e-008
-1.35 1.27464e-007
-1.3 8.60795e-007
-1.25 5.93748e-006
-1.2 4.10627e-005
-1.15 0.000284049
-1.1 0.00196491
-1.05 0.0135921
-1 0.0939962
-0.95 0.643457
-0.9 4.29189
-0.85 29.5676
-0.8 204.511
-0.75 1414.67
-0.7 9785.68
-0.65 67690
-0.6 468226
-0.55 3.23878e+006
-0.5 2.24029e+007
-0.45 1.5496e+008
-0.4 1.07183e+009
-0.35 7.41316e+009
-0.3 5.12619e+010
-0.25 3.54201e+011
-0.2 2.43982e+012
-0.15 1.65978e+013
-0.1 1.07712e+014
-0.05 6.04006e+014
0 2.52322e+015
0.05 7.48092e+015
0.1 1.69611e+016
0.15 3.20352e+016
0.2 5.33346e+016
0.25 8.09725e+016
0.3 1.14495e+017
0.35 1.52927e+017
0.4 1.94914e+017
0.45 2.38925e+017
0.5 2.83457e+017
0.55 3.27216e+017
0.6 3.69225e+017
0.65 4.08874e+017
0.7 4.4589e+017
0.75 4.80241e+017
0.8 5.12026e+017
0.85 5.41411e+017
0.9 5.68606e+017
0.95 5.93845e+017
1 6.17369e+017
1.05 6.39401e+017
1.1 6.60147e+017
1.15 6.79785e+017
1.2 6.98468e+017
1.25 7.16322e+017
1.3 7.33452e+017
1.35 7.49942e+017
1.4 7.65856e+017
1.45 7.81249e+017
1.5 7.96163e+017
1.55 8.10633e+017
1.6 8.2469e+017
1.65 8.3836e+017
1.7 8.51666e+017
1.75 8.64629e+017
1.8 8.77269e+017
1.85 8.89604e+017
1.9 9.0165e+017
1.95 9.13422e+017
2 9.24933e+017
2.05 9.36199e+017
2.1 9.47229e+017
2.15 9.58036e+017
2.2 9.68631e+017
2.25 9.79023e+017
2.3 9.89222e+017
2.35 9.99235e+017
2.4 1.00907e+018
2.45 1.01874e+018
2.5 1.02825e+018
2.55 1.0376e+018
2.6 1.0468e+018
2.65 1.05585e+018
2.7 1.06477e+018
2.75 1.07356e+018
2.8 1.08222e+018
2.85 1.09075e+018
2.9 1.09917e+018
2.95 1.10747e+018
3 1.11567e+018
