drain current vs gate bias
121 2 2
gate bias
drain current
-3 0
-2.95 0
-2.9 0
-2.85 0
-2.8 0
-2.75 0
-2.7 0
-2.65 0
-2.6 0
-2.55 0
-2.5 0
-2.45 0
-2.4 0
-2.35 0
-2.3 0
-2.25 0
-2.2 0
-2.15 0
-2.1 0
-2.05 0
-2 0
-1.95 0
-1.9 0
-1.85 0
-1.8 0
-1.75 0
-1.7 0
-1.65 0
-1.6 0
-1.55 0
-1.5 0
-1.45 0
-1.4 0
-1.35 0
-1.3 0
-1.25 0
-1.2 0
-1.15 0
-1.1 0
-1.05 0
-1 0
-0.95 0
-0.9 0
-0.85 0
-0.8 0
-0.75 0
-0.7 1.03232e-021
-0.65 4.12928e-021
-0.6 2.68403e-020
-0.55 1.83753e-019
-0.5 1.27027e-018
-0.45 8.77833e-018
-0.4 6.07081e-017
-0.35 4.19813e-016
-0.3 2.90263e-015
-0.25 2.00567e-014
-0.2 1.38254e-013
-0.15 9.43803e-013
-0.1 6.20983e-012
-0.05 3.63619e-011
0 1.66191e-010
0.05 5.53952e-010
0.1 1.40613e-009
0.15 2.92987e-009
0.2 5.32021e-009
0.25 8.76767e-009
0.3 1.34713e-008
0.35 1.96511e-008
0.4 2.75574e-008
0.45 3.74735e-008
0.5 4.97108e-008
0.55 6.45949e-008
0.6 8.24429e-008
0.65 1.0353e-007
0.7 1.2805e-007
0.75 1.56107e-007
0.8 1.87739e-007
0.85 2.22954e-007
0.9 2.61729e-007
0.95 3.04011e-007
1 3.49703e-007
1.05 3.98663e-007
1.1 4.50705e-007
1.15 5.05599e-007
1.2 5.63081e-007
1.25 6.22864e-007
1.3 6.84655e-007
1.35 7.48173e-007
1.4 8.13162e-007
1.45 8.79398e-007
1.5 9.46691e-007
1.55 1.01488e-006
1.6 1.08384e-006
1.65 1.15347e-006
1.7 1.22367e-006
1.75 1.29437e-006
1.8 1.36551e-006
1.85 1.43704e-006
1.9 1.50892e-006
1.95 1.58111e-006
2 1.65358e-006
2.05 1.72631e-006
2.1 1.79926e-006
2.15 1.87243e-006
2.2 1.94578e-006
2.25 2.01932e-006
2.3 2.09301e-006
2.35 2.16686e-006
2.4 2.24085e-006
2.45 2.31497e-006
2.5 2.3892e-006
2.55 2.46356e-006
2.6 2.53801e-006
2.65 2.61257e-006
2.7 2.68722e-006
2.75 2.76195e-006
2.8 2.83677e-006
2.85 2.91167e-006
2.9 2.98664e-006
2.95 3.06168e-006
3 3.13678e-006
