Conduction Band Energy vs Depth
87 2 2
Depth
Conduction Band Energy
0 3.58103
0.0200101 3.58103
0.0343543 3.58103
0.0446368 3.58103
0.0520079 3.58103
0.0572917 3.58103
0.0610795 3.58103
0.0637947 3.58103
0.0657411 3.58103
0.0671363 3.58103
0.0681365 3.58103
0.0688535 3.58103
0.0693675 3.58103
0.0697359 3.58103
0.07 0.534337
0.07 0.534337
0.0702481 0.534352
0.0704686 0.534389
0.0706647 0.534441
0.0708389 0.534502
0.0709938 0.534568
0.0711315 0.534637
0.0712539 0.534705
0.0713627 0.534772
0.0714594 0.534835
0.0715453 0.534896
0.0716217 0.534952
0.0716896 0.535005
0.07175 0.535054
0.07175 0.535054
0.0718125 0.535106
0.071875 0.535159
0.0719375 0.535215
0.072 0.535272
0.072 0.535272
0.0720595 3.58409
0.0721253 3.58644
0.0721982 3.58905
0.0722789 3.59193
0.0723683 3.59512
0.0724672 3.59866
0.0725767 3.60258
0.072698 3.60691
0.0728323 3.61171
0.0729809 3.61702
0.0731455 3.6229
0.0733277 3.62941
0.0735294 3.63662
0.0737527 3.64461
0.074 4.55344
0.074 4.55344
0.0742427 4.55743
0.0744984 4.56164
0.0747678 4.56606
0.0750516 4.57073
0.0753506 4.57564
0.0756656 4.58082
0.0759976 4.58628
0.0763473 4.59203
0.0767157 4.59808
0.0771039 4.60446
0.0775128 4.61119
0.0779437 4.61827
0.0783977 4.62573
0.0788759 4.63359
0.0793798 4.64187
0.0799107 4.6506
0.0804701 4.65979
0.0810594 4.66948
0.0816802 4.67968
0.0823344 4.69044
0.0830235 4.70176
0.0837496 4.7137
0.0845146 4.72627
0.0853206 4.73952
0.0861697 4.75348
0.0870644 4.76818
0.0880069 4.78368
0.089 4.8
0.089 0
0.0900551 0
0.0917786 0
0.0945935 0
0.0991911 0
0.106701 0
0.118966 0
0.139 0
