Conduction Band Energy vs Depth
87 2 2
Depth
Conduction Band Energy
0 2.65339
0.0200101 2.65339
0.0343543 2.65339
0.0446368 2.6534
0.0520079 2.6534
0.0572917 2.6534
0.0610795 2.6534
0.0637947 2.6534
0.0657411 2.6534
0.0671363 2.6534
0.0681365 2.6534
0.0688535 2.6534
0.0693675 2.6534
0.0697359 2.6534
0.07 -0.393294
0.07 -0.393294
0.0702481 -0.395424
0.0704686 -0.400951
0.0706647 -0.408857
0.0708389 -0.41839
0.0709938 -0.428983
0.0711315 -0.440203
0.0712539 -0.451711
0.0713627 -0.463249
0.0714594 -0.474616
0.0715453 -0.485659
0.0716217 -0.496268
0.0716896 -0.506363
0.07175 -0.515892
0.07175 -0.515892
0.0718125 -0.526355
0.071875 -0.53746
0.0719375 -0.549242
0.072 -0.56174
0.072 -0.56174
0.0720595 2.47436
0.0721253 2.46263
0.0721982 2.44964
0.0722789 2.43527
0.0723683 2.41935
0.0724672 2.40173
0.0725767 2.38222
0.072698 2.36062
0.0728323 2.33671
0.0729809 2.31023
0.0731455 2.28092
0.0733277 2.24847
0.0735294 2.21254
0.0737527 2.17276
0.074 3.02871
0.074 3.02871
0.0742427 3.00883
0.0744984 2.98789
0.0747678 2.96582
0.0750516 2.94257
0.0753506 2.91808
0.0756656 2.89227
0.0759976 2.86508
0.0763473 2.83644
0.0767157 2.80626
0.0771039 2.77446
0.0775128 2.74096
0.0779437 2.70567
0.0783977 2.66848
0.0788759 2.6293
0.0793798 2.58803
0.0799107 2.54454
0.0804701 2.49872
0.0810594 2.45045
0.0816802 2.39959
0.0823344 2.34601
0.0830235 2.28956
0.0837496 2.23008
0.0845146 2.16742
0.0853206 2.1014
0.0861697 2.03184
0.0870644 1.95856
0.0880069 1.88135
0.089 1.8
0.089 0
0.0900551 0
0.0917786 0
0.0945935 0
0.0991911 0
0.106701 0
0.118966 0
0.139 0
