Conduction Band Energy vs Depth
87 2 2
Depth
Conduction Band Energy
0 3.06808
0.0200101 3.06808
0.0343543 3.06808
0.0446368 3.06808
0.0520079 3.06808
0.0572917 3.06808
0.0610795 3.06808
0.0637947 3.06808
0.0657411 3.06808
0.0671363 3.06808
0.0681365 3.06808
0.0688535 3.06808
0.0693675 3.06808
0.0697359 3.06808
0.07 0.0213928
0.07 0.0213928
0.0702481 0.0211699
0.0704686 0.0205954
0.0706647 0.0197837
0.0708389 0.0188199
0.0709938 0.0177677
0.0711315 0.0166742
0.0712539 0.0155743
0.0713627 0.0144931
0.0714594 0.0134482
0.0715453 0.0124518
0.0716217 0.0115114
0.0716896 0.0106314
0.07175 0.00981377
0.07175 0.00981377
0.0718125 0.00891264
0.071875 0.00795524
0.0719375 0.00694081
0.072 0.00586854
0.072 0.00586854
0.0720595 3.05354
0.0721253 3.05463
0.0721982 3.05584
0.0722789 3.05718
0.0723683 3.05866
0.0724672 3.0603
0.0725767 3.06211
0.072698 3.06412
0.0728323 3.06635
0.0729809 3.06881
0.0731455 3.07154
0.0733277 3.07456
0.0735294 3.0779
0.0737527 3.0816
0.074 3.9857
0.074 3.9857
0.0742427 3.98755
0.0744984 3.9895
0.0747678 3.99155
0.0750516 3.99371
0.0753506 3.99599
0.0756656 3.99839
0.0759976 4.00092
0.0763473 4.00358
0.0767157 4.00639
0.0771039 4.00935
0.0775128 4.01247
0.0779437 4.01575
0.0783977 4.01921
0.0788759 4.02285
0.0793798 4.02669
0.0799107 4.03074
0.0804701 4.035
0.0810594 4.03949
0.0816802 4.04422
0.0823344 4.04921
0.0830235 4.05446
0.0837496 4.05999
0.0845146 4.06582
0.0853206 4.07196
0.0861697 4.07843
0.0870644 4.08525
0.0880069 4.09243
0.089 4.1
0.089 0
0.0900551 0
0.0917786 0
0.0945935 0
0.0991911 0
0.106701 0
0.118966 0
0.139 0
