Probe chan_n vs gate bias
76 2 2
gate bias
Probe chan_n
-3 5.89164e-039
-2.8 5.75986e-038
-2.6 7.31963e-035
-2.4 1.67548e-031
-2.2 3.83691e-028
-2 8.44779e-025
-1.8 1.66337e-021
-1.6 3.80085e-018
-1.4 8.70468e-015
-1.2 1.89207e-011
-1 2.76556e-008
-0.95 1.91304e-007
-0.9 1.32336e-006
-0.85 9.15449e-006
-0.8 6.33271e-005
-0.75 0.000438071
-0.7 0.00303039
-0.65 0.0209629
-0.6 0.145013
-0.55 1.00313
-0.5 6.93921
-0.45 48.002
-0.4 332.047
-0.35 2296.76
-0.3 15884.2
-0.25 109818
-0.2 758809
-0.15 5.239e+006
-0.1 3.61392e+007
-0.05 2.49031e+008
-4.24783e-016 1.71214e+009
0.05 1.16944e+010
0.1 7.86492e+010
0.15 5.15034e+011
0.2 3.26175e+012
0.25 1.99516e+013
0.3 1.16214e+014
0.35 6.03805e+014
0.4 2.48511e+015
0.45 7.55353e+015
0.5 1.75829e+016
0.55 3.37887e+016
0.6 5.69983e+016
0.65 8.79301e+016
0.7 1.27364e+017
0.75 1.7624e+017
0.8 2.35732e+017
0.85 3.07298e+017
0.9 3.92728e+017
0.95 4.94159e+017
1 6.14072e+017
1.05 7.5524e+017
1.1 9.20666e+017
1.15 1.11349e+018
1.2 1.33678e+018
1.25 1.59331e+018
1.3 1.88529e+018
1.35 2.21421e+018
1.4 2.58084e+018
1.45 2.98524e+018
1.5 3.42687e+018
1.6 4.41749e+018
1.7 5.54169e+018
1.8 6.78715e+018
1.9 8.14201e+018
2 9.59482e+018
2.1 1.1134e+019
2.2 1.27479e+019
2.3 1.44251e+019
2.4 1.6155e+019
2.5 1.79283e+019
2.6 1.9737e+019
2.7 2.15744e+019
2.8 2.34351e+019
2.9 2.53145e+019
3 2.72092e+019
