drain current vs gate bias
76 2 2
gate bias
drain current
-3 2.65876e-019
-2.8 -1.13626e-019
-2.6 8.131e-019
-2.4 -4.04424e-019
-2.2 -6.30259e-019
-2 -2.89617e-019
-1.8 -2.89144e-019
-1.6 3.85526e-019
-1.4 6.09471e-019
-1.2 5.92462e-019
-1 -1.77644e-019
-0.95 2.66466e-019
-0.9 -1.13295e-018
-0.85 -1.36351e-018
-0.8 1.79534e-018
-0.75 8.12628e-019
-0.7 -1.69518e-018
-0.65 -1.3758e-018
-0.6 1.26808e-018
-0.55 1.05075e-018
-0.5 1.2832e-018
-0.45 1.87849e-018
-0.4 -1.70085e-019
-0.35 1.87094e-019
-0.3 1.20382e-018
-0.25 1.1169e-018
-0.2 -6.76473e-019
-0.15 -3.85845e-018
-0.1 -1.28105e-018
-0.05 2.25937e-018
-4.24783e-016 1.8746e-018
0.05 1.36634e-017
0.1 8.70785e-017
0.15 5.70092e-016
0.2 3.66409e-015
0.25 2.28119e-014
0.3 1.36153e-013
0.35 7.4531e-013
0.4 3.4233e-012
0.45 1.22905e-011
0.5 3.46532e-011
0.55 8.05353e-011
0.6 1.62171e-010
0.65 2.93957e-010
0.7 4.92767e-010
0.75 7.78509e-010
0.8 1.17484e-009
0.85 1.70998e-009
0.9 2.41756e-009
0.95 3.33728e-009
1 4.5153e-009
1.05 6.00385e-009
1.1 7.85992e-009
1.15 1.01428e-008
1.2 1.29115e-008
1.25 1.62234e-008
1.3 2.01327e-008
1.35 2.4689e-008
1.4 2.99357e-008
1.45 3.59089e-008
1.5 4.26356e-008
1.6 5.84092e-008
1.7 7.72697e-008
1.8 9.90606e-008
1.9 1.23482e-007
2 1.50145e-007
2.1 1.78643e-007
2.2 2.08599e-007
2.3 2.39696e-007
2.4 2.71683e-007
2.5 3.04365e-007
2.6 3.37598e-007
2.7 3.71271e-007
2.8 4.05301e-007
2.9 4.39626e-007
3 4.74196e-007
