source current vs gate bias
76 2 2
gate bias
source current
-3 1.41737e-020
-2.8 -2.84892e-019
-2.6 -2.51348e-019
-2.4 2.23945e-019
-2.2 2.58434e-019
-2 -3.44894e-019
-1.8 3.8836e-019
-1.6 1.45328e-018
-1.4 1.17453e-018
-1.2 1.08344e-017
-1 -2.45678e-019
-0.95 3.51509e-019
-0.9 2.81585e-019
-0.85 -1.0961e-019
-0.8 6.7278e-019
-0.75 -3.70407e-019
-0.7 4.15763e-020
-0.65 2.83475e-020
-0.6 -1.85203e-019
-0.55 1.14524e-018
-0.5 2.83475e-020
-0.45 1.03185e-018
-0.4 -1.39281e-018
-0.35 -7.74833e-020
-0.3 5.83956e-019
-0.25 -7.18244e-020
-0.2 3.36316e-019
-0.15 1.27702e-018
-0.1 2.33241e-018
-0.05 4.56675e-019
-4.24783e-016 -3.02762e-018
0.05 -1.34208e-017
0.1 -8.43218e-017
0.15 -5.69702e-016
0.2 -3.66288e-015
0.25 -2.28146e-014
0.3 -1.36153e-013
0.35 -7.45308e-013
0.4 -3.4233e-012
0.45 -1.22906e-011
0.5 -3.46532e-011
0.55 -8.05353e-011
0.6 -1.62171e-010
0.65 -2.93957e-010
0.7 -4.92767e-010
0.75 -7.78509e-010
0.8 -1.17484e-009
0.85 -1.70998e-009
0.9 -2.41756e-009
0.95 -3.33728e-009
1 -4.5153e-009
1.05 -6.00385e-009
1.1 -7.85992e-009
1.15 -1.01428e-008
1.2 -1.29115e-008
1.25 -1.62234e-008
1.3 -2.01327e-008
1.35 -2.4689e-008
1.4 -2.99357e-008
1.45 -3.59089e-008
1.5 -4.26356e-008
1.6 -5.84092e-008
1.7 -7.72697e-008
1.8 -9.90606e-008
1.9 -1.23482e-007
2 -1.50145e-007
2.1 -1.78643e-007
2.2 -2.08599e-007
2.3 -2.39696e-007
2.4 -2.71683e-007
2.5 -3.04365e-007
2.6 -3.37598e-007
2.7 -3.71271e-007
2.8 -4.05301e-007
2.9 -4.39626e-007
3 -4.74196e-007
