Valence Band Energy vs Depth
87 2 2
Depth
Valence Band Energy
0 -5.41897
0.0200101 -5.41897
0.0343543 -5.41897
0.0446368 -5.41897
0.0520079 -5.41897
0.0572917 -5.41897
0.0610795 -5.41897
0.0637947 -5.41897
0.0657411 -5.41897
0.0671363 -5.41897
0.0681365 -5.41897
0.0688535 -5.41897
0.0693675 -5.41897
0.0697359 -5.41897
0.07 -2.86897
0.07 -2.86897
0.0702481 -2.86896
0.0704686 -2.86892
0.0706647 -2.86887
0.0708389 -2.86881
0.0709938 -2.86874
0.0711315 -2.86867
0.0712539 -2.8686
0.0713627 -2.86854
0.0714594 -2.86847
0.0715453 -2.86841
0.0716217 -2.86836
0.0716896 -2.8683
0.07175 -2.86826
0.07175 -2.86826
0.0718125 -2.8682
0.071875 -2.86815
0.0719375 -2.8681
0.072 -2.86804
0.072 -2.86804
0.0720595 -5.41591
0.0721253 -5.41356
0.0721982 -5.41095
0.0722789 -5.40807
0.0723683 -5.40488
0.0724672 -5.40134
0.0725767 -5.39742
0.072698 -5.39309
0.0728323 -5.38829
0.0729809 -5.38298
0.0731455 -5.3771
0.0733277 -5.37059
0.0735294 -5.36338
0.0737527 -5.35539
0.074 -1.14656
0.074 -1.14656
0.0742427 -1.14257
0.0744984 -1.13836
0.0747678 -1.13394
0.0750516 -1.12927
0.0753506 -1.12436
0.0756656 -1.11918
0.0759976 -1.11372
0.0763473 -1.10797
0.0767157 -1.10192
0.0771039 -1.09554
0.0775128 -1.08881
0.0779437 -1.08173
0.0783977 -1.07427
0.0788759 -1.06641
0.0793798 -1.05813
0.0799107 -1.0494
0.0804701 -1.04021
0.0810594 -1.03052
0.0816802 -1.02032
0.0823344 -1.00956
0.0830235 -0.998235
0.0837496 -0.9863
0.0845146 -0.973726
0.0853206 -0.960479
0.0861697 -0.946521
0.0870644 -0.931816
0.0880069 -0.916323
0.089 -0.9
0.089 0
0.0900551 0
0.0917786 0
0.0945935 0
0.0991911 0
0.106701 0
0.118966 0
0.139 0
