Valence Band Energy vs Depth
87 2 2
Depth
Valence Band Energy
0 -6.34661
0.0200101 -6.34661
0.0343543 -6.34661
0.0446368 -6.3466
0.0520079 -6.3466
0.0572917 -6.3466
0.0610795 -6.3466
0.0637947 -6.3466
0.0657411 -6.3466
0.0671363 -6.3466
0.0681365 -6.3466
0.0688535 -6.3466
0.0693675 -6.3466
0.0697359 -6.3466
0.07 -3.7966
0.07 -3.7966
0.0702481 -3.79873
0.0704686 -3.80426
0.0706647 -3.81217
0.0708389 -3.8217
0.0709938 -3.83229
0.0711315 -3.84351
0.0712539 -3.85502
0.0713627 -3.86656
0.0714594 -3.87793
0.0715453 -3.88897
0.0716217 -3.89958
0.0716896 -3.90967
0.07175 -3.9192
0.07175 -3.9192
0.0718125 -3.92967
0.071875 -3.94077
0.0719375 -3.95255
0.072 -3.96505
0.072 -3.96505
0.0720595 -6.52564
0.0721253 -6.53737
0.0721982 -6.55036
0.0722789 -6.56473
0.0723683 -6.58065
0.0724672 -6.59827
0.0725767 -6.61778
0.072698 -6.63938
0.0728323 -6.66329
0.0729809 -6.68977
0.0731455 -6.71908
0.0733277 -6.75153
0.0735294 -6.78746
0.0737527 -6.82724
0.074 -2.67129
0.074 -2.67129
0.0742427 -2.69117
0.0744984 -2.71211
0.0747678 -2.73418
0.0750516 -2.75743
0.0753506 -2.78192
0.0756656 -2.80773
0.0759976 -2.83492
0.0763473 -2.86356
0.0767157 -2.89374
0.0771039 -2.92554
0.0775128 -2.95904
0.0779437 -2.99433
0.0783977 -3.03152
0.0788759 -3.0707
0.0793798 -3.11197
0.0799107 -3.15546
0.0804701 -3.20128
0.0810594 -3.24955
0.0816802 -3.30041
0.0823344 -3.35399
0.0830235 -3.41044
0.0837496 -3.46992
0.0845146 -3.53258
0.0853206 -3.5986
0.0861697 -3.66816
0.0870644 -3.74144
0.0880069 -3.81865
0.089 -3.9
0.089 0
0.0900551 0
0.0917786 0
0.0945935 0
0.0991911 0
0.106701 0
0.118966 0
0.139 0
