Valence Band Energy vs Depth
87 2 2
Depth
Valence Band Energy
0 -5.93192
0.0200101 -5.93192
0.0343543 -5.93192
0.0446368 -5.93192
0.0520079 -5.93192
0.0572917 -5.93192
0.0610795 -5.93192
0.0637947 -5.93192
0.0657411 -5.93192
0.0671363 -5.93192
0.0681365 -5.93192
0.0688535 -5.93192
0.0693675 -5.93192
0.0697359 -5.93192
0.07 -3.38192
0.07 -3.38192
0.0702481 -3.38214
0.0704686 -3.38271
0.0706647 -3.38353
0.0708389 -3.38449
0.0709938 -3.38554
0.0711315 -3.38664
0.0712539 -3.38774
0.0713627 -3.38882
0.0714594 -3.38986
0.0715453 -3.39086
0.0716217 -3.3918
0.0716896 -3.39268
0.07175 -3.3935
0.07175 -3.3935
0.0718125 -3.3944
0.071875 -3.39535
0.0719375 -3.39637
0.072 -3.39744
0.072 -3.39744
0.0720595 -5.94646
0.0721253 -5.94537
0.0721982 -5.94416
0.0722789 -5.94282
0.0723683 -5.94134
0.0724672 -5.9397
0.0725767 -5.93789
0.072698 -5.93588
0.0728323 -5.93365
0.0729809 -5.93119
0.0731455 -5.92846
0.0733277 -5.92544
0.0735294 -5.9221
0.0737527 -5.9184
0.074 -1.7143
0.074 -1.7143
0.0742427 -1.71245
0.0744984 -1.7105
0.0747678 -1.70845
0.0750516 -1.70629
0.0753506 -1.70401
0.0756656 -1.70161
0.0759976 -1.69908
0.0763473 -1.69642
0.0767157 -1.69361
0.0771039 -1.69065
0.0775128 -1.68753
0.0779437 -1.68425
0.0783977 -1.68079
0.0788759 -1.67715
0.0793798 -1.67331
0.0799107 -1.66926
0.0804701 -1.665
0.0810594 -1.66051
0.0816802 -1.65578
0.0823344 -1.65079
0.0830235 -1.64554
0.0837496 -1.64001
0.0845146 -1.63418
0.0853206 -1.62804
0.0861697 -1.62157
0.0870644 -1.61475
0.0880069 -1.60757
0.089 -1.6
0.089 0
0.0900551 0
0.0917786 0
0.0945935 0
0.0991911 0
0.106701 0
0.118966 0
0.139 0
