Conduction Band Energy vs Depth
87 2 2
Depth
Conduction Band Energy
0 3.48103
0.0200101 3.48103
0.0343543 3.48103
0.0446368 3.48103
0.0520079 3.48103
0.0572917 3.48103
0.0610795 3.48103
0.0637947 3.48103
0.0657411 3.48103
0.0671363 3.48103
0.0681365 3.48103
0.0688535 3.48103
0.0693675 3.48103
0.0697359 3.48103
0.07 0.534337
0.07 0.534337
0.0702481 0.534352
0.0704686 0.534389
0.0706647 0.534441
0.0708389 0.534502
0.0709938 0.534568
0.0711315 0.534637
0.0712539 0.534705
0.0713627 0.534772
0.0714594 0.534835
0.0715453 0.534896
0.0716217 0.534952
0.0716896 0.535005
0.07175 0.535054
0.07175 0.535054
0.0718125 0.535106
0.071875 0.535159
0.0719375 0.535215
0.072 0.535272
0.072 0.535272
0.0720595 3.48409
0.0721253 3.48644
0.0721982 3.48905
0.0722789 3.49193
0.0723683 3.49512
0.0724672 3.49866
0.0725767 3.50258
0.072698 3.50691
0.0728323 3.51171
0.0729809 3.51702
0.0731455 3.5229
0.0733277 3.52941
0.0735294 3.53662
0.0737527 3.54461
0.074 4.45344
0.074 4.45344
0.0742427 4.45743
0.0744984 4.46164
0.0747678 4.46606
0.0750516 4.47073
0.0753506 4.47564
0.0756656 4.48082
0.0759976 4.48628
0.0763473 4.49203
0.0767157 4.49808
0.0771039 4.50446
0.0775128 4.51119
0.0779437 4.51827
0.0783977 4.52573
0.0788759 4.53359
0.0793798 4.54187
0.0799107 4.5506
0.0804701 4.55979
0.0810594 4.56948
0.0816802 4.57968
0.0823344 4.59044
0.0830235 4.60176
0.0837496 4.6137
0.0845146 4.62627
0.0853206 4.63952
0.0861697 4.65348
0.0870644 4.66818
0.0880069 4.68368
0.089 4.7
0.089 0
0.0900551 0
0.0917786 0
0.0945935 0
0.0991911 0
0.106701 0
0.118966 0
0.139 0
