Conduction Band Energy vs Depth
87 2 2
Depth
Conduction Band Energy
0 2.55679
0.0200101 2.55679
0.0343543 2.55679
0.0446368 2.55679
0.0520079 2.55679
0.0572917 2.55679
0.0610795 2.55679
0.0637947 2.55679
0.0657411 2.55679
0.0671363 2.55679
0.0681365 2.55679
0.0688535 2.55679
0.0693675 2.55679
0.0697359 2.55679
0.07 -0.389897
0.07 -0.389897
0.0702481 -0.39203
0.0704686 -0.397568
0.0706647 -0.405488
0.0708389 -0.41504
0.0709938 -0.425655
0.0711315 -0.436897
0.0712539 -0.44843
0.0713627 -0.459991
0.0714594 -0.471381
0.0715453 -0.482447
0.0716217 -0.493077
0.0716896 -0.503191
0.07175 -0.512738
0.07175 -0.512738
0.0718125 -0.52322
0.071875 -0.534345
0.0719375 -0.546147
0.072 -0.558666
0.072 -0.558666
0.0720595 2.37741
0.0721253 2.36566
0.0721982 2.35265
0.0722789 2.33825
0.0723683 2.3223
0.0724672 2.30464
0.0725767 2.2851
0.072698 2.26346
0.0728323 2.2395
0.0729809 2.21297
0.0731455 2.1836
0.0733277 2.15108
0.0735294 2.11508
0.0737527 2.07522
0.074 2.9311
0.074 2.9311
0.0742427 2.91118
0.0744984 2.89019
0.0747678 2.86808
0.0750516 2.84479
0.0753506 2.82025
0.0756656 2.79439
0.0759976 2.76715
0.0763473 2.73845
0.0767157 2.70821
0.0771039 2.67635
0.0775128 2.64279
0.0779437 2.60742
0.0783977 2.57017
0.0788759 2.53091
0.0793798 2.48956
0.0799107 2.44598
0.0804701 2.40008
0.0810594 2.35171
0.0816802 2.30076
0.0823344 2.24707
0.0830235 2.19051
0.0837496 2.13091
0.0845146 2.06813
0.0853206 2.00198
0.0861697 1.93229
0.0870644 1.85886
0.0880069 1.7815
0.089 1.7
0.089 0
0.0900551 0
0.0917786 0
0.0945935 0
0.0991911 0
0.106701 0
0.118966 0
0.139 0
