Conduction Band Energy vs Depth
87 2 2
Depth
Conduction Band Energy
0 2.96799
0.0200101 2.96799
0.0343543 2.96799
0.0446368 2.96799
0.0520079 2.96799
0.0572917 2.96799
0.0610795 2.96799
0.0637947 2.96799
0.0657411 2.96799
0.0671363 2.96799
0.0681365 2.96799
0.0688535 2.96799
0.0693675 2.96799
0.0697359 2.96799
0.07 0.0212973
0.07 0.0212973
0.0702481 0.0210743
0.0704686 0.0204999
0.0706647 0.0196883
0.0708389 0.0187247
0.0709938 0.0176727
0.0711315 0.0165795
0.0712539 0.0154799
0.0713627 0.014399
0.0714594 0.0133545
0.0715453 0.0123584
0.0716217 0.0114184
0.0716896 0.0105388
0.07175 0.00972154
0.07175 0.00972154
0.0718125 0.00882083
0.071875 0.00786391
0.0719375 0.00685002
0.072 0.00577833
0.072 0.00577833
0.0720595 2.95345
0.0721253 2.95455
0.0721982 2.95575
0.0722789 2.95709
0.0723683 2.95857
0.0724672 2.96021
0.0725767 2.96203
0.072698 2.96404
0.0728323 2.96627
0.0729809 2.96873
0.0731455 2.97146
0.0733277 2.97448
0.0735294 2.97783
0.0737527 2.98153
0.074 3.88563
0.074 3.88563
0.0742427 3.88748
0.0744984 3.88943
0.0747678 3.89148
0.0750516 3.89365
0.0753506 3.89593
0.0756656 3.89833
0.0759976 3.90086
0.0763473 3.90353
0.0767157 3.90633
0.0771039 3.90929
0.0775128 3.91241
0.0779437 3.9157
0.0783977 3.91916
0.0788759 3.92281
0.0793798 3.92665
0.0799107 3.9307
0.0804701 3.93496
0.0810594 3.93945
0.0816802 3.94419
0.0823344 3.94918
0.0830235 3.95443
0.0837496 3.95997
0.0845146 3.9658
0.0853206 3.97195
0.0861697 3.97842
0.0870644 3.98524
0.0880069 3.99243
0.089 4
0.089 0
0.0900551 0
0.0917786 0
0.0945935 0
0.0991911 0
0.106701 0
0.118966 0
0.139 0
