Probe chan_n vs gate bias
76 2 2
gate bias
Probe chan_n
-3 5.89194e-039
-2.8 5.75987e-038
-2.6 7.31963e-035
-2.4 1.67548e-031
-2.2 3.8369e-028
-2 8.43411e-025
-1.8 1.65643e-021
-1.6 3.78493e-018
-1.4 8.66822e-015
-1.2 1.88351e-011
-1 2.76555e-008
-0.95 1.91304e-007
-0.9 1.32336e-006
-0.85 9.15449e-006
-0.8 6.33271e-005
-0.75 0.000438071
-0.7 0.00303039
-0.65 0.0209629
-0.6 0.145013
-0.55 1.00313
-0.5 6.93921
-0.45 48.002
-0.4 332.047
-0.35 2296.76
-0.3 15884.2
-0.25 109818
-0.2 758809
-0.15 5.239e+006
-0.1 3.61392e+007
-0.05 2.49031e+008
-4.24783e-016 1.71214e+009
0.05 1.16944e+010
0.1 7.86492e+010
0.15 5.15035e+011
0.2 3.26176e+012
0.25 1.99517e+013
0.3 1.1622e+014
0.35 6.03941e+014
0.4 2.48696e+015
0.45 7.5665e+015
0.5 1.76362e+016
0.55 3.39413e+016
0.6 5.73463e+016
0.65 8.86084e+016
0.7 1.28543e+017
0.75 1.78121e+017
0.8 2.3852e+017
0.85 3.11162e+017
0.9 3.97729e+017
0.95 5.00156e+017
1 6.20597e+017
1.05 7.61377e+017
1.1 9.24943e+017
1.15 1.11382e+018
1.2 1.33048e+018
1.25 1.5772e+018
1.3 1.85583e+018
1.35 2.16774e+018
1.4 2.51377e+018
1.45 2.89429e+018
1.5 3.30922e+018
1.6 4.24031e+018
1.7 5.30083e+018
1.8 6.48237e+018
1.9 7.77545e+018
2 9.16975e+018
2.1 1.06542e+019
2.2 1.22172e+019
2.3 1.38477e+019
2.4 1.55349e+019
2.5 1.72696e+019
2.6 1.90435e+019
2.7 2.08496e+019
2.8 2.26821e+019
2.9 2.45364e+019
3 2.64083e+019
