Probe chan_mob vs gate bias
76 2 2
gate bias
Probe chan_mob
-3 13.3
-2.8 13.3
-2.6 13.3
-2.4 13.3
-2.2 13.3
-2 13.3
-1.8 13.3
-1.6 13.3
-1.4 13.3
-1.2 13.3
-1 13.3
-0.95 13.3
-0.9 13.3
-0.85 13.3
-0.8 13.3
-0.75 13.3
-0.7 13.3
-0.65 13.3
-0.6 13.3
-0.55 13.3
-0.5 13.3
-0.45 13.3
-0.4 13.3
-0.35 13.3
-0.3 13.3
-0.25 13.3
-0.2 13.3
-0.15 13.3
-0.1 13.3
-0.05 13.3
-4.24783e-016 13.3
0.05 13.3
0.1 13.3
0.15 13.3
0.2 13.3
0.25 13.3
0.3 13.3
0.35 13.3
0.4 13.3
0.45 13.3
0.5 13.3
0.55 13.3
0.6 13.3
0.65 13.3
0.7 13.3
0.75 13.3
0.8 13.3
0.85 13.3
0.9 13.3
0.95 13.3
1 13.3
1.05 13.3
1.1 13.3
1.15 13.3
1.2 13.3
1.25 13.3
1.3 13.3
1.35 13.3
1.4 13.3
1.45 13.3
1.5 13.3
1.6 13.3
1.7 13.3
1.8 13.3
1.9 13.3
2 13.3
2.1 13.3
2.2 13.3
2.3 13.3
2.4 13.3
2.5 13.3
2.6 13.3
2.7 13.3
2.8 13.3
2.9 13.3
3 13.3
