drain current vs gate bias
76 2 2
gate bias
drain current
-3 -7.37979e-019
-2.8 -2.33158e-019
-2.6 -1.71266e-019
-2.4 -3.51272e-019
-2.2 -8.55621e-019
-2 -7.64909e-019
-1.8 -1.07862e-018
-1.6 1.57517e-018
-1.4 1.15374e-018
-1.2 -1.75754e-019
-1 -1.94558e-018
-0.95 2.32449e-019
-0.9 2.49363e-018
-0.85 -3.24106e-019
-0.8 1.61486e-018
-0.75 3.45178e-018
-0.7 2.25835e-019
-0.65 -1.6073e-018
-0.6 7.8428e-019
-0.55 -8.9578e-019
-0.5 1.30398e-018
-0.45 -3.38469e-018
-0.4 1.32288e-018
-0.35 -1.17359e-018
-0.3 -1.77642e-019
-0.25 -1.04695e-018
-0.2 4.04513e-019
-0.15 -9.66988e-019
-0.1 2.57808e-018
-0.05 2.37722e-018
-4.24783e-016 2.51046e-018
0.05 1.26422e-017
0.1 8.68451e-017
0.15 5.86094e-016
0.2 3.75334e-015
0.25 2.33817e-014
0.3 1.39544e-013
0.35 7.63963e-013
0.4 3.51028e-012
0.45 1.26119e-011
0.5 3.55952e-011
0.55 8.28231e-011
0.6 1.66993e-010
0.65 3.03095e-010
0.7 5.08738e-010
0.75 8.04691e-010
0.8 1.21555e-009
0.85 1.77046e-009
0.9 2.50373e-009
0.95 3.45532e-009
1 4.67088e-009
1.05 6.20125e-009
1.1 8.10094e-009
1.15 1.04258e-008
1.2 1.3231e-008
1.25 1.65692e-008
1.3 2.04903e-008
1.35 2.50401e-008
1.4 3.02586e-008
1.45 3.61793e-008
1.5 4.28276e-008
1.6 5.83653e-008
1.7 7.68916e-008
1.8 9.82753e-008
1.9 1.22259e-007
2 1.48506e-007
2.1 1.76655e-007
2.2 2.06364e-007
2.3 2.37332e-007
2.4 2.69309e-007
2.5 3.02094e-007
2.6 3.35531e-007
2.7 3.69497e-007
2.8 4.03897e-007
2.9 4.38655e-007
3 4.73715e-007
