source current vs gate bias
76 2 2
gate bias
source current
-3 -3.2576e-019
-2.8 2.16858e-019
-2.6 2.2111e-019
-2.4 -6.04746e-020
-2.2 1.28509e-019
-2 -3.4017e-019
-1.8 2.23e-019
-1.6 1.12445e-018
-1.4 2.95381e-018
-1.2 1.05509e-017
-1 2.68356e-019
-0.95 -7.8995e-019
-0.9 -1.28509e-019
-0.85 -1.48919e-018
-0.8 2.91034e-019
-0.75 -1.39659e-018
-0.7 -1.71786e-018
-0.65 -4.83797e-019
-0.6 1.62715e-018
-0.55 2.58907e-019
-0.5 -7.27585e-019
-0.45 2.60797e-019
-0.4 8.57984e-019
-0.35 7.5593e-020
-0.3 -1.00917e-018
-0.25 -3.09943e-019
-0.2 2.22237e-018
-0.15 9.77566e-020
-0.1 1.6482e-018
-0.05 -3.30075e-019
-4.24783e-016 -3.67411e-018
0.05 -1.31187e-017
0.1 -8.75661e-017
0.15 -5.81867e-016
0.2 -3.75356e-015
0.25 -2.33831e-014
0.3 -1.39545e-013
0.35 -7.63963e-013
0.4 -3.51028e-012
0.45 -1.26119e-011
0.5 -3.55952e-011
0.55 -8.28231e-011
0.6 -1.66993e-010
0.65 -3.03095e-010
0.7 -5.08738e-010
0.75 -8.04691e-010
0.8 -1.21555e-009
0.85 -1.77046e-009
0.9 -2.50373e-009
0.95 -3.45532e-009
1 -4.67088e-009
1.05 -6.20125e-009
1.1 -8.10094e-009
1.15 -1.04258e-008
1.2 -1.3231e-008
1.25 -1.65692e-008
1.3 -2.04903e-008
1.35 -2.50401e-008
1.4 -3.02586e-008
1.45 -3.61793e-008
1.5 -4.28276e-008
1.6 -5.83653e-008
1.7 -7.68916e-008
1.8 -9.82753e-008
1.9 -1.22259e-007
2 -1.48506e-007
2.1 -1.76655e-007
2.2 -2.06364e-007
2.3 -2.37332e-007
2.4 -2.69309e-007
2.5 -3.02094e-007
2.6 -3.35531e-007
2.7 -3.69497e-007
2.8 -4.03897e-007
2.9 -4.38655e-007
3 -4.73715e-007
