Valence Band Energy vs Depth
87 2 2
Depth
Valence Band Energy
0 -5.51897
0.0200101 -5.51897
0.0343543 -5.51897
0.0446368 -5.51897
0.0520079 -5.51897
0.0572917 -5.51897
0.0610795 -5.51897
0.0637947 -5.51897
0.0657411 -5.51897
0.0671363 -5.51897
0.0681365 -5.51897
0.0688535 -5.51897
0.0693675 -5.51897
0.0697359 -5.51897
0.07 -2.86897
0.07 -2.86897
0.0702481 -2.86896
0.0704686 -2.86892
0.0706647 -2.86887
0.0708389 -2.86881
0.0709938 -2.86874
0.0711315 -2.86867
0.0712539 -2.8686
0.0713627 -2.86854
0.0714594 -2.86847
0.0715453 -2.86841
0.0716217 -2.86836
0.0716896 -2.8683
0.07175 -2.86826
0.07175 -2.86826
0.0718125 -2.8682
0.071875 -2.86815
0.0719375 -2.8681
0.072 -2.86804
0.072 -2.86804
0.0720595 -5.51591
0.0721253 -5.51356
0.0721982 -5.51095
0.0722789 -5.50807
0.0723683 -5.50488
0.0724672 -5.50134
0.0725767 -5.49742
0.072698 -5.49309
0.0728323 -5.48829
0.0729809 -5.48298
0.0731455 -5.4771
0.0733277 -5.47059
0.0735294 -5.46338
0.0737527 -5.45539
0.074 -1.24656
0.074 -1.24656
0.0742427 -1.24257
0.0744984 -1.23836
0.0747678 -1.23394
0.0750516 -1.22927
0.0753506 -1.22436
0.0756656 -1.21918
0.0759976 -1.21372
0.0763473 -1.20797
0.0767157 -1.20192
0.0771039 -1.19554
0.0775128 -1.18881
0.0779437 -1.18173
0.0783977 -1.17427
0.0788759 -1.16641
0.0793798 -1.15813
0.0799107 -1.1494
0.0804701 -1.14021
0.0810594 -1.13052
0.0816802 -1.12032
0.0823344 -1.10956
0.0830235 -1.09824
0.0837496 -1.0863
0.0845146 -1.07373
0.0853206 -1.06048
0.0861697 -1.04652
0.0870644 -1.03182
0.0880069 -1.01632
0.089 -1
0.089 0
0.0900551 0
0.0917786 0
0.0945935 0
0.0991911 0
0.106701 0
0.118966 0
0.139 0
