Valence Band Energy vs Depth
87 2 2
Depth
Valence Band Energy
0 -6.44321
0.0200101 -6.44321
0.0343543 -6.44321
0.0446368 -6.44321
0.0520079 -6.44321
0.0572917 -6.44321
0.0610795 -6.44321
0.0637947 -6.44321
0.0657411 -6.44321
0.0671363 -6.44321
0.0681365 -6.44321
0.0688535 -6.44321
0.0693675 -6.44321
0.0697359 -6.44321
0.07 -3.79321
0.07 -3.79321
0.0702481 -3.79534
0.0704686 -3.80088
0.0706647 -3.8088
0.0708389 -3.81835
0.0709938 -3.82896
0.0711315 -3.84021
0.0712539 -3.85174
0.0713627 -3.8633
0.0714594 -3.87469
0.0715453 -3.88576
0.0716217 -3.89639
0.0716896 -3.9065
0.07175 -3.91605
0.07175 -3.91605
0.0718125 -3.92653
0.071875 -3.93766
0.0719375 -3.94946
0.072 -3.96198
0.072 -3.96198
0.0720595 -6.62259
0.0721253 -6.63434
0.0721982 -6.64735
0.0722789 -6.66175
0.0723683 -6.6777
0.0724672 -6.69536
0.0725767 -6.7149
0.072698 -6.73654
0.0728323 -6.7605
0.0729809 -6.78703
0.0731455 -6.8164
0.0733277 -6.84892
0.0735294 -6.88492
0.0737527 -6.92478
0.074 -2.7689
0.074 -2.7689
0.0742427 -2.78882
0.0744984 -2.80981
0.0747678 -2.83192
0.0750516 -2.85521
0.0753506 -2.87975
0.0756656 -2.90561
0.0759976 -2.93285
0.0763473 -2.96155
0.0767157 -2.99179
0.0771039 -3.02365
0.0775128 -3.05721
0.0779437 -3.09258
0.0783977 -3.12983
0.0788759 -3.16909
0.0793798 -3.21044
0.0799107 -3.25402
0.0804701 -3.29992
0.0810594 -3.34829
0.0816802 -3.39924
0.0823344 -3.45293
0.0830235 -3.50949
0.0837496 -3.56909
0.0845146 -3.63187
0.0853206 -3.69802
0.0861697 -3.76771
0.0870644 -3.84114
0.0880069 -3.9185
0.089 -4
0.089 0
0.0900551 0
0.0917786 0
0.0945935 0
0.0991911 0
0.106701 0
0.118966 0
0.139 0
