Valence Band Energy vs Depth
87 2 2
Depth
Valence Band Energy
0 -6.03201
0.0200101 -6.03201
0.0343543 -6.03201
0.0446368 -6.03201
0.0520079 -6.03201
0.0572917 -6.03201
0.0610795 -6.03201
0.0637947 -6.03201
0.0657411 -6.03201
0.0671363 -6.03201
0.0681365 -6.03201
0.0688535 -6.03201
0.0693675 -6.03201
0.0697359 -6.03201
0.07 -3.38201
0.07 -3.38201
0.0702481 -3.38224
0.0704686 -3.38281
0.0706647 -3.38362
0.0708389 -3.38459
0.0709938 -3.38564
0.0711315 -3.38673
0.0712539 -3.38783
0.0713627 -3.38891
0.0714594 -3.38996
0.0715453 -3.39095
0.0716217 -3.39189
0.0716896 -3.39277
0.07175 -3.39359
0.07175 -3.39359
0.0718125 -3.39449
0.071875 -3.39545
0.0719375 -3.39646
0.072 -3.39753
0.072 -3.39753
0.0720595 -6.04655
0.0721253 -6.04545
0.0721982 -6.04425
0.0722789 -6.04291
0.0723683 -6.04143
0.0724672 -6.03979
0.0725767 -6.03797
0.072698 -6.03596
0.0728323 -6.03373
0.0729809 -6.03127
0.0731455 -6.02854
0.0733277 -6.02552
0.0735294 -6.02217
0.0737527 -6.01847
0.074 -1.81437
0.074 -1.81437
0.0742427 -1.81252
0.0744984 -1.81057
0.0747678 -1.80852
0.0750516 -1.80635
0.0753506 -1.80407
0.0756656 -1.80167
0.0759976 -1.79914
0.0763473 -1.79647
0.0767157 -1.79367
0.0771039 -1.79071
0.0775128 -1.78759
0.0779437 -1.7843
0.0783977 -1.78084
0.0788759 -1.77719
0.0793798 -1.77335
0.0799107 -1.7693
0.0804701 -1.76504
0.0810594 -1.76055
0.0816802 -1.75581
0.0823344 -1.75082
0.0830235 -1.74557
0.0837496 -1.74003
0.0845146 -1.7342
0.0853206 -1.72805
0.0861697 -1.72158
0.0870644 -1.71476
0.0880069 -1.70757
0.089 -1.7
0.089 0
0.0900551 0
0.0917786 0
0.0945935 0
0.0991911 0
0.106701 0
0.118966 0
0.139 0
