Probe avg_n vs gate bias
76 2 2
gate bias
Probe avg_n
-3 8.80982e+012
-2.8 8.90603e+012
-2.6 9.02623e+012
-2.4 9.17651e+012
-2.2 9.36519e+012
-2 9.60335e+012
-1.8 9.90598e+012
-1.6 1.02937e+013
-1.4 1.07958e+013
-1.2 1.14547e+013
-1 1.23353e+013
-0.95 1.2601e+013
-0.9 1.28888e+013
-0.85 1.32012e+013
-0.8 1.35411e+013
-0.75 1.39116e+013
-0.7 1.43166e+013
-0.65 1.47603e+013
-0.6 1.52479e+013
-0.55 1.57854e+013
-0.5 1.63798e+013
-0.45 1.70393e+013
-0.4 1.77738e+013
-0.35 1.85948e+013
-0.3 1.95162e+013
-0.25 2.05544e+013
-0.2 2.17293e+013
-0.15 2.30659e+013
-0.1 2.46035e+013
-0.05 2.64396e+013
2.97633e-016 2.89584e+013
0.05 3.39927e+013
0.1 5.05298e+013
0.15 1.2167e+014
0.2 4.39653e+014
0.25 1.70541e+015
0.3 5.61394e+015
0.35 1.4488e+016
0.4 3.01854e+016
0.45 5.38278e+016
0.5 8.61857e+016
0.55 1.28008e+017
0.6 1.80188e+017
0.65 2.43848e+017
0.7 3.20382e+017
0.75 4.11478e+017
0.8 5.19119e+017
0.85 6.4555e+017
0.9 7.93217e+017
0.95 9.64709e+017
1 1.1627e+018
1.05 1.38987e+018
1.1 1.64867e+018
1.15 1.94103e+018
1.2 2.26826e+018
1.25 2.631e+018
1.3 3.02935e+018
1.35 3.46295e+018
1.4 3.93116e+018
1.45 4.43316e+018
1.5 4.96805e+018
1.6 6.13286e+018
1.7 7.41851e+018
1.8 8.8176e+018
1.9 1.03214e+019
2 1.19193e+019
2.1 1.35994e+019
2.2 1.53496e+019
2.3 1.71584e+019
2.4 1.90157e+019
2.5 2.09129e+019
2.6 2.28427e+019
2.7 2.47994e+019
2.8 2.67781e+019
2.9 2.87751e+019
3 3.07872e+019
