Conduction Band Energy vs Depth
87 2 2
Depth
Conduction Band Energy
0 3.48225
0.0200101 3.48225
0.0343543 3.48225
0.0446368 3.48225
0.0520079 3.48225
0.0572917 3.48225
0.0610795 3.48225
0.0637947 3.48225
0.0657411 3.48225
0.0671363 3.48225
0.0681365 3.48225
0.0688535 3.48225
0.0693675 3.48225
0.0697359 3.48225
0.07 0.435559
0.07 0.435559
0.0702481 0.435573
0.0704686 0.43561
0.0706647 0.435661
0.0708389 0.435721
0.0709938 0.435787
0.0711315 0.435854
0.0712539 0.435921
0.0713627 0.435987
0.0714594 0.43605
0.0715453 0.436109
0.0716217 0.436165
0.0716896 0.436217
0.07175 0.436265
0.07175 0.436265
0.0718125 0.436314
0.071875 0.436364
0.0719375 0.436414
0.072 0.436463
0.072 0.436463
0.0720595 3.48527
0.0721253 3.48762
0.0721982 3.49021
0.0722789 3.49309
0.0723683 3.49627
0.0724672 3.49979
0.0725767 3.50369
0.072698 3.50801
0.0728323 3.51279
0.0729809 3.51808
0.0731455 3.52394
0.0733277 3.53043
0.0735294 3.53761
0.0737527 3.54556
0.074 4.45437
0.074 4.45437
0.0742427 4.45834
0.0744984 4.46253
0.0747678 4.46694
0.0750516 4.47159
0.0753506 4.47649
0.0756656 4.48164
0.0759976 4.48708
0.0763473 4.49281
0.0767157 4.49884
0.0771039 4.5052
0.0775128 4.51189
0.0779437 4.51895
0.0783977 4.52638
0.0788759 4.53421
0.0793798 4.54247
0.0799107 4.55116
0.0804701 4.56032
0.0810594 4.56997
0.0816802 4.58014
0.0823344 4.59085
0.0830235 4.60213
0.0837496 4.61402
0.0845146 4.62655
0.0853206 4.63975
0.0861697 4.65365
0.0870644 4.6683
0.0880069 4.68374
0.089 4.7
0.089 0
0.0900551 0
0.0917786 0
0.0945935 0
0.0991911 0
0.106701 0
0.118966 0
0.139 0
