Conduction Band Energy vs Depth
87 2 2
Depth
Conduction Band Energy
0 2.64602
0.0200101 2.64602
0.0343543 2.64602
0.0446368 2.64602
0.0520079 2.64602
0.0572917 2.64602
0.0610795 2.64602
0.0637947 2.64602
0.0657411 2.64602
0.0671363 2.64602
0.0681365 2.64602
0.0688535 2.64602
0.0693675 2.64602
0.0697359 2.64602
0.07 -0.400668
0.07 -0.400668
0.0702481 -0.402878
0.0704686 -0.408614
0.0706647 -0.416821
0.0708389 -0.426722
0.0709938 -0.43773
0.0711315 -0.449395
0.0712539 -0.461367
0.0713627 -0.473377
0.0714594 -0.485214
0.0715453 -0.496721
0.0716217 -0.507781
0.0716896 -0.518309
0.07175 -0.528251
0.07175 -0.528251
0.0718125 -0.539172
0.071875 -0.550767
0.0719375 -0.563074
0.072 -0.576134
0.072 -0.576134
0.0720595 2.45939
0.0721253 2.44703
0.0721982 2.43334
0.0722789 2.41819
0.0723683 2.40142
0.0724672 2.38284
0.0725767 2.36228
0.072698 2.33951
0.0728323 2.31431
0.0729809 2.2864
0.0731455 2.25551
0.0733277 2.2213
0.0735294 2.18343
0.0737527 2.1415
0.074 2.99508
0.074 2.99508
0.0742427 2.97413
0.0744984 2.95205
0.0747678 2.92879
0.0750516 2.90429
0.0753506 2.87847
0.0756656 2.85127
0.0759976 2.82261
0.0763473 2.79242
0.0767157 2.76061
0.0771039 2.7271
0.0775128 2.69179
0.0779437 2.65458
0.0783977 2.61539
0.0788759 2.5741
0.0793798 2.53059
0.0799107 2.48475
0.0804701 2.43646
0.0810594 2.38558
0.0816802 2.33198
0.0823344 2.2755
0.0830235 2.216
0.0837496 2.15331
0.0845146 2.08726
0.0853206 2.01768
0.0861697 1.94436
0.0870644 1.86712
0.0880069 1.78574
0.089 1.7
0.089 0
0.0900551 0
0.0917786 0
0.0945935 0
0.0991911 0
0.106701 0
0.118966 0
0.139 0
