Conduction Band Energy vs Depth
87 2 2
Depth
Conduction Band Energy
0 3.03555
0.0200101 3.03555
0.0343543 3.03556
0.0446368 3.03556
0.0520079 3.03556
0.0572917 3.03556
0.0610795 3.03556
0.0637947 3.03556
0.0657411 3.03556
0.0671363 3.03556
0.0681365 3.03556
0.0688535 3.03556
0.0693675 3.03556
0.0697359 3.03556
0.07 -0.0111336
0.07 -0.0111336
0.0702481 -0.0114404
0.0704686 -0.0122316
0.0706647 -0.0133508
0.0708389 -0.0146817
0.0709938 -0.016137
0.0711315 -0.0176521
0.0712539 -0.0191788
0.0713627 -0.0206823
0.0714594 -0.0221377
0.0715453 -0.023528
0.0716217 -0.0248422
0.0716896 -0.0260738
0.07175 -0.0272197
0.07175 -0.0272197
0.0718125 -0.0284768
0.071875 -0.0298071
0.0719375 -0.0312118
0.072 -0.0326924
0.072 -0.0326924
0.0720595 3.01457
0.0721253 3.01521
0.0721982 3.01591
0.0722789 3.01669
0.0723683 3.01756
0.0724672 3.01851
0.0725767 3.01957
0.072698 3.02074
0.0728323 3.02204
0.0729809 3.02348
0.0731455 3.02507
0.0733277 3.02683
0.0735294 3.02878
0.0737527 3.03094
0.074 3.93333
0.074 3.93333
0.0742427 3.93441
0.0744984 3.93554
0.0747678 3.93674
0.0750516 3.938
0.0753506 3.93933
0.0756656 3.94073
0.0759976 3.94221
0.0763473 3.94376
0.0767157 3.9454
0.0771039 3.94712
0.0775128 3.94894
0.0779437 3.95086
0.0783977 3.95287
0.0788759 3.955
0.0793798 3.95724
0.0799107 3.9596
0.0804701 3.96209
0.0810594 3.96471
0.0816802 3.96746
0.0823344 3.97037
0.0830235 3.97344
0.0837496 3.97666
0.0845146 3.98006
0.0853206 3.98365
0.0861697 3.98742
0.0870644 3.9914
0.0880069 3.99559
0.089 4
0.089 0
0.0900551 0
0.0917786 0
0.0945935 0
0.0991911 0
0.106701 0
0.118966 0
0.139 0
