Probe chan_n vs gate bias
76 2 2
gate bias
Probe chan_n
-3 4.37241e-032
-2.8 2.58379e-030
-2.6 2.3591e-027
-2.4 2.2569e-024
-2.2 2.1581e-021
-2 1.80601e-018
-1.8 1.64715e-015
-1.6 1.57572e-012
-1.4 1.50464e-009
-1.2 9.13173e-007
-1 0.000827446
-0.95 0.00460183
-0.9 0.025593
-0.85 0.142335
-0.8 0.791594
-0.75 4.40243
-0.7 24.484
-0.65 136.167
-0.6 757.282
-0.55 4211.56
-0.5 23421.7
-0.45 130248
-0.4 724205
-0.35 4.02555e+006
-0.3 2.2365e+007
-0.25 1.24169e+008
-0.2 6.88814e+008
-0.15 3.81714e+009
-0.1 2.11049e+010
-0.05 1.15974e+011
2.97633e-016 6.28532e+011
0.05 3.32781e+012
0.1 1.71017e+013
0.15 8.49719e+013
0.2 4.00705e+014
0.25 1.68336e+015
0.3 5.71393e+015
0.35 1.49722e+016
0.4 3.14146e+016
0.45 5.61467e+016
0.5 8.98478e+016
0.55 1.33129e+017
0.6 1.86709e+017
0.65 2.51494e+017
0.7 3.28624e+017
0.75 4.19506e+017
0.8 5.25822e+017
0.85 6.49524e+017
0.9 7.92804e+017
0.95 9.58061e+017
1 1.14787e+018
1.05 1.36489e+018
1.1 1.61169e+018
1.15 1.89047e+018
1.2 2.20292e+018
1.25 2.55008e+018
1.3 2.93242e+018
1.35 3.34984e+018
1.4 3.80181e+018
1.45 4.28746e+018
1.5 4.8057e+018
1.6 5.93499e+018
1.7 7.17944e+018
1.8 8.52875e+018
1.9 9.97246e+018
2 1.14998e+019
2.1 1.30999e+019
2.2 1.4762e+019
2.3 1.64763e+019
2.4 1.8234e+019
2.5 2.00275e+019
2.6 2.18505e+019
2.7 2.36975e+019
2.8 2.55642e+019
2.9 2.7447e+019
3 2.93429e+019
