Probe chan_mob vs gate bias
76 2 2
gate bias
Probe chan_mob
-3 10.8441
-2.8 10.8441
-2.6 10.8441
-2.4 10.8441
-2.2 10.8441
-2 10.8441
-1.8 10.8441
-1.6 10.8441
-1.4 10.8441
-1.2 10.8441
-1 10.8441
-0.95 10.8441
-0.9 10.8441
-0.85 10.8441
-0.8 10.8441
-0.75 10.8441
-0.7 10.8441
-0.65 10.8441
-0.6 10.8441
-0.55 10.8441
-0.5 10.8441
-0.45 10.8441
-0.4 10.8441
-0.35 10.8441
-0.3 10.8441
-0.25 10.8441
-0.2 10.8441
-0.15 10.8441
-0.1 10.8441
-0.05 10.8441
2.97633e-016 10.8441
0.05 10.8441
0.1 10.8441
0.15 10.8441
0.2 10.8441
0.25 10.8441
0.3 10.8441
0.35 10.8441
0.4 10.8441
0.45 10.8441
0.5 10.8441
0.55 10.8441
0.6 10.8441
0.65 10.8441
0.7 10.8441
0.75 10.8441
0.8 10.8441
0.85 10.8441
0.9 10.8441
0.95 10.8441
1 10.8441
1.05 10.8441
1.1 10.8441
1.15 10.8441
1.2 10.8441
1.25 10.8441
1.3 10.8441
1.35 10.8441
1.4 10.8441
1.45 10.8441
1.5 10.8441
1.6 10.8441
1.7 10.8441
1.8 10.8441
1.9 10.8441
2 10.8441
2.1 10.8441
2.2 10.8441
2.3 10.8441
2.4 10.8441
2.5 10.8441
2.6 10.8441
2.7 10.8441
2.8 10.8441
2.9 10.8441
3 10.8441
