drain current vs gate bias
76 2 2
gate bias
drain current
-3 -6.51013e-019
-2.8 6.46062e-019
-2.6 -2.6827e-019
-2.4 1.80012e-019
-2.2 1.77681e-019
-2 1.98537e-018
-1.8 2.65066e-019
-1.6 -9.54237e-019
-1.4 8.92485e-019
-1.2 7.99275e-019
-1 -1.66846e-018
-0.95 -1.02414e-018
-0.9 -2.03897e-019
-0.85 3.3509e-018
-0.8 1.17911e-018
-0.75 1.68011e-018
-0.7 2.25452e-018
-0.65 -1.68943e-019
-0.6 4.67215e-019
-0.55 1.08706e-018
-0.5 2.5225e-018
-0.45 -9.15774e-019
-0.4 1.96914e-018
-0.35 1.66655e-018
-0.3 2.08788e-018
-0.25 7.56048e-019
-0.2 6.74266e-020
-0.15 4.36986e-018
-0.1 2.03846e-017
-0.05 1.13734e-016
2.97633e-016 6.47316e-016
0.05 3.46152e-015
0.1 1.80676e-014
0.15 9.14761e-014
0.2 4.43348e-013
0.25 1.97055e-012
0.3 7.46079e-012
0.35 2.28894e-011
0.4 5.74145e-011
0.45 1.22494e-010
0.5 2.31339e-010
0.55 3.98896e-010
0.6 6.42157e-010
0.65 9.80612e-010
0.7 1.43679e-009
0.75 2.03682e-009
0.8 2.81091e-009
0.85 3.79367e-009
0.9 5.02407e-009
0.95 6.54468e-009
1 8.4e-009
1.05 1.06343e-008
1.1 1.32901e-008
1.15 1.6408e-008
1.2 2.00255e-008
1.25 2.41765e-008
1.3 2.88901e-008
1.35 3.41894e-008
1.4 4.00911e-008
1.45 4.66045e-008
1.5 5.37311e-008
1.6 6.97914e-008
1.7 8.81335e-008
1.8 1.08521e-007
1.9 1.30664e-007
2 1.54258e-007
2.1 1.79026e-007
2.2 2.04731e-007
2.3 2.31181e-007
2.4 2.58226e-007
2.5 2.85749e-007
2.6 3.13659e-007
2.7 3.41889e-007
2.8 3.70384e-007
2.9 3.99102e-007
3 4.28009e-007
