source current vs gate bias
76 2 2
gate bias
source current
-3 -8.62192e-020
-2.8 1.39815e-020
-2.6 2.39433e-019
-2.4 -5.97709e-019
-2.2 3.7051e-019
-2 5.94214e-020
-1.8 2.09722e-019
-1.6 1.03696e-019
-1.4 2.4456e-018
-1.2 7.22028e-018
-1 1.88517e-017
-0.95 2.21374e-019
-0.9 1.8642e-020
-0.85 -1.04395e-018
-0.8 1.32824e-018
-0.75 5.89553e-019
-0.7 -8.4122e-019
-0.65 3.14584e-019
-0.6 -6.5247e-019
-0.55 -1.37252e-018
-0.5 -9.32318e-021
-0.45 2.58646e-019
-0.4 2.28298e-019
-0.35 -1.21908e-018
-0.3 6.71449e-019
-0.25 4.31795e-019
-0.2 -1.04118e-018
-0.15 -4.29378e-018
-0.1 -2.07463e-017
-0.05 -1.19021e-016
2.97633e-016 -6.46705e-016
0.05 -3.46137e-015
0.1 -1.80693e-014
0.15 -9.14752e-014
0.2 -4.43346e-013
0.25 -1.97055e-012
0.3 -7.46079e-012
0.35 -2.28894e-011
0.4 -5.74145e-011
0.45 -1.22494e-010
0.5 -2.31339e-010
0.55 -3.98896e-010
0.6 -6.42157e-010
0.65 -9.80612e-010
0.7 -1.43679e-009
0.75 -2.03682e-009
0.8 -2.81091e-009
0.85 -3.79367e-009
0.9 -5.02407e-009
0.95 -6.54468e-009
1 -8.4e-009
1.05 -1.06343e-008
1.1 -1.32901e-008
1.15 -1.6408e-008
1.2 -2.00255e-008
1.25 -2.41765e-008
1.3 -2.88901e-008
1.35 -3.41894e-008
1.4 -4.00911e-008
1.45 -4.66045e-008
1.5 -5.37311e-008
1.6 -6.97914e-008
1.7 -8.81335e-008
1.8 -1.08521e-007
1.9 -1.30664e-007
2 -1.54258e-007
2.1 -1.79026e-007
2.2 -2.04731e-007
2.3 -2.31181e-007
2.4 -2.58226e-007
2.5 -2.85749e-007
2.6 -3.13659e-007
2.7 -3.41889e-007
2.8 -3.70384e-007
2.9 -3.99102e-007
3 -4.28009e-007
