Valence Band Energy vs Depth
87 2 2
Depth
Valence Band Energy
0 -5.51775
0.0200101 -5.51775
0.0343543 -5.51775
0.0446368 -5.51775
0.0520079 -5.51775
0.0572917 -5.51775
0.0610795 -5.51775
0.0637947 -5.51775
0.0657411 -5.51775
0.0671363 -5.51775
0.0681365 -5.51775
0.0688535 -5.51775
0.0693675 -5.51775
0.0697359 -5.51775
0.07 -2.96775
0.07 -2.96775
0.0702481 -2.96774
0.0704686 -2.9677
0.0706647 -2.96765
0.0708389 -2.96759
0.0709938 -2.96752
0.0711315 -2.96746
0.0712539 -2.96739
0.0713627 -2.96732
0.0714594 -2.96726
0.0715453 -2.9672
0.0716217 -2.96715
0.0716896 -2.96709
0.07175 -2.96705
0.07175 -2.96705
0.0718125 -2.967
0.071875 -2.96695
0.0719375 -2.9669
0.072 -2.96685
0.072 -2.96685
0.0720595 -5.51473
0.0721253 -5.51238
0.0721982 -5.50979
0.0722789 -5.50691
0.0723683 -5.50373
0.0724672 -5.50021
0.0725767 -5.49631
0.072698 -5.49199
0.0728323 -5.48721
0.0729809 -5.48192
0.0731455 -5.47606
0.0733277 -5.46957
0.0735294 -5.46239
0.0737527 -5.45444
0.074 -1.24563
0.074 -1.24563
0.0742427 -1.24166
0.0744984 -1.23747
0.0747678 -1.23306
0.0750516 -1.22841
0.0753506 -1.22351
0.0756656 -1.21836
0.0759976 -1.21292
0.0763473 -1.20719
0.0767157 -1.20116
0.0771039 -1.1948
0.0775128 -1.18811
0.0779437 -1.18105
0.0783977 -1.17362
0.0788759 -1.16579
0.0793798 -1.15753
0.0799107 -1.14884
0.0804701 -1.13968
0.0810594 -1.13003
0.0816802 -1.11986
0.0823344 -1.10915
0.0830235 -1.09787
0.0837496 -1.08598
0.0845146 -1.07345
0.0853206 -1.06025
0.0861697 -1.04635
0.0870644 -1.0317
0.0880069 -1.01626
0.089 -1
0.089 0
0.0900551 0
0.0917786 0
0.0945935 0
0.0991911 0
0.106701 0
0.118966 0
0.139 0
