Valence Band Energy vs Depth
87 2 2
Depth
Valence Band Energy
0 -6.35398
0.0200101 -6.35398
0.0343543 -6.35398
0.0446368 -6.35398
0.0520079 -6.35398
0.0572917 -6.35398
0.0610795 -6.35398
0.0637947 -6.35398
0.0657411 -6.35398
0.0671363 -6.35398
0.0681365 -6.35398
0.0688535 -6.35398
0.0693675 -6.35398
0.0697359 -6.35398
0.07 -3.80398
0.07 -3.80398
0.0702481 -3.80619
0.0704686 -3.81192
0.0706647 -3.82013
0.0708389 -3.83003
0.0709938 -3.84104
0.0711315 -3.85271
0.0712539 -3.86468
0.0713627 -3.87669
0.0714594 -3.88852
0.0715453 -3.90003
0.0716217 -3.91109
0.0716896 -3.92162
0.07175 -3.93156
0.07175 -3.93156
0.0718125 -3.94248
0.071875 -3.95408
0.0719375 -3.96638
0.072 -3.97944
0.072 -3.97944
0.0720595 -6.54061
0.0721253 -6.55297
0.0721982 -6.56666
0.0722789 -6.58181
0.0723683 -6.59858
0.0724672 -6.61716
0.0725767 -6.63772
0.072698 -6.66049
0.0728323 -6.68569
0.0729809 -6.7136
0.0731455 -6.74449
0.0733277 -6.7787
0.0735294 -6.81657
0.0737527 -6.8585
0.074 -2.70492
0.074 -2.70492
0.0742427 -2.72587
0.0744984 -2.74795
0.0747678 -2.77121
0.0750516 -2.79571
0.0753506 -2.82153
0.0756656 -2.84873
0.0759976 -2.87739
0.0763473 -2.90758
0.0767157 -2.93939
0.0771039 -2.9729
0.0775128 -3.00821
0.0779437 -3.04542
0.0783977 -3.08461
0.0788759 -3.1259
0.0793798 -3.16941
0.0799107 -3.21525
0.0804701 -3.26354
0.0810594 -3.31442
0.0816802 -3.36802
0.0823344 -3.4245
0.0830235 -3.484
0.0837496 -3.54669
0.0845146 -3.61274
0.0853206 -3.68232
0.0861697 -3.75564
0.0870644 -3.83288
0.0880069 -3.91426
0.089 -4
0.089 0
0.0900551 0
0.0917786 0
0.0945935 0
0.0991911 0
0.106701 0
0.118966 0
0.139 0
