Valence Band Energy vs Depth
87 2 2
Depth
Valence Band Energy
0 -5.96445
0.0200101 -5.96445
0.0343543 -5.96444
0.0446368 -5.96444
0.0520079 -5.96444
0.0572917 -5.96444
0.0610795 -5.96444
0.0637947 -5.96444
0.0657411 -5.96444
0.0671363 -5.96444
0.0681365 -5.96444
0.0688535 -5.96444
0.0693675 -5.96444
0.0697359 -5.96444
0.07 -3.41444
0.07 -3.41444
0.0702481 -3.41475
0.0704686 -3.41554
0.0706647 -3.41666
0.0708389 -3.41799
0.0709938 -3.41945
0.0711315 -3.42096
0.0712539 -3.42249
0.0713627 -3.42399
0.0714594 -3.42545
0.0715453 -3.42684
0.0716217 -3.42815
0.0716896 -3.42938
0.07175 -3.43053
0.07175 -3.43053
0.0718125 -3.43179
0.071875 -3.43312
0.0719375 -3.43452
0.072 -3.436
0.072 -3.436
0.0720595 -5.98543
0.0721253 -5.98479
0.0721982 -5.98409
0.0722789 -5.98331
0.0723683 -5.98244
0.0724672 -5.98149
0.0725767 -5.98043
0.072698 -5.97926
0.0728323 -5.97796
0.0729809 -5.97652
0.0731455 -5.97493
0.0733277 -5.97317
0.0735294 -5.97122
0.0737527 -5.96906
0.074 -1.76667
0.074 -1.76667
0.0742427 -1.76559
0.0744984 -1.76446
0.0747678 -1.76326
0.0750516 -1.762
0.0753506 -1.76067
0.0756656 -1.75927
0.0759976 -1.75779
0.0763473 -1.75624
0.0767157 -1.7546
0.0771039 -1.75288
0.0775128 -1.75106
0.0779437 -1.74914
0.0783977 -1.74713
0.0788759 -1.745
0.0793798 -1.74276
0.0799107 -1.7404
0.0804701 -1.73791
0.0810594 -1.73529
0.0816802 -1.73254
0.0823344 -1.72963
0.0830235 -1.72656
0.0837496 -1.72334
0.0845146 -1.71994
0.0853206 -1.71635
0.0861697 -1.71258
0.0870644 -1.7086
0.0880069 -1.70441
0.089 -1.7
0.089 0
0.0900551 0
0.0917786 0
0.0945935 0
0.0991911 0
0.106701 0
0.118966 0
0.139 0
