Probe channel_electrons vs gate bias
121 2 2
gate bias
Probe channel_electrons
-3 1.39678e-032
-2.95 1.50663e-032
-2.9 1.64454e-032
-2.85 1.82349e-032
-2.8 2.06559e-032
-2.75 2.41135e-032
-2.7 2.94199e-032
-2.65 3.84169e-032
-2.6 5.60626e-032
-2.55 9.94741e-032
-2.5 2.51976e-031
-2.45 1.07057e-030
-2.4 6.53976e-030
-2.35 4.43115e-029
-2.3 3.05601e-028
-2.25 2.11311e-027
-2.2 1.46161e-026
-2.15 1.00678e-025
-2.1 6.73101e-025
-2.05 4.35933e-024
-2 2.8731e-023
-1.95 1.94799e-022
-1.9 1.33885e-021
-1.85 9.2441e-021
-1.8 6.39134e-020
-1.75 4.42072e-019
-1.7 3.05805e-018
-1.65 2.11548e-017
-1.6 1.46345e-016
-1.55 1.01239e-015
-1.5 7.00359e-015
-1.45 4.84498e-014
-1.4 3.35169e-013
-1.35 2.31864e-012
-1.3 1.60395e-011
-1.25 1.10935e-010
-1.2 7.6626e-010
-1.15 5.24564e-009
-1.1 3.39466e-008
-1.05 1.84177e-007
-1 1.06998e-006
-0.95 7.26468e-006
-0.9 5.02213e-005
-0.85 0.000347402
-0.8 0.00240316
-0.75 0.0166239
-0.7 0.114995
-0.65 0.795422
-0.6 5.50168
-0.55 38.0574
-0.5 263.259
-0.45 1821.07
-0.4 12597
-0.35 87138.1
-0.3 602762
-0.25 4.16946e+006
-0.2 2.88409e+007
-0.15 1.99492e+008
-0.1 1.37975e+009
-0.05 9.53997e+009
0 6.58947e+010
0.05 4.53558e+011
0.1 3.08487e+012
0.15 2.01826e+013
0.2 1.18156e+014
0.25 5.45126e+014
0.3 1.80606e+015
0.35 4.40702e+015
0.4 8.60065e+015
0.45 1.44166e+016
0.5 2.17685e+016
0.55 3.05236e+016
0.6 4.05384e+016
0.65 5.16781e+016
0.7 6.38257e+016
0.75 7.68859e+016
0.8 9.0784e+016
0.85 1.05463e+017
0.9 1.20878e+017
0.95 1.36996e+017
1 1.53791e+017
1.05 1.71235e+017
1.1 1.89291e+017
1.15 2.07915e+017
1.2 2.27057e+017
1.25 2.46669e+017
1.3 2.6671e+017
1.35 2.87145e+017
1.4 3.07954e+017
1.45 3.29122e+017
1.5 3.50647e+017
1.55 3.72532e+017
1.6 3.94787e+017
1.65 4.17424e+017
1.7 4.40458e+017
1.75 4.63901e+017
1.8 4.87766e+017
1.85 5.12058e+017
1.9 5.36784e+017
1.95 5.61943e+017
2 5.87534e+017
2.05 6.13552e+017
2.1 6.3999e+017
2.15 6.6684e+017
2.2 6.94094e+017
2.25 7.21741e+017
2.3 7.49771e+017
2.35 7.78176e+017
2.4 8.06944e+017
2.45 8.36067e+017
2.5 8.65535e+017
2.55 8.9534e+017
2.6 9.25471e+017
2.65 9.55922e+017
2.7 9.86684e+017
2.75 1.01775e+018
2.8 1.04911e+018
2.85 1.08076e+018
2.9 1.11269e+018
2.95 1.1449e+018
3 1.17738e+018
