drain current vs gate bias
121 2 2
gate bias
drain current
-3 0
-2.95 0
-2.9 0
-2.85 0
-2.8 0
-2.75 0
-2.7 0
-2.65 0
-2.6 0
-2.55 0
-2.5 0
-2.45 0
-2.4 0
-2.35 0
-2.3 0
-2.25 0
-2.2 0
-2.15 0
-2.1 0
-2.05 0
-2 0
-1.95 0
-1.9 0
-1.85 0
-1.8 0
-1.75 0
-1.7 0
-1.65 0
-1.6 0
-1.55 0
-1.5 0
-1.45 0
-1.4 0
-1.35 0
-1.3 0
-1.25 0
-1.2 0
-1.15 0
-1.1 0
-1.05 0
-1 0
-0.95 0
-0.9 0
-0.85 0
-0.8 0
-0.75 0
-0.7 0
-0.65 0
-0.6 0
-0.55 0
-0.5 0
-0.45 0
-0.4 0
-0.35 0
-0.3 2.06464e-021
-0.25 1.34202e-020
-0.2 9.08441e-020
-0.15 6.28683e-019
-0.1 4.35071e-018
-0.05 3.00849e-017
0 2.07859e-016
0.05 1.43254e-015
0.1 9.7902e-015
0.15 6.50902e-014
0.2 3.99488e-013
0.25 2.05195e-012
0.3 8.08083e-012
0.35 2.4292e-011
0.4 5.87851e-011
0.45 1.21345e-010
0.5 2.23312e-010
0.55 3.77794e-010
0.6 6.00057e-010
0.65 9.07989e-010
0.7 1.32261e-009
0.75 1.8686e-009
0.8 2.57467e-009
0.85 3.47383e-009
0.9 4.6031e-009
0.95 6.0026e-009
1 7.71397e-009
1.05 9.77884e-009
1.1 1.22378e-008
1.15 1.51297e-008
1.2 1.84904e-008
1.25 2.23518e-008
1.3 2.67411e-008
1.35 3.16799e-008
1.4 3.71834e-008
1.45 4.32603e-008
1.5 4.99124e-008
1.55 5.71342e-008
1.6 6.49135e-008
1.65 7.32318e-008
1.7 8.20653e-008
1.75 9.1386e-008
1.8 1.01163e-007
1.85 1.11366e-007
1.9 1.21961e-007
1.95 1.32919e-007
2 1.4421e-007
2.05 1.55806e-007
2.1 1.67682e-007
2.15 1.79817e-007
2.2 1.92188e-007
2.25 2.04777e-007
2.3 2.17567e-007
2.35 2.30542e-007
2.4 2.4369e-007
2.45 2.56998e-007
2.5 2.70455e-007
2.55 2.8405e-007
2.6 2.97774e-007
2.65 3.11621e-007
2.7 3.2558e-007
2.75 3.39647e-007
2.8 3.53814e-007
2.85 3.68077e-007
2.9 3.82429e-007
2.95 3.96866e-007
3 4.11383e-007
