v ATLAS
# This file was created by ATLAS version 5.28.1.R on Fri Sep 25 05:28:17 2026.
#SSF 2.0 generic
##############################################################################
#                    Copyright (c) 1984 - 2019                               #
#                    Silvaco Inc. All rights reserved                        #
#                                                                            #
# This file format and the following Key are copyright Silvaco Inc.          #
# You may not use, this format or key without reproducing this message in    #
# full and obtaining express written permission from Silvaco Inc.            #
#                                                                            #
# To obtain such permission please contact: Silvaco Inc.                     #
#                                           support@silvaco.com              #
#                                                                            #
# KEY=SVC86hn7562asdx                       PROD=345                         #
##############################################################################
p 4 74 76 75 205
d  3.122400e+000 2.655885e-014 7.764394e-107 2.655885e-014
d  3.114248e+000 3.256294e-014 4.815810e-106 3.256294e-014
d  3.106095e+000 3.992437e-014 2.969377e-105 3.992437e-014
d  3.097943e+000 4.894998e-014 1.820102e-104 4.894998e-014
d  3.089790e+000 6.001598e-014 1.109073e-103 6.001598e-014
d  3.081638e+000 7.358365e-014 6.718294e-103 7.358365e-014
d  3.073485e+000 9.021854e-014 4.045686e-102 9.021854e-014
d  3.065333e+000 1.106140e-013 2.421918e-101 1.106140e-013
d  3.057180e+000 1.356203e-013 1.441322e-100 1.356203e-013
d  3.049028e+000 1.662796e-013 8.527015e-100 1.662796e-013
d  3.040875e+000 2.038701e-013 5.014957e-099 2.038701e-013
d  3.032723e+000 2.499585e-013 2.932052e-098 2.499585e-013
d  3.024570e+000 3.064660e-013 1.704160e-097 3.064660e-013
d  3.016418e+000 3.757481e-013 9.846533e-097 3.757481e-013
d  3.008265e+000 4.606926e-013 5.655755e-096 4.606926e-013
d  3.000113e+000 5.648403e-013 3.229476e-095 5.648403e-013
d  2.991960e+000 6.925324e-013 1.833192e-094 6.925324e-013
d  2.983808e+000 8.490916e-013 1.034470e-093 8.490916e-013
d  2.975655e+000 1.041044e-012 5.803129e-093 1.041044e-012
d  2.967503e+000 1.276390e-012 3.236241e-092 1.276390e-012
d  2.959350e+000 1.564940e-012 1.794129e-091 1.564940e-012
d  2.951198e+000 1.918723e-012 9.887826e-091 1.918723e-012
d  2.943045e+000 2.352484e-012 5.417291e-090 2.352484e-012
d  2.934893e+000 2.884305e-012 2.950515e-089 2.884305e-012
d  2.926740e+000 3.536352e-012 1.597525e-088 3.536352e-012
d  2.918588e+000 4.335807e-012 8.598684e-088 4.335807e-012
d  2.910436e+000 5.315993e-012 4.600981e-087 5.315993e-012
d  2.902283e+000 6.517767e-012 2.447390e-086 6.517767e-012
d  2.894131e+000 7.991223e-012 1.294166e-085 7.991223e-012
d  2.885978e+000 9.797780e-012 6.803171e-085 9.797780e-012
d  2.877826e+000 1.201274e-011 3.555224e-084 1.201274e-011
d  2.869673e+000 1.472843e-011 1.846957e-083 1.472843e-011
d  2.861521e+000 1.805806e-011 9.538516e-083 1.805806e-011
d  2.853368e+000 2.214040e-011 4.897102e-082 2.214040e-011
d  2.845216e+000 2.714563e-011 2.499377e-081 2.714563e-011
d  2.837063e+000 3.328237e-011 1.268115e-080 3.328237e-011
d  2.828911e+000 4.080644e-011 6.396166e-080 4.080644e-011
d  2.820758e+000 5.003146e-011 3.207120e-079 5.003146e-011
d  2.812606e+000 6.134195e-011 1.598618e-078 6.134195e-011
d  2.804453e+000 7.520938e-011 7.921525e-078 7.520938e-011
d  2.796301e+000 9.221179e-011 3.902177e-077 9.221179e-011
d  2.788148e+000 1.130579e-010 1.910907e-076 1.130579e-010
d  2.779996e+000 1.386166e-010 9.302640e-076 1.386166e-010
d  2.771843e+000 1.699534e-010 4.502018e-075 1.699534e-010
d  2.763691e+000 2.083743e-010 2.165920e-074 2.083743e-010
d  2.755538e+000 2.554810e-010 1.035886e-073 2.554810e-010
d  2.747386e+000 3.132370e-010 4.925109e-073 3.132370e-010
d  2.739233e+000 3.840497e-010 2.327844e-072 3.840497e-010
d  2.731081e+000 4.708709e-010 1.093771e-071 4.708709e-010
d  2.722928e+000 5.773196e-010 5.108965e-071 5.773196e-010
d  2.714776e+000 7.078329e-010 2.372323e-070 7.078329e-010
d  2.706623e+000 8.678510e-010 1.095088e-069 8.678510e-010
d  2.698471e+000 1.064044e-009 5.025258e-069 1.064044e-009
d  2.690319e+000 1.304590e-009 2.292462e-068 1.304590e-009
d  2.682166e+000 1.599516e-009 1.039633e-067 1.599516e-009
d  2.674014e+000 1.961114e-009 4.686971e-067 1.961114e-009
d  2.665861e+000 2.404459e-009 2.100578e-066 2.404459e-009
d  2.657709e+000 2.948029e-009 9.358786e-066 2.948029e-009
d  2.649556e+000 3.614483e-009 4.145096e-065 3.614483e-009
d  2.641404e+000 4.431601e-009 1.825088e-064 4.431601e-009
d  2.633251e+000 5.433442e-009 7.988540e-064 5.433442e-009
d  2.625099e+000 6.661768e-009 3.476044e-063 6.661768e-009
d  2.616946e+000 8.167778e-009 1.503617e-062 8.167778e-009
d  2.608794e+000 1.001425e-008 6.465822e-062 1.001425e-008
d  2.600641e+000 1.227815e-008 2.764040e-061 1.227815e-008
d  2.592489e+000 1.505384e-008 1.174625e-060 1.505384e-008
d  2.584336e+000 1.845702e-008 4.962362e-060 1.845702e-008
d  2.576184e+000 2.262956e-008 2.084068e-059 2.262956e-008
d  2.568031e+000 2.774537e-008 8.701008e-059 2.774537e-008
d  2.559879e+000 3.401770e-008 3.611283e-058 3.401770e-008
d  2.551726e+000 4.170800e-008 1.490005e-057 4.170800e-008
d  2.543574e+000 5.113683e-008 6.111507e-057 5.113683e-008
d  2.535421e+000 6.269722e-008 2.491972e-056 6.269722e-008
d  2.527269e+000 7.687103e-008 1.010118e-055 7.687103e-008
d  2.519116e+000 9.424908e-008 4.070385e-055 9.424908e-008
d  2.510964e+000 1.155557e-007 1.630546e-054 1.155557e-007
d  2.502811e+000 1.416792e-007 6.493291e-054 1.416792e-007
d  2.494659e+000 1.737082e-007 2.570579e-053 1.737082e-007
d  2.486507e+000 2.129780e-007 1.011653e-052 2.129780e-007
d  2.478354e+000 2.611255e-007 3.957911e-052 2.611255e-007
d  2.470202e+000 3.201575e-007 1.539341e-051 3.201575e-007
d  2.462049e+000 3.925348e-007 5.951661e-051 3.925348e-007
d  2.453897e+000 4.812742e-007 2.287576e-050 4.812742e-007
d  2.445744e+000 5.900747e-007 8.740723e-050 5.900747e-007
d  2.437592e+000 7.234715e-007 3.320117e-049 7.234715e-007
d  2.429439e+000 8.870250e-007 1.253700e-048 8.870250e-007
d  2.421287e+000 1.087553e-006 4.706176e-048 1.087553e-006
d  2.413134e+000 1.333413e-006 1.756212e-047 1.333413e-006
d  2.404982e+000 1.634855e-006 6.515084e-047 1.634855e-006
d  2.396829e+000 2.004442e-006 2.402688e-046 2.004442e-006
d  2.388677e+000 2.457582e-006 8.808641e-046 2.457582e-006
d  2.380524e+000 3.013162e-006 3.210368e-045 3.013162e-006
d  2.372372e+000 3.694340e-006 1.163148e-044 3.694340e-006
d  2.364219e+000 4.529511e-006 4.189376e-044 4.529511e-006
d  2.356067e+000 5.553487e-006 1.500023e-043 5.553487e-006
d  2.347914e+000 6.808950e-006 5.339259e-043 6.808950e-006
d  2.339762e+000 8.348234e-006 1.889288e-042 8.348234e-006
d  2.331609e+000 1.023550e-005 6.645836e-042 1.023550e-005
d  2.323457e+000 1.254941e-005 2.323996e-041 1.254941e-005
d  2.315304e+000 1.538643e-005 8.078959e-041 1.538643e-005
d  2.307152e+000 1.886481e-005 2.791963e-040 1.886481e-005
d  2.298999e+000 2.312953e-005 9.591758e-040 2.312953e-005
d  2.290847e+000 2.835837e-005 3.275828e-039 2.835837e-005
d  2.282695e+000 3.476927e-005 1.112188e-038 3.476927e-005
d  2.274542e+000 4.262948e-005 3.753786e-038 4.262948e-005
d  2.266390e+000 5.226663e-005 1.259491e-037 5.226663e-005
d  2.258237e+000 6.408242e-005 4.201022e-037 6.408242e-005
d  2.250085e+000 7.856939e-005 1.392994e-036 7.856939e-005
d  2.241932e+000 9.633138e-005 4.591743e-036 9.633138e-005
d  2.233780e+000 1.181088e-004 1.504666e-035 1.181088e-004
d  2.225627e+000 1.448094e-004 4.901592e-035 1.448094e-004
d  2.217475e+000 1.775461e-004 1.587334e-034 1.775461e-004
d  2.209322e+000 2.176835e-004 5.110153e-034 2.176835e-004
d  2.201170e+000 2.668947e-004 1.635436e-033 2.668947e-004
d  2.193017e+000 3.272310e-004 5.203166e-033 3.272310e-004
d  2.184865e+000 4.012073e-004 1.645644e-032 4.012073e-004
d  2.176712e+000 4.919073e-004 5.174145e-032 4.919073e-004
d  2.168560e+000 6.031116e-004 1.617243e-031 6.031116e-004
d  2.160407e+000 7.394556e-004 5.025121e-031 7.394556e-004
d  2.152255e+000 9.066226e-004 1.552215e-030 9.066226e-004
d  2.144102e+000 1.111581e-003 4.766411e-030 1.111581e-003
d  2.135950e+000 1.362873e-003 1.455008e-029 1.362873e-003
d  2.127797e+000 1.670975e-003 4.415436e-029 1.670975e-003
d  2.119645e+000 2.048728e-003 1.332036e-028 2.048728e-003
d  2.111492e+000 2.511879e-003 3.994779e-028 2.511879e-003
d  2.103340e+000 3.079733e-003 1.190978e-027 3.079733e-003
d  2.095187e+000 3.775961e-003 3.529791e-027 3.775961e-003
d  2.087035e+000 4.629584e-003 1.039988e-026 4.629584e-003
d  2.078883e+000 5.676183e-003 3.046087e-026 5.676183e-003
d  2.070730e+000 6.959385e-003 8.869319e-026 6.959385e-003
d  2.062578e+000 8.532676e-003 2.567276e-025 8.532676e-003
d  2.054425e+000 1.046164e-002 7.387359e-025 1.046164e-002
d  2.046273e+000 1.282668e-002 2.113197e-024 1.282668e-002
d  2.038120e+000 1.572637e-002 6.009318e-024 1.572637e-002
d  2.029968e+000 1.928160e-002 1.698809e-023 1.928160e-002
d  2.021815e+000 2.364054e-002 4.774173e-023 2.364054e-002
d  2.013663e+000 2.898490e-002 1.333786e-022 2.898490e-002
d  2.005510e+000 3.553745e-002 3.704318e-022 3.553745e-002
d  1.997358e+000 4.357132e-002 1.022739e-021 4.357132e-002
d  1.989205e+000 5.342139e-002 2.807085e-021 5.342139e-002
d  1.981053e+000 6.549823e-002 7.659148e-021 6.549823e-002
d  1.972900e+000 8.030527e-002 2.077494e-020 8.030527e-002
d  1.964748e+000 9.845969e-002 5.601873e-020 9.845969e-002
d  1.956595e+000 1.207182e-001 1.501624e-019 1.207182e-001
d  1.948443e+000 1.480087e-001 4.001503e-019 1.480087e-001
d  1.940290e+000 1.814687e-001 1.060033e-018 1.814687e-001
d  1.932138e+000 2.224929e-001 2.791580e-018 2.224929e-001
d  1.923985e+000 2.727914e-001 7.308276e-018 2.727914e-001
d  1.915833e+000 3.344607e-001 1.902016e-017 3.344607e-001
d  1.907680e+000 4.100714e-001 4.920933e-017 4.100714e-001
d  1.899528e+000 5.027753e-001 1.265654e-016 5.027753e-001
d  1.891375e+000 6.164365e-001 3.236064e-016 6.164365e-001
d  1.883223e+000 7.557928e-001 8.225329e-016 7.557928e-001
d  1.875070e+000 9.266531e-001 2.078374e-015 9.266531e-001
d  1.866918e+000 1.136139e+000 5.220697e-015 1.136139e+000
d  1.858766e+000 1.392984e+000 1.303670e-014 1.392984e+000
d  1.850613e+000 1.707892e+000 3.236241e-014 1.707892e+000
d  1.842461e+000 2.093992e+000 7.986350e-014 2.093992e+000
d  1.834308e+000 2.567375e+000 1.959251e-013 2.567375e+000
d  1.826156e+000 3.147776e+000 4.778221e-013 3.147776e+000
d  1.818003e+000 3.859386e+000 1.158448e-012 3.859386e+000
d  1.809851e+000 4.731868e+000 2.792037e-012 4.731868e+000
d  1.801698e+000 5.801591e+000 6.689599e-012 5.801591e+000
d  1.793546e+000 7.113143e+000 1.593358e-011 7.113143e+000
d  1.785393e+000 8.721194e+000 3.772773e-011 8.721194e+000
d  1.777241e+000 1.069277e+001 8.880601e-011 1.069277e+001
d  1.769088e+000 1.311006e+001 2.078061e-010 1.311006e+001
d  1.760936e+000 1.607383e+001 4.834021e-010 1.607383e+001
d  1.752783e+000 1.970760e+001 1.117874e-009 1.970760e+001
d  1.744631e+000 2.416285e+001 2.569874e-009 2.416285e+001
d  1.736478e+000 2.962529e+001 5.873065e-009 2.962529e+001
d  1.728326e+000 3.632260e+001 1.334296e-008 3.632260e+001
d  1.720173e+000 4.453397e+001 3.013517e-008 4.453397e+001
d  1.712021e+000 5.460166e+001 6.765961e-008 5.460166e+001
d  1.703868e+000 6.694533e+001 1.510148e-007 6.694533e+001
d  1.695716e+000 8.207950e+001 3.350765e-007 8.207950e+001
d  1.687563e+000 1.006350e+002 7.390990e-007 1.006350e+002
d  1.679411e+000 1.233853e+002 1.620673e-006 1.233853e+002
d  1.671258e+000 1.512788e+002 3.532830e-006 1.512788e+002
d  1.663106e+000 1.854780e+002 7.655686e-006 1.854780e+002
d  1.654954e+000 2.274086e+002 1.649225e-005 2.274086e+002
d  1.646801e+000 2.788183e+002 3.531912e-005 2.788183e+002
d  1.638649e+000 3.418501e+002 7.519242e-005 3.418502e+002
d  1.630496e+000 4.191314e+002 1.591375e-004 4.191315e+002
d  1.622344e+000 5.138834e+002 3.348153e-004 5.138837e+002
d  1.614191e+000 6.300558e+002 7.002811e-004 6.300565e+002
d  1.606039e+000 7.724910e+002 1.456041e-003 7.724925e+002
d  1.597886e+000 9.471262e+002 3.009604e-003 9.471293e+002
d  1.589734e+000 1.161241e+003 6.184138e-003 1.161247e+003
d  1.581581e+000 1.423760e+003 1.263232e-002 1.423772e+003
d  1.573429e+000 1.745626e+003 2.565202e-002 1.745652e+003
d  1.565276e+000 2.140255e+003 5.178385e-002 2.140307e+003
d  1.557124e+000 2.624098e+003 1.039205e-001 2.624202e+003
d  1.548971e+000 3.217322e+003 2.073206e-001 3.217529e+003
d  1.540819e+000 3.944654e+003 4.111666e-001 3.945065e+003
d  1.532666e+000 4.836412e+003 8.106392e-001 4.837223e+003
d  1.524514e+000 5.929769e+003 1.588809e+000 5.931358e+003
d  1.516361e+000 7.270298e+003 3.095636e+000 7.273393e+003
d  1.508209e+000 8.913877e+003 5.996010e+000 8.919873e+003
d  1.500056e+000 1.092902e+004 1.154540e+001 1.094056e+004
d  1.491904e+000 1.339971e+004 2.209990e+001 1.342181e+004
d  1.483751e+000 1.642895e+004 4.205383e+001 1.647101e+004
d  1.475599e+000 2.014301e+004 7.955274e+001 2.022256e+004
d  1.467446e+000 2.469669e+004 1.496026e+002 2.484629e+004
d  1.459294e+000 3.027981e+004 2.796773e+002 3.055949e+004
d  1.451142e+000 3.712510e+004 5.197680e+002 3.764487e+004
d  1.442989e+000 4.551788e+004 9.602764e+002 4.647816e+004
d  1.434837e+000 5.580801e+004 1.763669e+003 5.757167e+004
d  1.426684e+000 6.842439e+004 3.220122e+003 7.164451e+004
d  1.418532e+000 8.389293e+004 5.844695e+003 8.973763e+004
d  1.410379e+000 1.028584e+005 1.054595e+004 1.134044e+005
d  1.402227e+000 1.261114e+005 1.891662e+004 1.450280e+005
d  1.394074e+000 1.546211e+005 3.373152e+004 1.883526e+005
d  1.385922e+000 1.895759e+005 5.979466e+004 2.493705e+005
d  1.377769e+000 2.324329e+005 1.053715e+005 3.378044e+005
d  1.369617e+000 2.849784e+005 1.845943e+005 4.695727e+005
d  1.361464e+000 3.494028e+005 3.214753e+005 6.708782e+005
d  1.353312e+000 4.283915e+005 5.565591e+005 9.849506e+005
d  1.345159e+000 5.252369e+005 9.578758e+005 1.483113e+006
d  1.337007e+000 6.439760e+005 1.638858e+006 2.282834e+006
d  1.328854e+000 7.895581e+005 2.787454e+006 3.577012e+006
d  1.320702e+000 9.680517e+005 4.713119e+006 5.681171e+006
d  1.312549e+000 1.186897e+006 7.922156e+006 9.109053e+006
d  1.304397e+000 1.455216e+006 1.323770e+007 1.469292e+007
d  1.296244e+000 1.784193e+006 2.198954e+007 2.377373e+007
d  1.288092e+000 2.187541e+006 3.631231e+007 3.849985e+007
d  1.279939e+000 2.682074e+006 5.961093e+007 6.229300e+007
d  1.271787e+000 3.288404e+006 9.728193e+007 1.005703e+008
d  1.263634e+000 4.031805e+006 1.578239e+008 1.618557e+008
d  1.255482e+000 4.943266e+006 2.545350e+008 2.594783e+008
d  1.247330e+000 6.060779e+006 4.080907e+008 4.141515e+008
d  1.239177e+000 7.430925e+006 6.504292e+008 6.578602e+008
d  1.231025e+000 9.110816e+006 1.030570e+009 1.039681e+009
d  1.222872e+000 1.117048e+007 1.623266e+009 1.634436e+009
d  1.214720e+000 1.369576e+007 2.541767e+009 2.555463e+009
d  1.206567e+000 1.679193e+007 3.956546e+009 3.973338e+009
d  1.198415e+000 2.058804e+007 6.122530e+009 6.143118e+009
d  1.190262e+000 2.524233e+007 9.418460e+009 9.443702e+009
d  1.182110e+000 3.094880e+007 1.440334e+010 1.443429e+010
d  1.173957e+000 3.794533e+007 2.189680e+010 2.193474e+010
d  1.165805e+000 4.652354e+007 3.309272e+010 3.313924e+010
d  1.157652e+000 5.704101e+007 4.971855e+010 4.977559e+010
d  1.149500e+000 6.993613e+007 7.425723e+010 7.432717e+010
d  1.141347e+000 8.574643e+007 1.102537e+011 1.103395e+011
d  1.133195e+000 1.051309e+008 1.627355e+011 1.628406e+011
d  1.125042e+000 1.288976e+008 2.387841e+011 2.389129e+011
d  1.116890e+000 1.580372e+008 3.483074e+011 3.484654e+011
d  1.108737e+000 1.937643e+008 5.050732e+011 5.052670e+011
d  1.100585e+000 2.375681e+008 7.280820e+011 7.283195e+011
d  1.092432e+000 2.912746e+008 1.043375e+012 1.043666e+012
d  1.084280e+000 3.571224e+008 1.486397e+012 1.486754e+012
d  1.076127e+000 4.378562e+008 2.105056e+012 2.105494e+012
d  1.067975e+000 5.368413e+008 2.963648e+012 2.964185e+012
d  1.059822e+000 6.582037e+008 4.147858e+012 4.148516e+012
d  1.051670e+000 8.070023e+008 5.771058e+012 5.771865e+012
d  1.043517e+000 9.894394e+008 7.982174e+012 7.983164e+012
d  1.035365e+000 1.213120e+009 1.097542e+013 1.097664e+013
d  1.027213e+000 1.487367e+009 1.500222e+013 1.500371e+013
d  1.019060e+000 1.823612e+009 2.038563e+013 2.038746e+013
d  1.010908e+000 2.235872e+009 2.753766e+013 2.753990e+013
d  1.002755e+000 2.741330e+009 3.697977e+013 3.698251e+013
d  9.946026e-001 3.361056e+009 4.936687e+013 4.937023e+013
d  9.864501e-001 4.120883e+009 6.551508e+013 6.551920e+013
d  9.782977e-001 5.052481e+009 8.643332e+013 8.643838e+013
d  9.701452e-001 6.194683e+009 1.133588e+014 1.133650e+014
d  9.619927e-001 7.595101e+009 1.477964e+014 1.478040e+014
d  9.538402e-001 9.312107e+009 1.915608e+014 1.915701e+014
d  9.456877e-001 1.141727e+010 2.468219e+014 2.468333e+014
d  9.375352e-001 1.399835e+010 3.161513e+014 3.161653e+014
d  9.293828e-001 1.716292e+010 4.025691e+014 4.025863e+014
d  9.212303e-001 2.104290e+010 5.095893e+014 5.096103e+014
d  9.130778e-001 2.580002e+010 6.412603e+014 6.412861e+014
d  9.049253e-001 3.163258e+010 8.022001e+014 8.022317e+014
d  8.967728e-001 3.878368e+010 9.976204e+014 9.976592e+014
d  8.886204e-001 4.755141e+010 1.233338e+015 1.233386e+015
d  8.804679e-001 5.830125e+010 1.515770e+015 1.515828e+015
d  8.723154e-001 7.148127e+010 1.851905e+015 1.851977e+015
d  8.641629e-001 8.764088e+010 2.249254e+015 2.249341e+015
d  8.560104e-001 1.074536e+011 2.715766e+015 2.715874e+015
d  8.478580e-001 1.317454e+011 3.259723e+015 3.259854e+015
d  8.397055e-001 1.615288e+011 3.889584e+015 3.889745e+015
d  8.315530e-001 1.980453e+011 4.613812e+015 4.614010e+015
d  8.234005e-001 2.428169e+011 5.440652e+015 5.440895e+015
d  8.152480e-001 2.977099e+011 6.377878e+015 6.378176e+015
d  8.070956e-001 3.650125e+011 7.432515e+015 7.432880e+015
d  7.989431e-001 4.475300e+011 8.610525e+015 8.610972e+015
d  7.907906e-001 5.487021e+011 9.916484e+015 9.917033e+015
d  7.826381e-001 6.727458e+011 1.135325e+016 1.135392e+016
d  7.744856e-001 8.248319e+011 1.292161e+016 1.292244e+016
d  7.663332e-001 1.011300e+012 1.462001e+016 1.462102e+016
d  7.581807e-001 1.239922e+012 1.644420e+016 1.644544e+016
d  7.500282e-001 1.520228e+012 1.838706e+016 1.838858e+016
d  7.418757e-001 1.863902e+012 2.043835e+016 2.044022e+016
d  7.337232e-001 2.285270e+012 2.258468e+016 2.258696e+016
d  7.255708e-001 2.801896e+012 2.480939e+016 2.481220e+016
d  7.174183e-001 3.435314e+012 2.709272e+016 2.709616e+016
d  7.092658e-001 4.211928e+012 2.941192e+016 2.941614e+016
d  7.011133e-001 5.164108e+012 3.174157e+016 3.174674e+016
d  6.929608e-001 6.331546e+012 3.405397e+016 3.406030e+016
d  6.848084e-001 7.762904e+012 3.631963e+016 3.632739e+016
d  6.766559e-001 9.517845e+012 3.850784e+016 3.851736e+016
d  6.685034e-001 1.166952e+013 4.058741e+016 4.059908e+016
d  6.603509e-001 1.430762e+013 4.252729e+016 4.254160e+016
d  6.521984e-001 1.754211e+013 4.429741e+016 4.431495e+016
d  6.440460e-001 2.150782e+013 4.586942e+016 4.589093e+016
d  6.358935e-001 2.637004e+013 4.721744e+016 4.724381e+016
d  6.277410e-001 3.233145e+013 4.831878e+016 4.835111e+016
d  6.195885e-001 3.964055e+013 4.915454e+016 4.919418e+016
d  6.114360e-001 4.860199e+013 4.971021e+016 4.975882e+016
d  6.032836e-001 5.958933e+013 4.997605e+016 5.003564e+016
d  5.951311e-001 7.306055e+013 4.994735e+016 5.002041e+016
d  5.869786e-001 8.957718e+013 4.962462e+016 4.971420e+016
d  5.788261e-001 1.098277e+014 4.901356e+016 4.912339e+016
d  5.706736e-001 1.346562e+014 4.812487e+016 4.825953e+016
d  5.625211e-001 1.650976e+014 4.697396e+016 4.713906e+016
d  5.543687e-001 2.024208e+014 4.558050e+016 4.578292e+016
d  5.462162e-001 2.481816e+014 4.396785e+016 4.421603e+016
d  5.380637e-001 3.042874e+014 4.216243e+016 4.246671e+016
d  5.299112e-001 3.730769e+014 4.019299e+016 4.056606e+016
d  5.217587e-001 4.574176e+014 3.808985e+016 3.854726e+016
d  5.136063e-001 5.608249e+014 3.588413e+016 3.644495e+016
d  5.054538e-001 6.876092e+014 3.360701e+016 3.429462e+016
d  4.973013e-001 8.430554e+014 3.128900e+016 3.213205e+016
d  4.891488e-001 1.033643e+015 2.895927e+016 2.999291e+016
d  4.809963e-001 1.267316e+015 2.664513e+016 2.791245e+016
d  4.728439e-001 1.553815e+015 2.437151e+016 2.592533e+016
d  4.646914e-001 1.905083e+015 2.216059e+016 2.406567e+016
d  4.565389e-001 2.335760e+015 2.003154e+016 2.236730e+016
d  4.483864e-001 2.863800e+015 1.800038e+016 2.086418e+016
d  4.402339e-001 3.511213e+015 1.607990e+016 1.959111e+016
d  4.320815e-001 4.304984e+015 1.427970e+016 1.858469e+016
d  4.239290e-001 5.278202e+015 1.260635e+016 1.788455e+016
d  4.157765e-001 6.471433e+015 1.106353e+016 1.753496e+016
d  4.076240e-001 7.934414e+015 9.652337e+015 1.758675e+016
d  3.994715e-001 9.728129e+015 8.371541e+015 1.809967e+016
d  3.913191e-001 1.192734e+016 7.217929e+015 1.914527e+016
d  3.831666e-001 1.462373e+016 6.186630e+015 2.081036e+016
d  3.750141e-001 1.792968e+016 5.271447e+015 2.320113e+016
d  3.668616e-001 2.198300e+016 4.465190e+015 2.644819e+016
d  3.587091e-001 2.695265e+016 3.759968e+015 3.071262e+016
d  3.505567e-001 3.304577e+016 3.147478e+015 3.619325e+016
d  3.424042e-001 4.051635e+016 2.619242e+015 4.313559e+016
d  3.342517e-001 4.967579e+016 2.166819e+015 5.184261e+016
d  3.260992e-001 6.090587e+016 1.781985e+015 6.268786e+016
d  3.179467e-001 7.467472e+016 1.456866e+015 7.613159e+016
d  3.097943e-001 9.155626e+016 1.184049e+015 9.274031e+016
d  3.016418e-001 1.122542e+017 9.566515e+014 1.132108e+017
d  2.934893e-001 1.376312e+017 7.683732e+014 1.383996e+017
d  2.853368e-001 1.687452e+017 6.135146e+014 1.693587e+017
d  2.771843e-001 2.068930e+017 4.869808e+014 2.073800e+017
d  2.690319e-001 2.536648e+017 3.842670e+014 2.540491e+017
d  2.608794e-001 3.110102e+017 3.014315e+014 3.113116e+017
d  2.527269e-001 3.813195e+017 2.350598e+014 3.815546e+017
d  2.445744e-001 4.675236e+017 1.822227e+014 4.677058e+017
d  2.364219e-001 5.732155e+017 1.404303e+014 5.733559e+017
d  2.282695e-001 7.028010e+017 1.075854e+014 7.029086e+017
d  2.201170e-001 8.616815e+017 8.193702e+013 8.617635e+017
d  2.119645e-001 1.056480e+018 6.203564e+013 1.056542e+018
d  2.038120e-001 1.295316e+018 4.669138e+013 1.295362e+018
d  1.956595e-001 1.588145e+018 3.493545e+013 1.588180e+018
d  1.875070e-001 1.947173e+018 2.598545e+013 1.947199e+018
d  1.793546e-001 2.387366e+018 1.921447e+013 2.387385e+018
d  1.712021e-001 2.927072e+018 1.412410e+013 2.927086e+018
d  1.630496e-001 3.588788e+018 1.032114e+013 3.588798e+018
d  1.548971e-001 4.400097e+018 7.497709e+012 4.400104e+018
d  1.467446e-001 5.394816e+018 5.414569e+012 5.394822e+018
d  1.385922e-001 6.614410e+018 3.887169e+012 6.614414e+018
d  1.304397e-001 8.109714e+018 2.774196e+012 8.109717e+018
d  1.222872e-001 9.943058e+018 1.968227e+012 9.943060e+018
d  1.141347e-001 1.219086e+019 1.388186e+012 1.219086e+019
d  1.059822e-001 1.494682e+019 9.733167e+011 1.494682e+019
d  9.782977e-002 1.832581e+019 6.784143e+011 1.832581e+019
d  8.967728e-002 2.246869e+019 4.700782e+011 2.246869e+019
d  8.152480e-002 2.754813e+019 3.238020e+011 2.754813e+019
d  7.337232e-002 3.377587e+019 2.217294e+011 3.377587e+019
d  6.521984e-002 4.141150e+019 1.509389e+011 4.141150e+019
d  5.706736e-002 5.077330e+019 1.021441e+011 5.077330e+019
d  4.891488e-002 6.225150e+019 6.871631e+010 6.225150e+019
d  4.076240e-002 7.632456e+019 4.595583e+010 7.632456e+019
d  3.260992e-002 9.357907e+019 3.055312e+010 9.357907e+019
d  2.445744e-002 1.147343e+020 2.019319e+010 1.147343e+020
d  1.630496e-002 1.406720e+020 1.326748e+010 1.406720e+020
d  8.152480e-003 1.724734e+020 8.665751e+009 1.724734e+020
d  0.000000e+000 2.114640e+020 5.626759e+009 2.114640e+020
