Probe avg_n vs gate bias
76 2 2
gate bias
Probe avg_n
-3 7.76418e+012
-2.8 7.7665e+012
-2.6 7.77023e+012
-2.4 7.77625e+012
-2.2 7.78581e+012
-2 7.80101e+012
-1.8 7.82523e+012
-1.6 7.8639e+012
-1.4 7.9259e+012
-1.2 8.02587e+012
-1 8.18856e+012
-0.95 8.2435e+012
-0.9 8.30584e+012
-0.85 8.37665e+012
-0.8 8.45719e+012
-0.75 8.54897e+012
-0.7 8.65373e+012
-0.65 8.77354e+012
-0.6 8.91088e+012
-0.55 9.06868e+012
-0.5 9.25052e+012
-0.45 9.46071e+012
-0.4 9.70459e+012
-0.35 9.98875e+012
-0.3 1.03216e+013
-0.25 1.0714e+013
-0.2 1.11812e+013
-0.15 1.17491e+013
-0.1 1.24799e+013
-0.05 1.35935e+013
-8.36062e-016 1.60337e+013
0.05 2.40508e+013
0.1 5.64438e+013
0.15 1.91283e+014
0.2 7.05272e+014
0.25 2.29597e+015
0.3 5.9985e+015
0.35 1.26643e+016
0.4 2.27393e+016
0.45 3.64497e+016
0.5 5.39913e+016
0.55 7.56191e+016
0.6 1.01679e+017
0.65 1.32612e+017
0.7 1.68947e+017
0.75 2.11274e+017
0.8 2.60201e+017
0.85 3.1631e+017
0.9 3.80117e+017
0.95 4.52071e+017
1 5.32564e+017
1.05 6.21894e+017
1.1 7.20211e+017
1.15 8.2751e+017
1.2 9.43664e+017
1.25 1.06848e+018
1.3 1.20173e+018
1.35 1.34321e+018
1.4 1.49271e+018
1.45 1.65008e+018
1.5 1.81517e+018
1.6 2.16789e+018
1.7 2.54947e+018
1.8 2.9579e+018
1.9 3.39062e+018
2 3.84485e+018
2.1 4.31783e+018
2.2 4.80701e+018
2.3 5.31018e+018
2.4 5.82541e+018
2.5 6.35107e+018
2.6 6.88577e+018
2.7 7.42836e+018
2.8 7.97784e+018
2.9 8.53336e+018
3 9.09422e+018
