Conduction Band Energy vs Depth
92 2 2
Depth
Conduction Band Energy
0 3.74953
0.0199902 3.74953
0.0344313 3.74953
0.0448638 3.74953
0.0524003 3.74953
0.0578448 3.74953
0.061778 3.74953
0.0646194 3.74953
0.066672 3.74953
0.0681549 3.74953
0.0692261 3.74953
0.07 0.421927
0.07 0.421927
0.0707848 0.422071
0.0714745 0.422433
0.0720807 0.422935
0.0726135 0.423517
0.0730818 0.424138
0.0734934 0.424768
0.0738552 0.425387
0.0741731 0.425982
0.0744526 0.426543
0.0746982 0.427066
0.0749141 0.42755
0.0751038 0.427992
0.0752706 0.428395
0.0754172 0.42876
0.075546 0.429089
0.0756592 0.429384
0.0757587 0.429649
0.0758462 0.429885
0.0759231 0.430096
0.0759906 0.430283
0.07605 0.43045
0.07605 0.43045
0.0761125 0.430625
0.076175 0.4308
0.0762375 0.430975
0.0763 0.431149
0.0763 0.431149
0.0763595 3.75903
0.0764253 3.75933
0.0764982 3.75967
0.0765789 3.76004
0.0766683 3.76046
0.0767672 3.76092
0.0768767 3.76142
0.076998 3.76199
0.0771323 3.76261
0.0772809 3.7633
0.0774455 3.76406
0.0776277 3.7649
0.0778294 3.76584
0.0780527 3.76687
0.0783 4.66802
0.0783 4.66802
0.0785427 4.66854
0.0787984 4.66908
0.0790678 4.66966
0.0793516 4.67026
0.0796506 4.6709
0.0799656 4.67157
0.0802976 4.67228
0.0806473 4.67303
0.0810157 4.67381
0.0814039 4.67464
0.0818128 4.67551
0.0822437 4.67643
0.0826977 4.6774
0.0831759 4.67842
0.0836798 4.67949
0.0842107 4.68062
0.0847701 4.68181
0.0853594 4.68307
0.0859802 4.68439
0.0866344 4.68579
0.0873235 4.68726
0.0880496 4.68881
0.0888146 4.69044
0.0896206 4.69216
0.0904697 4.69397
0.0913644 4.69587
0.0923069 4.69788
0.0933 4.7
0.0933 0
0.0943551 0
0.0960786 0
0.0988935 0
0.103491 0
0.111001 0
0.123266 0
0.1433 0
