Conduction Band Energy vs Depth
92 2 2
Depth
Conduction Band Energy
0 3.05791
0.0199902 3.05791
0.0344313 3.05791
0.0448638 3.05791
0.0524003 3.05791
0.0578448 3.05791
0.061778 3.05791
0.0646194 3.05791
0.066672 3.05791
0.0681549 3.05791
0.0692261 3.05791
0.07 -0.269685
0.07 -0.269685
0.0707848 -0.27228
0.0714745 -0.279037
0.0720807 -0.288835
0.0726135 -0.300916
0.0730818 -0.314726
0.0734934 -0.329831
0.0738552 -0.34588
0.0741731 -0.362573
0.0744526 -0.379652
0.0746982 -0.396889
0.0749141 -0.414076
0.0751038 -0.431027
0.0752706 -0.447574
0.0754172 -0.463572
0.075546 -0.478902
0.0756592 -0.493466
0.0757587 -0.507197
0.0758462 -0.520049
0.0759231 -0.531999
0.0759906 -0.543044
0.07605 -0.553196
0.07605 -0.553196
0.0761125 -0.564375
0.076175 -0.576089
0.0762375 -0.58837
0.0763 -0.601251
0.0763 -0.601251
0.0763595 2.71347
0.0764253 2.69922
0.0764982 2.68344
0.0765789 2.66597
0.0766683 2.64662
0.0767672 2.6252
0.0768767 2.60149
0.076998 2.57524
0.0771323 2.54618
0.0772809 2.514
0.0774455 2.47837
0.0776277 2.43893
0.0778294 2.39526
0.0780527 2.34691
0.0783 3.19338
0.0783 3.19338
0.0785427 3.16922
0.0787984 3.14376
0.0790678 3.11694
0.0793516 3.08869
0.0796506 3.05892
0.0799656 3.02755
0.0802976 2.9945
0.0806473 2.95969
0.0810157 2.92301
0.0814039 2.88436
0.0818128 2.84365
0.0822437 2.80075
0.0826977 2.75555
0.0831759 2.70794
0.0836798 2.65777
0.0842107 2.60491
0.0847701 2.54923
0.0853594 2.49056
0.0859802 2.42875
0.0866344 2.36362
0.0873235 2.29501
0.0880496 2.22272
0.0888146 2.14656
0.0896206 2.06632
0.0904697 1.98178
0.0913644 1.89271
0.0923069 1.79887
0.0933 1.7
0.0933 0
0.0943551 0
0.0960786 0
0.0988935 0
0.103491 0
0.111001 0
0.123266 0
0.1433 0
