Conduction Band Energy vs Depth
92 2 2
Depth
Conduction Band Energy
0 3.35192
0.0199902 3.35192
0.0344313 3.35192
0.0448638 3.35192
0.0524003 3.35192
0.0578448 3.35192
0.061778 3.35192
0.0646194 3.35192
0.066672 3.35192
0.0681549 3.35192
0.0692261 3.35192
0.07 0.024321
0.07 0.024321
0.0707848 0.0237418
0.0714745 0.0222617
0.0720807 0.0201815
0.0726135 0.0177183
0.0730818 0.0150315
0.0734934 0.0122394
0.0738552 0.00942928
0.0741731 0.0066653
0.0744526 0.00399361
0.0746982 0.00144627
0.0749141 -0.000955626
0.0751038 -0.00319955
0.0752706 -0.00527961
0.0754172 -0.00719497
0.075546 -0.00894859
0.0756592 -0.0105461
0.0757587 -0.0119952
0.0758462 -0.0133046
0.0759231 -0.0144839
0.0759906 -0.0155429
0.07605 -0.0164914
0.07605 -0.0164914
0.0761125 -0.0175266
0.076175 -0.0186001
0.0762375 -0.0197123
0.0763 -0.0208637
0.0763 -0.0208637
0.0763595 3.30569
0.0764253 3.30453
0.0764982 3.30324
0.0765789 3.30182
0.0766683 3.30025
0.0767672 3.29851
0.0768767 3.29658
0.076998 3.29444
0.0771323 3.29208
0.0772809 3.28946
0.0774455 3.28656
0.0776277 3.28335
0.0778294 3.2798
0.0780527 3.27586
0.0783 4.17151
0.0783 4.17151
0.0785427 4.16954
0.0787984 4.16747
0.0790678 4.16529
0.0793516 4.16299
0.0796506 4.16057
0.0799656 4.15802
0.0802976 4.15533
0.0806473 4.15249
0.0810157 4.14951
0.0814039 4.14637
0.0818128 4.14305
0.0822437 4.13956
0.0826977 4.13588
0.0831759 4.13201
0.0836798 4.12793
0.0842107 4.12363
0.0847701 4.1191
0.0853594 4.11432
0.0859802 4.10929
0.0866344 4.104
0.0873235 4.09841
0.0880496 4.09253
0.0888146 4.08633
0.0896206 4.07981
0.0904697 4.07293
0.0913644 4.06568
0.0923069 4.05804
0.0933 4.05
0.0933 0
0.0943551 0
0.0960786 0
0.0988935 0
0.103491 0
0.111001 0
0.123266 0
0.1433 0
