Probe chan_mob vs gate bias
76 2 2
gate bias
Probe chan_mob
-3 8.08853
-2.8 8.08853
-2.6 8.08853
-2.4 8.08853
-2.2 8.08853
-2 8.08853
-1.8 8.08853
-1.6 8.08853
-1.4 8.08853
-1.2 8.08853
-1 8.08853
-0.95 8.08853
-0.9 8.08853
-0.85 8.08853
-0.8 8.08853
-0.75 8.08853
-0.7 8.08853
-0.65 8.08853
-0.6 8.08853
-0.55 8.08853
-0.5 8.08853
-0.45 8.08853
-0.4 8.08853
-0.35 8.08853
-0.3 8.08853
-0.25 8.08853
-0.2 8.08853
-0.15 8.08853
-0.1 8.08853
-0.05 8.08853
-8.36062e-016 8.08853
0.05 8.08853
0.1 8.08853
0.15 8.08853
0.2 8.08853
0.25 8.08853
0.3 8.08853
0.35 8.08853
0.4 8.08853
0.45 8.08853
0.5 8.08853
0.55 8.08853
0.6 8.08853
0.65 8.08853
0.7 8.08853
0.75 8.08853
0.8 8.08853
0.85 8.08853
0.9 8.08853
0.95 8.08853
1 8.08853
1.05 8.08853
1.1 8.08853
1.15 8.08853
1.2 8.08853
1.25 8.08853
1.3 8.08853
1.35 8.08853
1.4 8.08853
1.45 8.08853
1.5 8.08853
1.6 8.08853
1.7 8.08853
1.8 8.08853
1.9 8.08853
2 8.08853
2.1 8.08853
2.2 8.08853
2.3 8.08853
2.4 8.08853
2.5 8.08853
2.6 8.08853
2.7 8.08853
2.8 8.08853
2.9 8.08853
3 8.08853
