Probe chan_n vs gate bias
76 2 2
gate bias
Probe chan_n
-3 2.86542e-025
-2.8 4.88857e-025
-2.6 2.60005e-024
-2.4 6.7026e-022
-2.2 4.35555e-019
-2 2.84038e-016
-1.8 1.80978e-013
-1.6 1.04727e-010
-1.4 6.81207e-008
-1.2 4.35003e-005
-1 0.0167817
-0.95 0.0845983
-0.9 0.427451
-0.85 2.15999
-0.8 10.915
-0.75 55.1568
-0.7 278.724
-0.65 1408.47
-0.6 7117.3
-0.55 35964.2
-0.5 181711
-0.45 917849
-0.4 4.63312e+006
-0.35 2.33566e+007
-0.3 1.17503e+008
-0.25 5.89616e+008
-0.2 2.95145e+009
-0.15 1.47479e+010
-0.1 7.35506e+010
-0.05 3.64947e+011
-8.36062e-016 1.78795e+012
0.05 8.55937e+012
0.1 3.96214e+013
0.15 1.74434e+014
0.2 6.9859e+014
0.25 2.34512e+015
0.3 6.20239e+015
0.35 1.30893e+016
0.4 2.32578e+016
0.45 3.66024e+016
0.5 5.28911e+016
0.55 7.18798e+016
0.6 9.3357e+016
0.65 1.17158e+017
0.7 1.43164e+017
0.75 1.71291e+017
0.8 2.01474e+017
0.85 2.33654e+017
0.9 2.6777e+017
0.95 3.03764e+017
1 3.41582e+017
1.05 3.81171e+017
1.1 4.2246e+017
1.15 4.65364e+017
1.2 5.09794e+017
1.25 5.55675e+017
1.3 6.02949e+017
1.35 6.5158e+017
1.4 7.01556e+017
1.45 7.52877e+017
1.5 8.05562e+017
1.6 9.15111e+017
1.7 1.03036e+018
1.8 1.15136e+018
1.9 1.27797e+018
2 1.40996e+018
2.1 1.54699e+018
2.2 1.68873e+018
2.3 1.83481e+018
2.4 1.9849e+018
2.5 2.13866e+018
2.6 2.2958e+018
2.7 2.45604e+018
2.8 2.61911e+018
2.9 2.78476e+018
3 2.95279e+018
