drain current vs gate bias
76 2 2
gate bias
drain current
-3 9.32529e-022
-2.8 4.29034e-022
-2.6 -3.91213e-021
-2.4 5.27369e-021
-2.2 -5.08222e-021
-2 1.40269e-020
-1.8 5.52189e-021
-1.6 4.20572e-020
-1.4 -8.5022e-020
-1.2 1.32904e-019
-1 -2.42963e-019
-0.95 1.06429e-019
-0.9 -9.23972e-020
-0.85 -1.82979e-019
-0.8 1.12556e-019
-0.75 1.01815e-019
-0.7 1.32299e-019
-0.65 1.36308e-019
-0.6 -1.21553e-019
-0.55 -1.3712e-019
-0.5 -1.32581e-019
-0.45 -1.01793e-019
-0.4 -3.44076e-019
-0.35 -1.93088e-019
-0.3 1.93195e-019
-0.25 1.19963e-018
-0.2 7.09835e-018
-0.15 3.74061e-017
-0.1 1.84413e-016
-0.05 9.15389e-016
-8.36062e-016 4.51239e-015
0.05 2.18494e-014
0.1 1.0295e-013
0.15 4.65632e-013
0.2 1.95891e-012
0.25 7.22392e-012
0.3 2.21087e-011
0.35 5.5778e-011
0.4 1.19609e-010
0.45 2.2639e-010
0.5 3.90237e-010
0.55 6.26906e-010
0.6 9.54252e-010
0.65 1.39271e-009
0.7 1.96569e-009
0.75 2.69976e-009
0.8 3.62455e-009
0.85 4.77212e-009
0.9 6.1757e-009
0.95 7.86769e-009
1 9.87733e-009
1.05 1.22295e-008
1.1 1.49451e-008
1.15 1.80412e-008
1.2 2.15311e-008
1.25 2.54242e-008
1.3 2.97253e-008
1.35 3.44348e-008
1.4 3.95477e-008
1.45 4.50543e-008
1.5 5.09403e-008
1.6 6.37728e-008
1.7 7.78665e-008
1.8 9.30286e-008
1.9 1.0908e-007
2 1.25869e-007
2.1 1.43272e-007
2.2 1.61189e-007
2.3 1.79542e-007
2.4 1.98269e-007
2.5 2.17318e-007
2.6 2.36647e-007
2.7 2.56223e-007
2.8 2.76017e-007
2.9 2.96006e-007
3 3.16169e-007
