source current vs gate bias
76 2 2
gate bias
source current
-3 -3.25262e-021
-2.8 1.20697e-020
-2.6 -1.56958e-021
-2.4 -1.71425e-020
-2.2 -8.01809e-020
-2 7.38648e-020
-1.8 -7.84033e-020
-1.6 -1.61118e-020
-1.4 1.28895e-019
-1.2 1.02253e-018
-1 7.58406e-018
-0.95 -2.99544e-020
-0.9 3.43719e-019
-0.85 2.38425e-019
-0.8 4.96214e-020
-0.75 8.68374e-020
-0.7 1.51272e-021
-0.65 -2.11497e-019
-0.6 1.6641e-019
-0.55 4.1632e-019
-0.5 8.56802e-019
-0.45 1.47798e-018
-0.4 2.78302e-018
-0.35 4.95823e-018
-0.3 8.44885e-018
-0.25 1.36321e-017
-0.2 1.96324e-017
-0.15 -3.67462e-017
-0.1 -1.84265e-016
-0.05 -9.1576e-016
-8.36062e-016 -4.51266e-015
0.05 -2.18496e-014
0.1 -1.0295e-013
0.15 -4.65632e-013
0.2 -1.95891e-012
0.25 -7.22391e-012
0.3 -2.21087e-011
0.35 -5.5778e-011
0.4 -1.19609e-010
0.45 -2.2639e-010
0.5 -3.90237e-010
0.55 -6.26906e-010
0.6 -9.54252e-010
0.65 -1.39271e-009
0.7 -1.96569e-009
0.75 -2.69976e-009
0.8 -3.62455e-009
0.85 -4.77212e-009
0.9 -6.1757e-009
0.95 -7.86769e-009
1 -9.87733e-009
1.05 -1.22295e-008
1.1 -1.49451e-008
1.15 -1.80412e-008
1.2 -2.15311e-008
1.25 -2.54242e-008
1.3 -2.97253e-008
1.35 -3.44348e-008
1.4 -3.95477e-008
1.45 -4.50543e-008
1.5 -5.09403e-008
1.6 -6.37728e-008
1.7 -7.78665e-008
1.8 -9.30286e-008
1.9 -1.0908e-007
2 -1.25869e-007
2.1 -1.43272e-007
2.2 -1.61189e-007
2.3 -1.79542e-007
2.4 -1.98269e-007
2.5 -2.17318e-007
2.6 -2.36647e-007
2.7 -2.56223e-007
2.8 -2.76017e-007
2.9 -2.96006e-007
3 -3.16169e-007
