Electron Conc vs Depth
92 2 2
Depth
Electron Conc
0 0
0.0199902 0
0.0344313 0
0.0448638 0
0.0524003 0
0.0578448 0
0.061778 0
0.0646194 0
0.066672 0
0.0681549 0
0.0692261 0
0.07 0
0.07 7.95407e+017
0.0707848 8.59358e+017
0.0714745 1.04855e+018
0.0720807 1.38958e+018
0.0726135 1.94007e+018
0.0730818 2.7803e+018
0.0734934 3.99882e+018
0.0738552 5.66974e+018
0.0741731 7.83157e+018
0.0744526 1.04791e+019
0.0746982 1.35699e+019
0.0749141 1.70371e+019
0.0751038 2.08013e+019
0.0752706 2.47792e+019
0.0754172 2.88891e+019
0.075546 3.30547e+019
0.0756592 3.72073e+019
0.0757587 4.12873e+019
0.0758462 4.52453e+019
0.0759231 4.90419e+019
0.0759906 5.26473e+019
0.07605 5.6041e+019
0.07605 5.6041e+019
0.0761125 5.98638e+019
0.076175 6.3964e+019
0.0762375 6.83636e+019
0.0763 7.30868e+019
0.0763 0
0.0763595 0
0.0764253 0
0.0764982 0
0.0765789 0
0.0766683 0
0.0767672 0
0.0768767 0
0.076998 0
0.0771323 0
0.0772809 0
0.0774455 0
0.0776277 0
0.0778294 0
0.0780527 0
0.0783 0
0.0783 0
0.0785427 0
0.0787984 0
0.0790678 0
0.0793516 0
0.0796506 0
0.0799656 0
0.0802976 0
0.0806473 0
0.0810157 0
0.0814039 0
0.0818128 0
0.0822437 0
0.0826977 0
0.0831759 0
0.0836798 0
0.0842107 0
0.0847701 0
0.0853594 0
0.0859802 0
0.0866344 0
0.0873235 0
0.0880496 0
0.0888146 0
0.0896206 0
0.0904697 0
0.0913644 0
0.0923069 0
0.0933 0
0.0933 0
0.0943551 0
0.0960786 0
0.0988935 0
0.103491 0
0.111001 0
0.123266 0
0.1433 0
