Valence Band Energy vs Depth
92 2 2
Depth
Valence Band Energy
0 -5.25047
0.0199902 -5.25047
0.0344313 -5.25047
0.0448638 -5.25047
0.0524003 -5.25047
0.0578448 -5.25047
0.061778 -5.25047
0.0646194 -5.25047
0.066672 -5.25047
0.0681549 -5.25047
0.0692261 -5.25047
0.07 -2.70047
0.07 -2.70047
0.0707848 -2.70033
0.0714745 -2.69997
0.0720807 -2.69946
0.0726135 -2.69888
0.0730818 -2.69826
0.0734934 -2.69763
0.0738552 -2.69701
0.0741731 -2.69642
0.0744526 -2.69586
0.0746982 -2.69533
0.0749141 -2.69485
0.0751038 -2.69441
0.0752706 -2.694
0.0754172 -2.69364
0.075546 -2.69331
0.0756592 -2.69302
0.0757587 -2.69275
0.0758462 -2.69251
0.0759231 -2.6923
0.0759906 -2.69212
0.07605 -2.69195
0.07605 -2.69195
0.0761125 -2.69178
0.076175 -2.6916
0.0762375 -2.69143
0.0763 -2.69125
0.0763 -2.69125
0.0763595 -5.24097
0.0764253 -5.24067
0.0764982 -5.24033
0.0765789 -5.23996
0.0766683 -5.23954
0.0767672 -5.23908
0.0768767 -5.23858
0.076998 -5.23801
0.0771323 -5.23739
0.0772809 -5.2367
0.0774455 -5.23594
0.0776277 -5.2351
0.0778294 -5.23416
0.0780527 -5.23313
0.0783 -1.03198
0.0783 -1.03198
0.0785427 -1.03146
0.0787984 -1.03092
0.0790678 -1.03034
0.0793516 -1.02974
0.0796506 -1.0291
0.0799656 -1.02843
0.0802976 -1.02772
0.0806473 -1.02697
0.0810157 -1.02619
0.0814039 -1.02536
0.0818128 -1.02449
0.0822437 -1.02357
0.0826977 -1.0226
0.0831759 -1.02158
0.0836798 -1.02051
0.0842107 -1.01938
0.0847701 -1.01819
0.0853594 -1.01693
0.0859802 -1.01561
0.0866344 -1.01421
0.0873235 -1.01274
0.0880496 -1.01119
0.0888146 -1.00956
0.0896206 -1.00784
0.0904697 -1.00603
0.0913644 -1.00413
0.0923069 -1.00212
0.0933 -1
0.0933 0
0.0943551 0
0.0960786 0
0.0988935 0
0.103491 0
0.111001 0
0.123266 0
0.1433 0
