Valence Band Energy vs Depth
92 2 2
Depth
Valence Band Energy
0 -5.94209
0.0199902 -5.94209
0.0344313 -5.94209
0.0448638 -5.94209
0.0524003 -5.94209
0.0578448 -5.94209
0.061778 -5.94209
0.0646194 -5.94209
0.066672 -5.94209
0.0681549 -5.94209
0.0692261 -5.94209
0.07 -3.39209
0.07 -3.39209
0.0707848 -3.39468
0.0714745 -3.40144
0.0720807 -3.41124
0.0726135 -3.42332
0.0730818 -3.43713
0.0734934 -3.45223
0.0738552 -3.46828
0.0741731 -3.48497
0.0744526 -3.50205
0.0746982 -3.51929
0.0749141 -3.53648
0.0751038 -3.55343
0.0752706 -3.56997
0.0754172 -3.58597
0.075546 -3.6013
0.0756592 -3.61587
0.0757587 -3.6296
0.0758462 -3.64245
0.0759231 -3.6544
0.0759906 -3.66544
0.07605 -3.6756
0.07605 -3.6756
0.0761125 -3.68677
0.076175 -3.69849
0.0762375 -3.71077
0.0763 -3.72365
0.0763 -3.72365
0.0763595 -6.28653
0.0764253 -6.30078
0.0764982 -6.31656
0.0765789 -6.33403
0.0766683 -6.35338
0.0767672 -6.3748
0.0768767 -6.39851
0.076998 -6.42476
0.0771323 -6.45382
0.0772809 -6.486
0.0774455 -6.52163
0.0776277 -6.56107
0.0778294 -6.60474
0.0780527 -6.65309
0.0783 -2.50662
0.0783 -2.50662
0.0785427 -2.53078
0.0787984 -2.55624
0.0790678 -2.58306
0.0793516 -2.61131
0.0796506 -2.64108
0.0799656 -2.67245
0.0802976 -2.7055
0.0806473 -2.74031
0.0810157 -2.77699
0.0814039 -2.81564
0.0818128 -2.85635
0.0822437 -2.89925
0.0826977 -2.94445
0.0831759 -2.99206
0.0836798 -3.04223
0.0842107 -3.09509
0.0847701 -3.15077
0.0853594 -3.20944
0.0859802 -3.27125
0.0866344 -3.33638
0.0873235 -3.40499
0.0880496 -3.47728
0.0888146 -3.55344
0.0896206 -3.63368
0.0904697 -3.71822
0.0913644 -3.80729
0.0923069 -3.90113
0.0933 -4
0.0933 0
0.0943551 0
0.0960786 0
0.0988935 0
0.103491 0
0.111001 0
0.123266 0
0.1433 0
