Valence Band Energy vs Depth
92 2 2
Depth
Valence Band Energy
0 -5.64808
0.0199902 -5.64808
0.0344313 -5.64808
0.0448638 -5.64808
0.0524003 -5.64808
0.0578448 -5.64808
0.061778 -5.64808
0.0646194 -5.64808
0.066672 -5.64808
0.0681549 -5.64808
0.0692261 -5.64808
0.07 -3.09808
0.07 -3.09808
0.0707848 -3.09866
0.0714745 -3.10014
0.0720807 -3.10222
0.0726135 -3.10468
0.0730818 -3.10737
0.0734934 -3.11016
0.0738552 -3.11297
0.0741731 -3.11573
0.0744526 -3.11841
0.0746982 -3.12095
0.0749141 -3.12336
0.0751038 -3.1256
0.0752706 -3.12768
0.0754172 -3.12959
0.075546 -3.13135
0.0756592 -3.13295
0.0757587 -3.1344
0.0758462 -3.1357
0.0759231 -3.13688
0.0759906 -3.13794
0.07605 -3.13889
0.07605 -3.13889
0.0761125 -3.13993
0.076175 -3.141
0.0762375 -3.14211
0.0763 -3.14326
0.0763 -3.14326
0.0763595 -5.69431
0.0764253 -5.69547
0.0764982 -5.69676
0.0765789 -5.69818
0.0766683 -5.69975
0.0767672 -5.70149
0.0768767 -5.70342
0.076998 -5.70556
0.0771323 -5.70792
0.0772809 -5.71054
0.0774455 -5.71344
0.0776277 -5.71665
0.0778294 -5.7202
0.0780527 -5.72414
0.0783 -1.52849
0.0783 -1.52849
0.0785427 -1.53046
0.0787984 -1.53253
0.0790678 -1.53471
0.0793516 -1.53701
0.0796506 -1.53943
0.0799656 -1.54198
0.0802976 -1.54467
0.0806473 -1.54751
0.0810157 -1.55049
0.0814039 -1.55364
0.0818128 -1.55695
0.0822437 -1.56044
0.0826977 -1.56412
0.0831759 -1.56799
0.0836798 -1.57207
0.0842107 -1.57637
0.0847701 -1.5809
0.0853594 -1.58568
0.0859802 -1.59071
0.0866344 -1.596
0.0873235 -1.60159
0.0880496 -1.60747
0.0888146 -1.61367
0.0896206 -1.62019
0.0904697 -1.62707
0.0913644 -1.63432
0.0923069 -1.64196
0.0933 -1.65
0.0933 0
0.0943551 0
0.0960786 0
0.0988935 0
0.103491 0
0.111001 0
0.123266 0
0.1433 0
