&CONTROL
  calculation = 'bands', prefix = 'slab', outdir = './tmp', pseudo_dir = './'
  verbosity = 'high', tprnfor = .true., tstress = .true., max_seconds = 73950
/
&SYSTEM
  ibrav = 0, nat = 96, ntyp = 4, ecutwfc = 71, ecutrho = 568
  occupations = 'smearing', smearing = 'mv', degauss = 0.01
  nbnd = 336
/
&ELECTRONS
  conv_thr = 1.0d-9, mixing_beta = 0.2, electron_maxstep = 150, mixing_mode = 'local-TF'
/
ATOMIC_SPECIES
  In 114.818 In.pbe-dn-kjpaw_psl.1.0.0.UPF
  O 15.999 O.pbe-n-kjpaw_psl.1.0.0.UPF
  W 183.84 W.pbe-spn-kjpaw_psl.1.0.0.UPF
  H 1.008 H.pbe-kjpaw_psl.1.0.0.UPF
CELL_PARAMETERS angstrom
  10.3364310600 0.0000000000 0.0000000000
  0.0000000000 10.3345042100 0.0000000000
  0.0000000000 0.0000000000 34.8745389300
ATOMIC_POSITIONS crystal
  In               0.2437084617        0.2511542798        0.4251694089
  In               0.7436747822        0.2372079304        0.4257924572
  In               0.2562915383        0.2511542798        0.5748305914
  In               0.2557458420        0.7537081564        0.4243956052
  In               0.4609693635        0.5093310369        0.5739394475
  In               0.0390306365        0.5093310369        0.4260605528
  W                0.7500000005        0.4717478118        0.5000000001
  In               0.2500000005        0.0349917527        0.5000000001
  In               0.4941889210        0.7546226827        0.4913806888
  In               0.0367262440       -0.0002463280        0.5747555132
  In               0.4632737560       -0.0002463280        0.4252444871
  In               0.0013829359        0.2463638399        0.4919129390
  O                0.3905031048        0.1579852883        0.4624308222
  O                0.6194462101        0.3470104843        0.4659514645
  O                0.1094968952        0.1579852883        0.5375691781
  O                0.8805537899        0.3470104843        0.5340485358
  O                0.3769382598        0.3913658719        0.3965494651
  O                0.3888170439        0.6108354973        0.4555317550
  O                0.6173513547        0.0994194558        0.3954917330
  O                0.6166884959        0.8828298174        0.4550455941
  O                0.1452087053        0.3837368978        0.4678144586
  O                0.3547912947        0.3837368978        0.5321855414
  O                0.1887045343        0.6017506332        0.3856464111
  O                0.3112954657        0.6017506332        0.6143535892
  O                0.0918370650        0.3452715822        0.3904202531
  O                0.9001517084        0.1600411121        0.3902546098
  O                0.4081629350        0.3452715822        0.6095797472
  O                0.5998482916        0.1600411121        0.6097453905
  O                0.1168521866        0.1096591918        0.4554085496
  O                0.1203614406        0.8940798106        0.3958710558
  O                0.8656532178        0.4145760872        0.4620004706
  O                0.8790891652        0.6026281746        0.3981341588
  O                0.3106266031        0.1000501796        0.3859342021
  O                0.1893733969        0.1000501796        0.6140657982
  O                0.3446064834        0.8846403602        0.4668809413
  O                0.1553935166        0.8846403602        0.5331190587
  In               0.7492363150        0.7496812520        0.5744481237
  In               0.2442541580        0.7537081564        0.5756043951
  In               0.7507636850        0.7496812520        0.4255518766
  In               0.7563252178        0.2372079304        0.5742075431
  In               0.9677480108       -0.0022191655        0.4254298199
  In               0.5322519882       -0.0022191655        0.5745701804
  In               0.0058110790        0.7546226827        0.5086193112
  In               0.5306239760        0.4915312773        0.4260903710
  In               0.9693760230        0.4915312773        0.5739096293
  In               0.2500000005        0.5342088291        0.5000000001
  In               0.7500000005        0.9653168476        0.5000000001
  In               0.4986170641        0.2463638399        0.5080870610
  O                0.8997676917        0.6547667100        0.6072730565
  O                0.0963632466        0.8415311517        0.6125946063
  O                0.6002323083        0.6547667100        0.3927269438
  O                0.4036367534        0.8415311517        0.3874053940
  O                0.8833115041        0.8828298174        0.5449544059
  O                0.8826486453        0.0994194558        0.6045082670
  O                0.1111829561        0.6108354973        0.5444682450
  O                0.1230617402        0.3913658719        0.6034505349
  O                0.6844236846        0.8990787573        0.6141225217
  O                0.8155763154        0.8990787573        0.3858774786
  O                0.6531606961        0.1210776384        0.5324078846
  O                0.8468393039        0.1210776384        0.4675921154
  O                0.6097792805        0.8445511330        0.5363056256
  O                0.3843226043        0.6599396162        0.5365628706
  O                0.8902207195        0.8445511330        0.4636943747
  O                0.1156773957        0.6599396162        0.4634371297
  O                0.6209108348        0.6026281746        0.6018658412
  O                0.6343467822        0.4145760872        0.5379995294
  O                0.3796385594        0.8940798106        0.6041289442
  O                0.3831478134        0.1096591918        0.5445914504
  O                0.8363356392        0.6028017065        0.5287437618
  O                0.6636643608        0.6028017065        0.4712562382
  O                0.8144846316        0.3941722537        0.6119705788
  O                0.6855153684        0.3941722537        0.3880294215
  H                0.3191667740        0.4617011716        0.3878019326
  H                0.6774729658        0.0301450958        0.3872838581
  H                0.1449203069        0.6447249064        0.3644043355
  H                0.3550796931        0.6447249064        0.6355956645
  H                0.1247481259        0.3790918189        0.3662515313
  H                0.8665642581        0.1286802056        0.3658868765
  H                0.3752518741        0.3790918189        0.6337484690
  H                0.6334357419        0.1286802056        0.6341131238
  H                0.1790616322        0.9639037510        0.3872894003
  H                0.8201165083        0.5320375114        0.3903771085
  H                0.3574864875        0.1422929657        0.3651536516
  H                0.1425135125        0.1422929657        0.6348463484
  H                0.8658139636        0.6242435828        0.6316626289
  H                0.1379567994        0.8817789312        0.6346313230
  H                0.6341860364        0.6242435828        0.3683373714
  H                0.3620432006        0.8817789312        0.3653686773
  H                0.8225270332        0.0301450958        0.6127161422
  H                0.1808332250        0.4617011716        0.6121980677
  H                0.6377200112        0.8590586324        0.6353155838
  H                0.8622799879        0.8590586324        0.3646844162
  H                0.6798834907        0.5320375114        0.6096228918
  H                0.3209383668        0.9639037510        0.6127106000
  H                0.8551310235        0.3542744198        0.6342642979
  H                0.6448689756        0.3542744198        0.3657357021
K_POINTS tpiba
  21
  0.00000000 0.00000000 0.00000000 1.0
  0.02467641 0.00000000 0.00000000 1.0
  0.04935282 0.00000000 0.00000000 1.0
  0.07402923 0.00000000 0.00000000 1.0
  0.09870565 0.00000000 0.00000000 1.0
  0.12338206 0.00000000 0.00000000 1.0
  0.14805847 0.00000000 0.00000000 1.0
  0.17273488 0.00000000 0.00000000 1.0
  0.19741129 0.00000000 0.00000000 1.0
  0.22208770 0.00000000 0.00000000 1.0
  0.24676411 0.00000000 0.00000000 1.0
  0.01744886 0.01744886 0.00000000 1.0
  0.03489772 0.03489772 0.00000000 1.0
  0.05234657 0.05234657 0.00000000 1.0
  0.06979543 0.06979543 0.00000000 1.0
  0.08724429 0.08724429 0.00000000 1.0
  0.10469315 0.10469315 0.00000000 1.0
  0.12214201 0.12214201 0.00000000 1.0
  0.13959086 0.13959086 0.00000000 1.0
  0.15703972 0.15703972 0.00000000 1.0
  0.17448858 0.17448858 0.00000000 1.0
