Probe bulk_free_electrons vs gate bias
121 2 2
gate bias
Probe bulk_free_electrons
-3 7.8493e+011
-2.95 7.89442e+011
-2.9 7.94145e+011
-2.85 7.99054e+011
-2.8 8.04188e+011
-2.75 8.09573e+011
-2.7 8.15252e+011
-2.65 8.2127e+011
-2.6 8.27639e+011
-2.55 8.34337e+011
-2.5 8.41358e+011
-2.45 8.48717e+011
-2.4 8.56427e+011
-2.35 8.64506e+011
-2.3 8.72977e+011
-2.25 8.8186e+011
-2.2 8.91183e+011
-2.15 9.00971e+011
-2.1 9.11255e+011
-2.05 9.22064e+011
-2 9.33434e+011
-1.95 9.45401e+011
-1.9 9.58004e+011
-1.85 9.71287e+011
-1.8 9.85296e+011
-1.75 1.00008e+012
-1.7 1.0157e+012
-1.65 1.03221e+012
-1.6 1.04968e+012
-1.55 1.06818e+012
-1.5 1.08779e+012
-1.45 1.1086e+012
-1.4 1.1307e+012
-1.35 1.1542e+012
-1.3 1.17922e+012
-1.25 1.20589e+012
-1.2 1.23435e+012
-1.15 1.26478e+012
-1.1 1.29734e+012
-1.05 1.33226e+012
-1 1.36977e+012
-0.95 1.41014e+012
-0.9 1.45367e+012
-0.85 1.50073e+012
-0.8 1.55173e+012
-0.75 1.60716e+012
-0.7 1.66758e+012
-0.65 1.73369e+012
-0.6 1.8063e+012
-0.55 1.88641e+012
-0.5 1.97523e+012
-0.45 2.07428e+012
-0.4 2.18547e+012
-0.35 2.31124e+012
-0.3 2.45476e+012
-0.25 2.62021e+012
-0.2 2.81325e+012
-0.15 3.04175e+012
-0.1 3.31745e+012
-0.05 3.66193e+012
0 4.13918e+012
0.05 5.06577e+012
0.1 8.39766e+012
0.15 2.63346e+013
0.2 1.24255e+014
0.25 5.43145e+014
0.3 1.77534e+015
0.35 4.35732e+015
0.4 8.67841e+015
0.45 1.50253e+016
0.5 2.3676e+016
0.55 3.49542e+016
0.6 4.92555e+016
0.65 6.70621e+016
0.7 8.89517e+016
0.75 1.15602e+017
0.8 1.47785e+017
0.85 1.8635e+017
0.9 2.32196e+017
0.95 2.86234e+017
1 3.49347e+017
1.05 4.22327e+017
1.1 5.05803e+017
1.15 6.00188e+017
1.2 7.05686e+017
1.25 8.22316e+017
1.3 9.49966e+017
1.35 1.08844e+018
1.4 1.23748e+018
1.45 1.39684e+018
1.5 1.56629e+018
1.55 1.74561e+018
1.6 1.93459e+018
1.65 2.13306e+018
1.7 2.34082e+018
1.75 2.55767e+018
1.8 2.78334e+018
1.85 3.01755e+018
1.9 3.25997e+018
1.95 3.51022e+018
2 3.76792e+018
2.05 4.03266e+018
2.1 4.30405e+018
2.15 4.58167e+018
2.2 4.86515e+018
2.25 5.1541e+018
2.3 5.44819e+018
2.35 5.74709e+018
2.4 6.05048e+018
2.45 6.35808e+018
2.5 6.66962e+018
2.55 6.98487e+018
2.6 7.3036e+018
2.65 7.6256e+018
2.7 7.95067e+018
2.75 8.27865e+018
2.8 8.60936e+018
2.85 8.94266e+018
2.9 9.2784e+018
2.95 9.61646e+018
3 9.95671e+018
