v ATLAS
# This file was created by ATLAS version 5.28.1.R on Sat Sep 12 20:16:38 2026.
#SSF 2.0 generic
##############################################################################
#                    Copyright (c) 1984 - 2019                               #
#                    Silvaco Inc. All rights reserved                        #
#                                                                            #
# This file format and the following Key are copyright Silvaco Inc.          #
# You may not use, this format or key without reproducing this message in    #
# full and obtaining express written permission from Silvaco Inc.            #
#                                                                            #
# To obtain such permission please contact: Silvaco Inc.                     #
#                                           support@silvaco.com              #
#                                                                            #
# KEY=SVC86hn7562asdx                       PROD=345                         #
##############################################################################
p 4 74 76 75 205
d  3.050000e+000 2.850500e-013 0.000000e+000 2.850500e-013
d  3.034031e+000 4.249108e-013 0.000000e+000 4.249108e-013
d  3.018063e+000 6.333948e-013 0.000000e+000 6.333948e-013
d  3.002094e+000 9.441723e-013 0.000000e+000 9.441723e-013
d  2.986126e+000 1.407434e-012 0.000000e+000 1.407434e-012
d  2.970157e+000 2.097996e-012 0.000000e+000 2.097996e-012
d  2.954188e+000 3.127385e-012 0.000000e+000 3.127385e-012
d  2.938220e+000 4.661848e-012 0.000000e+000 4.661848e-012
d  2.922251e+000 6.949201e-012 0.000000e+000 6.949201e-012
d  2.906283e+000 1.035885e-011 0.000000e+000 1.035885e-011
d  2.890314e+000 1.544146e-011 0.000000e+000 1.544146e-011
d  2.874346e+000 2.301786e-011 0.000000e+000 2.301786e-011
d  2.858377e+000 3.431166e-011 0.000000e+000 3.431166e-011
d  2.842408e+000 5.114680e-011 0.000000e+000 5.114680e-011
d  2.826440e+000 7.624216e-011 0.000000e+000 7.624216e-011
d  2.810471e+000 1.136506e-010 0.000000e+000 1.136506e-010
d  2.794503e+000 1.694137e-010 0.000000e+000 1.694137e-010
d  2.778534e+000 2.525372e-010 0.000000e+000 2.525372e-010
d  2.762565e+000 3.764455e-010 0.000000e+000 3.764455e-010
d  2.746597e+000 5.611498e-010 0.000000e+000 5.611498e-010
d  2.730628e+000 8.364800e-010 0.000000e+000 8.364800e-010
d  2.714660e+000 1.246902e-009 0.000000e+000 1.246902e-009
d  2.698691e+000 1.858699e-009 0.000000e+000 1.858699e-009
d  2.682723e+000 2.770676e-009 0.000000e+000 2.770676e-009
d  2.666754e+000 4.130118e-009 0.000000e+000 4.130118e-009
d  2.650785e+000 6.156575e-009 0.000000e+000 6.156575e-009
d  2.634817e+000 9.177320e-009 0.000000e+000 9.177320e-009
d  2.618848e+000 1.368020e-008 0.000000e+000 1.368020e-008
d  2.602880e+000 2.039245e-008 0.000000e+000 2.039245e-008
d  2.586911e+000 3.039807e-008 0.000000e+000 3.039807e-008
d  2.570942e+000 4.531300e-008 0.000000e+000 4.531300e-008
d  2.554974e+000 6.754598e-008 0.000000e+000 6.754598e-008
d  2.539005e+000 1.006877e-007 0.000000e+000 1.006877e-007
d  2.523037e+000 1.500904e-007 0.000000e+000 1.500904e-007
d  2.507068e+000 2.237328e-007 0.000000e+000 2.237328e-007
d  2.491099e+000 3.335081e-007 0.000000e+000 3.335081e-007
d  2.475131e+000 4.971450e-007 0.000000e+000 4.971450e-007
d  2.459162e+000 7.410710e-007 0.000000e+000 7.410710e-007
d  2.443194e+000 1.104680e-006 0.000000e+000 1.104680e-006
d  2.427225e+000 1.646695e-006 0.000000e+000 1.646695e-006
d  2.411257e+000 2.454652e-006 0.000000e+000 2.454652e-006
d  2.395288e+000 3.659036e-006 0.000000e+000 3.659036e-006
d  2.379319e+000 5.454356e-006 0.000000e+000 5.454356e-006
d  2.363351e+000 8.130555e-006 0.000000e+000 8.130555e-006
d  2.347382e+000 1.211984e-005 0.000000e+000 1.211984e-005
d  2.331414e+000 1.806648e-005 0.000000e+000 1.806648e-005
d  2.315445e+000 2.693087e-005 0.000000e+000 2.693087e-005
d  2.299476e+000 4.014459e-005 0.000000e+000 4.014459e-005
d  2.283508e+000 5.984168e-005 0.000000e+000 5.984168e-005
d  2.267539e+000 8.920322e-005 0.000000e+000 8.920322e-005
d  2.251571e+000 1.329711e-004 0.000000e+000 1.329711e-004
d  2.235602e+000 1.982138e-004 0.000000e+000 1.982138e-004
d  2.219634e+000 2.954682e-004 0.000000e+000 2.954682e-004
d  2.203665e+000 4.404407e-004 0.000000e+000 4.404407e-004
d  2.187696e+000 6.565445e-004 0.000000e+000 6.565445e-004
d  2.171728e+000 9.786804e-004 0.000000e+000 9.786804e-004
d  2.155759e+000 1.458873e-003 0.000000e+000 1.458873e-003
d  2.139791e+000 2.174675e-003 0.000000e+000 2.174675e-003
d  2.123822e+000 3.241687e-003 0.000000e+000 3.241687e-003
d  2.107853e+000 4.832232e-003 0.000000e+000 4.832232e-003
d  2.091885e+000 7.203184e-003 0.000000e+000 7.203184e-003
d  2.075916e+000 1.073745e-002 0.000000e+000 1.073745e-002
d  2.059948e+000 1.600582e-002 0.000000e+000 1.600582e-002
d  2.043979e+000 2.385913e-002 0.000000e+000 2.385913e-002
d  2.028010e+000 3.556570e-002 0.000000e+000 3.556570e-002
d  2.012042e+000 5.301614e-002 0.000000e+000 5.301614e-002
d  1.996073e+000 7.902870e-002 0.000000e+000 7.902870e-002
d  1.980105e+000 1.178044e-001 0.000000e+000 1.178044e-001
d  1.964136e+000 1.756056e-001 0.000000e+000 1.756056e-001
d  1.948168e+000 2.617671e-001 0.000000e+000 2.617671e-001
d  1.932199e+000 3.902040e-001 0.000000e+000 3.902040e-001
d  1.916230e+000 5.816590e-001 0.000000e+000 5.816590e-001
d  1.900262e+000 8.670521e-001 0.000000e+000 8.670521e-001
d  1.884293e+000 1.292474e+000 0.000000e+000 1.292474e+000
d  1.868325e+000 1.926631e+000 0.000000e+000 1.926631e+000
d  1.852356e+000 2.871940e+000 0.000000e+000 2.871940e+000
d  1.836387e+000 4.281067e+000 0.000000e+000 4.281067e+000
d  1.820419e+000 6.381588e+000 0.000000e+000 6.381588e+000
d  1.804450e+000 9.512738e+000 0.000000e+000 9.512738e+000
d  1.788482e+000 1.418020e+001 0.000000e+000 1.418020e+001
d  1.772513e+000 2.113776e+001 0.000000e+000 2.113776e+001
d  1.756545e+000 3.150908e+001 0.000000e+000 3.150908e+001
d  1.740576e+000 4.696912e+001 0.000000e+000 4.696912e+001
d  1.724607e+000 7.001468e+001 0.000000e+000 7.001468e+001
d  1.708639e+000 1.043676e+002 0.000000e+000 1.043676e+002
d  1.692670e+000 1.555760e+002 0.000000e+000 1.555760e+002
d  1.676702e+000 2.319099e+002 0.000000e+000 2.319099e+002
d  1.660733e+000 3.456973e+002 0.000000e+000 3.456973e+002
d  1.644764e+000 5.153150e+002 0.000000e+000 5.153150e+002
d  1.628796e+000 7.681561e+002 0.000000e+000 7.681561e+002
d  1.612827e+000 1.145055e+003 0.000000e+000 1.145055e+003
d  1.596859e+000 1.706880e+003 0.000000e+000 1.706880e+003
d  1.580890e+000 2.544366e+003 0.000000e+000 2.544366e+003
d  1.564921e+000 3.792769e+003 0.000000e+000 3.792769e+003
d  1.548953e+000 5.653704e+003 0.000000e+000 5.653704e+003
d  1.532984e+000 8.427715e+003 0.000000e+000 8.427715e+003
d  1.517016e+000 1.256280e+004 0.000000e+000 1.256280e+004
d  1.501047e+000 1.872679e+004 0.000000e+000 1.872679e+004
d  1.485079e+000 2.791515e+004 0.000000e+000 2.791515e+004
d  1.469110e+000 4.161182e+004 0.000000e+000 4.161182e+004
d  1.453141e+000 6.202881e+004 0.000000e+000 6.202881e+004
d  1.437173e+000 9.246347e+004 0.000000e+000 9.246347e+004
d  1.421204e+000 1.378310e+005 0.000000e+000 1.378310e+005
d  1.405236e+000 2.054583e+005 0.000000e+000 2.054583e+005
d  1.389267e+000 3.062671e+005 0.000000e+000 3.062671e+005
d  1.373298e+000 4.565381e+005 0.000000e+000 4.565381e+005
d  1.357330e+000 6.805402e+005 0.000000e+000 6.805402e+005
d  1.341361e+000 1.014450e+006 0.000000e+000 1.014450e+006
d  1.325393e+000 1.512193e+006 0.000000e+000 1.512193e+006
d  1.309424e+000 2.254156e+006 0.000000e+000 2.254156e+006
d  1.293455e+000 3.360166e+006 0.000000e+000 3.360166e+006
d  1.277487e+000 5.008843e+006 0.000000e+000 5.008843e+006
d  1.261518e+000 7.466449e+006 0.000000e+000 7.466449e+006
d  1.245550e+000 1.112989e+007 0.000000e+000 1.112989e+007
d  1.229581e+000 1.659081e+007 0.000000e+000 1.659081e+007
d  1.213613e+000 2.473115e+007 0.000000e+000 2.473115e+007
d  1.197644e+000 3.686558e+007 0.000000e+000 3.686558e+007
d  1.181675e+000 5.495380e+007 0.000000e+000 5.495380e+007
d  1.165707e+000 8.191708e+007 0.000000e+000 8.191708e+007
d  1.149738e+000 1.221100e+008 0.000000e+000 1.221100e+008
d  1.133770e+000 1.820237e+008 0.000000e+000 1.820237e+008
d  1.117801e+000 2.713343e+008 0.000000e+000 2.713343e+008
d  1.101832e+000 4.044654e+008 0.000000e+000 4.044654e+008
d  1.085864e+000 6.029178e+008 0.000000e+000 6.029178e+008
d  1.069895e+000 8.987415e+008 0.000000e+000 8.987415e+008
d  1.053927e+000 1.339712e+009 0.000000e+000 1.339712e+009
d  1.037958e+000 1.997047e+009 0.000000e+000 1.997047e+009
d  1.021990e+000 2.976905e+009 0.000000e+000 2.976905e+009
d  1.006021e+000 4.437534e+009 0.000000e+000 4.437534e+009
d  9.900524e-001 6.614826e+009 0.000000e+000 6.614826e+009
d  9.740838e-001 9.860414e+009 0.000000e+000 9.860414e+009
d  9.581152e-001 1.469846e+010 0.000000e+000 1.469846e+010
d  9.421466e-001 2.191031e+010 0.000000e+000 2.191031e+010
d  9.261780e-001 3.266069e+010 0.000000e+000 3.266069e+010
d  9.102094e-001 4.868577e+010 0.000000e+000 4.868577e+010
d  8.942408e-001 7.257362e+010 0.000000e+000 7.257362e+010
d  8.782723e-001 1.081821e+011 0.000000e+000 1.081821e+011
d  8.623037e-001 1.612621e+011 0.000000e+000 1.612621e+011
d  8.463351e-001 2.403859e+011 0.000000e+000 2.403859e+011
d  8.303665e-001 3.583321e+011 0.000000e+000 3.583321e+011
d  8.143979e-001 5.341490e+011 0.000000e+000 5.341490e+011
d  7.984293e-001 7.962311e+011 0.000000e+000 7.962311e+011
d  7.824607e-001 1.186905e+012 0.000000e+000 1.186905e+012
d  7.664921e-001 1.769264e+012 0.000000e+000 1.769264e+012
d  7.505236e-001 2.637359e+012 0.000000e+000 2.637359e+012
d  7.345550e-001 3.931389e+012 0.000000e+000 3.931389e+012
d  7.185864e-001 5.860339e+012 0.000000e+000 5.860339e+012
d  7.026178e-001 8.735735e+012 0.000000e+000 8.735735e+012
d  6.866492e-001 1.302195e+013 0.000000e+000 1.302195e+013
d  6.706806e-001 1.941122e+013 0.000000e+000 1.941122e+013
d  6.547120e-001 2.893541e+013 0.000000e+000 2.893541e+013
d  6.387435e-001 4.313267e+013 0.000000e+000 4.313267e+013
d  6.227749e-001 6.429587e+013 0.000000e+000 6.429587e+013
d  6.068063e-001 9.584287e+013 0.000000e+000 9.584287e+013
d  5.908377e-001 1.428685e+014 0.000000e+000 1.428685e+014
d  5.748691e-001 2.129675e+014 0.000000e+000 2.129675e+014
d  5.589005e-001 3.174607e+014 0.000000e+000 3.174607e+014
d  5.429319e-001 4.732239e+014 0.000000e+000 4.732239e+014
d  5.269634e-001 7.054129e+014 0.000000e+000 7.054129e+014
d  5.109948e-001 1.051526e+015 0.000000e+000 1.051526e+015
d  4.950262e-001 1.567461e+015 0.000000e+000 1.567461e+015
d  4.790576e-001 2.336542e+015 0.000000e+000 2.336542e+015
d  4.630890e-001 3.482975e+015 0.000000e+000 3.482975e+015
d  4.471204e-001 5.191909e+015 0.000000e+000 5.191909e+015
d  4.311518e-001 7.739337e+015 0.000000e+000 7.739337e+015
d  4.151832e-001 1.153667e+016 0.000000e+000 1.153667e+016
d  3.992147e-001 1.719718e+016 0.000000e+000 1.719718e+016
d  3.832461e-001 2.563504e+016 0.000000e+000 2.563504e+016
d  3.672775e-001 3.821296e+016 0.000000e+000 3.821296e+016
d  3.513089e-001 5.696228e+016 0.000000e+000 5.696228e+016
d  3.353403e-001 8.491103e+016 0.000000e+000 8.491103e+016
d  3.193717e-001 1.265729e+017 0.000000e+000 1.265729e+017
d  3.034031e-001 1.886764e+017 0.000000e+000 1.886764e+017
d  2.874346e-001 2.812511e+017 0.000000e+000 2.812511e+017
d  2.714660e-001 4.192480e+017 0.000000e+000 4.192480e+017
d  2.554974e-001 6.249535e+017 0.000000e+000 6.249535e+017
d  2.395288e-001 9.315892e+017 0.000000e+000 9.315892e+017
d  2.235602e-001 1.388677e+018 0.000000e+000 1.388677e+018
d  2.075916e-001 2.070036e+018 0.000000e+000 2.070036e+018
d  1.916230e-001 3.085707e+018 0.000000e+000 3.085707e+018
d  1.756545e-001 4.599719e+018 0.000000e+000 4.599719e+018
d  1.596859e-001 6.856588e+018 0.000000e+000 6.856588e+018
d  1.437173e-001 1.022080e+019 0.000000e+000 1.022080e+019
d  1.277487e-001 1.523567e+019 0.000000e+000 1.523567e+019
d  1.117801e-001 2.271110e+019 0.000000e+000 2.271110e+019
d  9.581152e-002 3.385439e+019 0.000000e+000 3.385439e+019
d  7.984293e-002 5.046516e+019 0.000000e+000 5.046516e+019
d  6.387435e-002 7.522608e+019 0.000000e+000 7.522608e+019
d  4.790576e-002 1.121360e+020 0.000000e+000 1.121360e+020
d  3.193717e-002 1.671560e+020 0.000000e+000 1.671560e+020
d  1.596859e-002 2.491716e+020 0.000000e+000 2.491716e+020
d  0.000000e+000 3.714286e+020 0.000000e+000 3.714286e+020
