Conduction Band Energy vs Depth
87 2 2
Depth
Conduction Band Energy
0 3.4823
0.0200101 3.4823
0.0343543 3.4823
0.0446368 3.4823
0.0520079 3.4823
0.0572917 3.4823
0.0610795 3.4823
0.0637947 3.4823
0.0657411 3.4823
0.0671363 3.4823
0.0681365 3.4823
0.0688535 3.4823
0.0693675 3.4823
0.0697359 3.4823
0.07 0.435609
0.07 0.435609
0.0702481 0.435623
0.0704686 0.435659
0.0706647 0.435711
0.0708389 0.435771
0.0709938 0.435836
0.0711315 0.435903
0.0712539 0.435971
0.0713627 0.436036
0.0714594 0.436099
0.0715453 0.436158
0.0716217 0.436214
0.0716896 0.436266
0.07175 0.436314
0.07175 0.436314
0.0718125 0.436363
0.071875 0.436413
0.0719375 0.436462
0.072 0.436512
0.072 0.436512
0.0720595 3.48532
0.0721253 3.48766
0.0721982 3.49026
0.0722789 3.49313
0.0723683 3.49631
0.0724672 3.49984
0.0725767 3.50373
0.072698 3.50805
0.0728323 3.51283
0.0729809 3.51812
0.0731455 3.52398
0.0733277 3.53047
0.0735294 3.53765
0.0737527 3.5456
0.074 4.45441
0.074 4.45441
0.0742427 4.45838
0.0744984 4.46257
0.0747678 4.46698
0.0750516 4.47162
0.0753506 4.47652
0.0756656 4.48168
0.0759976 4.48711
0.0763473 4.49284
0.0767157 4.49887
0.0771039 4.50523
0.0775128 4.51192
0.0779437 4.51898
0.0783977 4.52641
0.0788759 4.53424
0.0793798 4.54249
0.0799107 4.55118
0.0804701 4.56034
0.0810594 4.56999
0.0816802 4.58015
0.0823344 4.59086
0.0830235 4.60215
0.0837496 4.61404
0.0845146 4.62656
0.0853206 4.63976
0.0861697 4.65366
0.0870644 4.66831
0.0880069 4.68374
0.089 4.7
0.089 0
0.0900551 0
0.0917786 0
0.0945935 0
0.0991911 0
0.106701 0
0.118966 0
0.139 0
