Probe chan_mob vs gate bias
76 2 2
gate bias
Probe chan_mob
-3 9.94853
-2.8 9.94853
-2.6 9.94853
-2.4 9.94853
-2.2 9.94853
-2 9.94853
-1.8 9.94853
-1.6 9.94853
-1.4 9.94853
-1.2 9.94853
-1 9.94853
-0.95 9.94853
-0.9 9.94853
-0.85 9.94853
-0.8 9.94853
-0.75 9.94853
-0.7 9.94853
-0.65 9.94853
-0.6 9.94853
-0.55 9.94853
-0.5 9.94853
-0.45 9.94853
-0.4 9.94853
-0.35 9.94853
-0.3 9.94853
-0.25 9.94853
-0.2 9.94853
-0.15 9.94853
-0.1 9.94853
-0.05 9.94853
-8.36062e-016 9.94853
0.05 9.94853
0.1 9.94853
0.15 9.94853
0.2 9.94853
0.25 9.94853
0.3 9.94853
0.35 9.94853
0.4 9.94853
0.45 9.94853
0.5 9.94853
0.55 9.94853
0.6 9.94853
0.65 9.94853
0.7 9.94853
0.75 9.94853
0.8 9.94853
0.85 9.94853
0.9 9.94853
0.95 9.94853
1 9.94853
1.05 9.94853
1.1 9.94853
1.15 9.94853
1.2 9.94853
1.25 9.94853
1.3 9.94853
1.35 9.94853
1.4 9.94853
1.45 9.94853
1.5 9.94853
1.6 9.94853
1.7 9.94853
1.8 9.94853
1.9 9.94853
2 9.94853
2.1 9.94853
2.2 9.94853
2.3 9.94853
2.4 9.94853
2.5 9.94853
2.6 9.94853
2.7 9.94853
2.8 9.94853
2.9 9.94853
3 9.94853
