drain current vs gate bias
76 2 2
gate bias
drain current
-3 -8.98002e-019
-2.8 6.95082e-019
-2.6 7.63366e-020
-2.4 7.0088e-019
-2.2 -3.0277e-019
-2 -8.13613e-019
-1.8 -8.63216e-019
-1.6 5.14709e-019
-1.4 1.77797e-019
-1.2 -2.40927e-019
-1 -1.25231e-018
-0.95 1.73674e-018
-0.9 -1.69422e-018
-0.85 9.43095e-019
-0.8 -1.01524e-018
-0.75 -1.16856e-018
-0.7 -1.28452e-018
-0.65 -7.18917e-019
-0.6 -1.74705e-018
-0.55 2.7842e-018
-0.5 -4.63661e-020
-0.45 -1.12339e-018
-0.4 2.91214e-018
-0.35 -1.83527e-018
-0.3 8.6788e-019
-0.25 7.31909e-019
-0.2 2.96095e-018
-0.15 1.03906e-017
-0.1 6.21842e-017
-0.05 3.1693e-016
-8.36062e-016 1.57468e-015
0.05 7.68215e-015
0.1 3.65732e-014
0.15 1.68976e-013
0.2 7.4673e-013
0.25 3.02597e-012
0.3 1.0522e-011
0.35 3.01321e-011
0.4 7.1798e-011
0.45 1.47505e-010
0.5 2.70757e-010
0.55 4.56598e-010
0.6 7.21895e-010
0.65 1.08576e-009
0.7 1.57001e-009
0.75 2.19961e-009
0.8 3.00302e-009
0.85 4.0124e-009
0.9 5.26337e-009
0.95 6.79412e-009
1 8.6436e-009
1.05 1.08497e-008
1.1 1.34481e-008
1.15 1.64726e-008
1.2 1.99544e-008
1.25 2.39212e-008
1.3 2.83964e-008
1.35 3.33985e-008
1.4 3.89402e-008
1.45 4.50277e-008
1.5 5.16608e-008
1.6 6.65299e-008
1.7 8.34184e-008
1.8 1.02117e-007
1.9 1.22373e-007
2 1.43926e-007
2.1 1.66535e-007
2.2 1.89994e-007
2.3 2.14136e-007
2.4 2.38828e-007
2.5 2.63965e-007
2.6 2.89466e-007
2.7 3.15267e-007
2.8 3.41321e-007
2.9 3.67586e-007
3 3.94032e-007
