source current vs gate bias
76 2 2
gate bias
source current
-3 -3.89735e-019
-2.8 -1.83594e-019
-2.6 -4.66394e-019
-2.4 -1.13764e-018
-2.2 1.57183e-019
-2 9.03156e-019
-1.8 8.05239e-019
-1.6 7.98797e-020
-1.4 2.29847e-018
-1.2 4.36246e-018
-1 1.3662e-017
-0.95 1.77024e-018
-0.9 2.31909e-020
-0.85 1.04101e-018
-0.8 -4.79278e-019
-0.75 1.06936e-018
-0.7 -1.0977e-018
-0.65 -1.19304e-018
-0.6 4.81854e-019
-0.55 1.26261e-018
-0.5 4.17422e-019
-0.45 2.56994e-020
-0.4 2.36721e-019
-0.35 8.92431e-019
-0.3 -3.20316e-019
-0.25 -6.57894e-020
-0.2 -1.93138e-018
-0.15 -1.13939e-017
-0.1 -6.29231e-017
-0.05 -3.17835e-016
-8.36062e-016 -1.57436e-015
0.05 -7.68472e-015
0.1 -3.65755e-014
0.15 -1.68976e-013
0.2 -7.46732e-013
0.25 -3.02597e-012
0.3 -1.0522e-011
0.35 -3.01321e-011
0.4 -7.1798e-011
0.45 -1.47505e-010
0.5 -2.70757e-010
0.55 -4.56598e-010
0.6 -7.21895e-010
0.65 -1.08576e-009
0.7 -1.57001e-009
0.75 -2.19961e-009
0.8 -3.00302e-009
0.85 -4.0124e-009
0.9 -5.26337e-009
0.95 -6.79412e-009
1 -8.6436e-009
1.05 -1.08497e-008
1.1 -1.34481e-008
1.15 -1.64726e-008
1.2 -1.99544e-008
1.25 -2.39212e-008
1.3 -2.83964e-008
1.35 -3.33985e-008
1.4 -3.89402e-008
1.45 -4.50277e-008
1.5 -5.16608e-008
1.6 -6.65299e-008
1.7 -8.34184e-008
1.8 -1.02117e-007
1.9 -1.22373e-007
2 -1.43926e-007
2.1 -1.66535e-007
2.2 -1.89994e-007
2.3 -2.14136e-007
2.4 -2.38828e-007
2.5 -2.63965e-007
2.6 -2.89466e-007
2.7 -3.15267e-007
2.8 -3.41321e-007
2.9 -3.67586e-007
3 -3.94032e-007
