Valence Band Energy vs Depth
87 2 2
Depth
Valence Band Energy
0 -5.5177
0.0200101 -5.5177
0.0343543 -5.5177
0.0446368 -5.5177
0.0520079 -5.5177
0.0572917 -5.5177
0.0610795 -5.5177
0.0637947 -5.5177
0.0657411 -5.5177
0.0671363 -5.5177
0.0681365 -5.5177
0.0688535 -5.5177
0.0693675 -5.5177
0.0697359 -5.5177
0.07 -2.9677
0.07 -2.9677
0.0702481 -2.96769
0.0704686 -2.96765
0.0706647 -2.9676
0.0708389 -2.96754
0.0709938 -2.96747
0.0711315 -2.96741
0.0712539 -2.96734
0.0713627 -2.96727
0.0714594 -2.96721
0.0715453 -2.96715
0.0716217 -2.9671
0.0716896 -2.96704
0.07175 -2.967
0.07175 -2.967
0.0718125 -2.96695
0.071875 -2.9669
0.0719375 -2.96685
0.072 -2.9668
0.072 -2.9668
0.0720595 -5.51468
0.0721253 -5.51234
0.0721982 -5.50974
0.0722789 -5.50687
0.0723683 -5.50369
0.0724672 -5.50016
0.0725767 -5.49627
0.072698 -5.49195
0.0728323 -5.48717
0.0729809 -5.48188
0.0731455 -5.47602
0.0733277 -5.46953
0.0735294 -5.46235
0.0737527 -5.4544
0.074 -1.24559
0.074 -1.24559
0.0742427 -1.24162
0.0744984 -1.23743
0.0747678 -1.23302
0.0750516 -1.22838
0.0753506 -1.22348
0.0756656 -1.21832
0.0759976 -1.21289
0.0763473 -1.20716
0.0767157 -1.20113
0.0771039 -1.19477
0.0775128 -1.18808
0.0779437 -1.18102
0.0783977 -1.17359
0.0788759 -1.16576
0.0793798 -1.15751
0.0799107 -1.14882
0.0804701 -1.13966
0.0810594 -1.13001
0.0816802 -1.11985
0.0823344 -1.10914
0.0830235 -1.09785
0.0837496 -1.08596
0.0845146 -1.07344
0.0853206 -1.06024
0.0861697 -1.04634
0.0870644 -1.03169
0.0880069 -1.01626
0.089 -1
0.089 0
0.0900551 0
0.0917786 0
0.0945935 0
0.0991911 0
0.106701 0
0.118966 0
0.139 0
