Valence Band Energy vs Depth
87 2 2
Depth
Valence Band Energy
0 -6.35387
0.0200101 -6.35387
0.0343543 -6.35387
0.0446368 -6.35387
0.0520079 -6.35387
0.0572917 -6.35387
0.0610795 -6.35387
0.0637947 -6.35387
0.0657411 -6.35386
0.0671363 -6.35386
0.0681365 -6.35386
0.0688535 -6.35386
0.0693675 -6.35386
0.0697359 -6.35386
0.07 -3.80386
0.07 -3.80386
0.0702481 -3.80608
0.0704686 -3.81181
0.0706647 -3.82003
0.0708389 -3.82993
0.0709938 -3.84094
0.0711315 -3.85261
0.0712539 -3.86459
0.0713627 -3.8766
0.0714594 -3.88844
0.0715453 -3.89995
0.0716217 -3.91101
0.0716896 -3.92154
0.07175 -3.93149
0.07175 -3.93149
0.0718125 -3.94241
0.071875 -3.95401
0.0719375 -3.96631
0.072 -3.97937
0.072 -3.97937
0.0720595 -6.54054
0.0721253 -6.5529
0.0721982 -6.56659
0.0722789 -6.58174
0.0723683 -6.59852
0.0724672 -6.61709
0.0725767 -6.63766
0.072698 -6.66042
0.0728323 -6.68563
0.0729809 -6.71354
0.0731455 -6.74443
0.0733277 -6.77864
0.0735294 -6.81651
0.0737527 -6.85844
0.074 -2.70487
0.074 -2.70487
0.0742427 -2.72582
0.0744984 -2.7479
0.0747678 -2.77116
0.0750516 -2.79566
0.0753506 -2.82148
0.0756656 -2.84868
0.0759976 -2.87734
0.0763473 -2.90753
0.0767157 -2.93935
0.0771039 -2.97286
0.0775128 -3.00817
0.0779437 -3.04538
0.0783977 -3.08457
0.0788759 -3.12587
0.0793798 -3.16937
0.0799107 -3.21521
0.0804701 -3.26351
0.0810594 -3.31439
0.0816802 -3.368
0.0823344 -3.42447
0.0830235 -3.48398
0.0837496 -3.54667
0.0845146 -3.61272
0.0853206 -3.68231
0.0861697 -3.75563
0.0870644 -3.83287
0.0880069 -3.91426
0.089 -4
0.089 0
0.0900551 0
0.0917786 0
0.0945935 0
0.0991911 0
0.106701 0
0.118966 0
0.139 0
