drain current vs drain bias
36 2 2
drain bias
drain current
0 -2.041e-018
0.05 8.96872e-009
0.1 1.69881e-008
0.15 2.40994e-008
0.2 3.03488e-008
0.25 3.57876e-008
0.3 4.04717e-008
0.35 4.44616e-008
0.4 4.78214e-008
0.45 5.06173e-008
0.5 5.29165e-008
0.6 5.62848e-008
0.7 5.84083e-008
0.8 5.96795e-008
0.9 6.03902e-008
1 6.07478e-008
1.1 6.09016e-008
1.2 6.096e-008
1.3 6.09867e-008
1.4 6.10041e-008
1.5 6.10177e-008
1.6 6.10289e-008
1.7 6.10387e-008
1.8 6.10472e-008
1.9 6.1055e-008
2 6.1062e-008
2.1 6.10685e-008
2.2 6.10745e-008
2.3 6.10801e-008
2.4 6.10854e-008
2.5 6.10904e-008
2.6 6.10952e-008
2.7 6.10997e-008
2.8 6.1104e-008
2.9 6.11082e-008
3 6.11122e-008
