source current vs drain bias
36 2 2
drain bias
source current
0 1.23217e-018
0.05 -4.44712e-008
0.1 -8.76812e-008
0.15 -1.29633e-007
0.2 -1.70328e-007
0.25 -2.09772e-007
0.3 -2.47965e-007
0.35 -2.84913e-007
0.4 -3.20617e-007
0.45 -3.55082e-007
0.5 -3.88313e-007
0.6 -4.51084e-007
0.7 -5.08967e-007
0.8 -5.62003e-007
0.9 -6.10242e-007
1 -6.5374e-007
1.1 -6.92569e-007
1.2 -7.26816e-007
1.3 -7.56589e-007
1.4 -7.8203e-007
1.5 -8.03319e-007
1.6 -8.20692e-007
1.7 -8.34451e-007
1.8 -8.44973e-007
1.9 -8.52711e-007
2 -8.58172e-007
2.1 -8.61875e-007
2.2 -8.643e-007
2.3 -8.65846e-007
2.4 -8.66817e-007
2.5 -8.67432e-007
2.6 -8.67838e-007
2.7 -8.68127e-007
2.8 -8.68347e-007
2.9 -8.68524e-007
3 -8.68673e-007
