source current vs drain bias
36 2 2
drain bias
source current
0 1.39091e-018
0.05 -1.98808e-008
0.1 -3.8596e-008
0.15 -5.61576e-008
0.2 -7.2579e-008
0.25 -8.78755e-008
0.3 -1.02064e-007
0.35 -1.15164e-007
0.4 -1.27197e-007
0.45 -1.38188e-007
0.5 -1.48165e-007
0.6 -1.6521e-007
0.7 -1.7864e-007
0.8 -1.88841e-007
0.9 -1.96272e-007
1 -2.01449e-007
1.1 -2.04895e-007
1.2 -2.07091e-007
1.3 -2.08425e-007
1.4 -2.09192e-007
1.5 -2.09602e-007
1.6 -2.0981e-007
1.7 -2.09921e-007
1.8 -2.09991e-007
1.9 -2.10043e-007
2 -2.10085e-007
2.1 -2.10121e-007
2.2 -2.10152e-007
2.3 -2.10179e-007
2.4 -2.10204e-007
2.5 -2.10227e-007
2.6 -2.10248e-007
2.7 -2.10267e-007
2.8 -2.10286e-007
2.9 -2.10303e-007
3 -2.10319e-007
