source current vs drain bias
36 2 2
drain bias
source current
0 -2.24894e-018
0.05 -1.85434e-009
0.1 -3.33987e-009
0.15 -4.51526e-009
0.2 -5.43322e-009
0.25 -6.13995e-009
0.3 -6.67505e-009
0.35 -7.07201e-009
0.4 -7.3589e-009
0.45 -7.55924e-009
0.5 -7.69282e-009
0.6 -7.8243e-009
0.7 -7.8598e-009
0.8 -7.86699e-009
0.9 -7.8698e-009
1 -7.87179e-009
1.1 -7.87341e-009
1.2 -7.87481e-009
1.3 -7.87603e-009
1.4 -7.87713e-009
1.5 -7.87813e-009
1.6 -7.87906e-009
1.7 -7.87991e-009
1.8 -7.88071e-009
1.9 -7.88147e-009
2 -7.88218e-009
2.1 -7.88286e-009
2.2 -7.8835e-009
2.3 -7.88412e-009
2.4 -7.88471e-009
2.5 -7.88528e-009
2.6 -7.88583e-009
2.7 -7.88635e-009
2.8 -7.88686e-009
2.9 -7.88736e-009
3 -7.88783e-009
