source current vs drain bias
36 2 2
drain bias
source current
0 5.74553e-019
0.05 -3.19653e-008
0.1 -6.26981e-008
0.15 -9.22032e-008
0.2 -1.20486e-007
0.25 -1.47551e-007
0.3 -1.73406e-007
0.35 -1.98057e-007
0.4 -2.2151e-007
0.45 -2.43774e-007
0.5 -2.64858e-007
0.6 -3.03522e-007
0.7 -3.37593e-007
0.8 -3.67182e-007
0.9 -3.92433e-007
1 -4.13529e-007
1.1 -4.30709e-007
1.2 -4.44278e-007
1.3 -4.54617e-007
1.4 -4.62183e-007
1.5 -4.67487e-007
1.6 -4.71049e-007
1.7 -4.73346e-007
1.8 -4.74771e-007
1.9 -4.75623e-007
2 -4.7612e-007
2.1 -4.76414e-007
2.2 -4.76604e-007
2.3 -4.7674e-007
2.4 -4.76846e-007
2.5 -4.76934e-007
2.6 -4.77009e-007
2.7 -4.77075e-007
2.8 -4.77134e-007
2.9 -4.77188e-007
3 -4.77237e-007
