drain current vs drain bias
36 2 2
drain bias
drain current
0 2.66878e-019
0.05 9.44091e-008
0.1 1.83799e-007
0.15 2.68213e-007
0.2 3.47696e-007
0.25 4.22297e-007
0.3 4.9207e-007
0.35 5.57074e-007
0.4 6.17373e-007
0.45 6.73039e-007
0.5 7.2415e-007
0.6 8.13068e-007
0.7 8.84973e-007
0.8 9.4095e-007
0.9 9.82431e-007
1 1.0113e-006
1.1 1.02996e-006
1.2 1.04112e-006
1.3 1.04735e-006
1.4 1.05065e-006
1.5 1.05233e-006
1.6 1.05322e-006
1.7 1.05375e-006
1.8 1.05413e-006
1.9 1.05443e-006
2 1.05468e-006
2.1 1.05489e-006
2.2 1.05508e-006
2.3 1.05524e-006
2.4 1.05539e-006
2.5 1.05553e-006
2.6 1.05566e-006
2.7 1.05578e-006
2.8 1.05589e-006
2.9 1.056e-006
3 1.0561e-006
