drain current vs drain bias
36 2 2
drain bias
drain current
0 2.38895e-019
0.05 1.46254e-007
0.1 2.87221e-007
0.15 4.22923e-007
0.2 5.53383e-007
0.25 6.78627e-007
0.3 7.98682e-007
0.35 9.13574e-007
0.4 1.02333e-006
0.45 1.12799e-006
0.5 1.22759e-006
0.6 1.41171e-006
0.7 1.57603e-006
0.8 1.72091e-006
0.9 1.8468e-006
1 1.95422e-006
1.1 2.04383e-006
1.2 2.11645e-006
1.3 2.17317e-006
1.4 2.21538e-006
1.5 2.24495e-006
1.6 2.26424e-006
1.7 2.27595e-006
1.8 2.28268e-006
1.9 2.28644e-006
2 2.28859e-006
2.1 2.28992e-006
2.2 2.29084e-006
2.3 2.29155e-006
2.4 2.29213e-006
2.5 2.29263e-006
2.6 2.29305e-006
2.7 2.29343e-006
2.8 2.29378e-006
2.9 2.29409e-006
3 2.29437e-006
