source current vs drain bias
36 2 2
drain bias
source current
0 3.02021e-019
0.05 -2.00038e-007
0.1 -3.94639e-007
0.15 -5.83819e-007
0.2 -7.67594e-007
0.25 -9.45978e-007
0.3 -1.11899e-006
0.35 -1.28664e-006
0.4 -1.44896e-006
0.45 -1.60595e-006
0.5 -1.75764e-006
0.6 -2.04521e-006
0.7 -2.31182e-006
0.8 -2.55767e-006
0.9 -2.78296e-006
1 -2.98794e-006
1.1 -3.17286e-006
1.2 -3.33804e-006
1.3 -3.48384e-006
1.4 -3.61068e-006
1.5 -3.71909e-006
1.6 -3.8097e-006
1.7 -3.88333e-006
1.8 -3.94104e-006
1.9 -3.9842e-006
2 -4.01466e-006
2.1 -4.03474e-006
2.2 -4.04717e-006
2.3 -4.05456e-006
2.4 -4.05896e-006
2.5 -4.06171e-006
2.6 -4.0636e-006
2.7 -4.06502e-006
2.8 -4.06615e-006
2.9 -4.06709e-006
3 -4.0679e-006
