source current vs drain bias
36 2 2
drain bias
source current
0 2.31817e-019
0.05 -4.651e-008
0.1 -8.86319e-008
0.15 -1.26479e-007
0.2 -1.60179e-007
0.25 -1.8988e-007
0.3 -2.15748e-007
0.35 -2.37977e-007
0.4 -2.5679e-007
0.45 -2.72439e-007
0.5 -2.85212e-007
0.6 -3.03436e-007
0.7 -3.14209e-007
0.8 -3.20114e-007
0.9 -3.23113e-007
1 -3.24496e-007
1.1 -3.25073e-007
1.2 -3.25326e-007
1.3 -3.25472e-007
1.4 -3.25578e-007
1.5 -3.25663e-007
1.6 -3.25735e-007
1.7 -3.25798e-007
1.8 -3.25854e-007
1.9 -3.25904e-007
2 -3.2595e-007
2.1 -3.25993e-007
2.2 -3.26032e-007
2.3 -3.26069e-007
2.4 -3.26104e-007
2.5 -3.26137e-007
2.6 -3.26168e-007
2.7 -3.26197e-007
2.8 -3.26225e-007
2.9 -3.26252e-007
3 -3.26278e-007
