source current vs drain bias
36 2 2
drain bias
source current
0 -1.62588e-018
0.05 -2.5498e-007
0.1 -5.04429e-007
0.15 -7.48358e-007
0.2 -9.86778e-007
0.25 -1.2197e-006
0.3 -1.44714e-006
0.35 -1.6691e-006
0.4 -1.88561e-006
0.45 -2.09666e-006
0.5 -2.30228e-006
0.6 -2.69727e-006
0.7 -3.07069e-006
0.8 -3.42265e-006
0.9 -3.75329e-006
1 -4.06274e-006
1.1 -4.35116e-006
1.2 -4.6187e-006
1.3 -4.86555e-006
1.4 -5.09191e-006
1.5 -5.29801e-006
1.6 -5.48409e-006
1.7 -5.65047e-006
1.8 -5.79749e-006
1.9 -5.92558e-006
2 -6.03523e-006
2.1 -6.12709e-006
2.2 -6.20195e-006
2.3 -6.26083e-006
2.4 -6.30511e-006
2.5 -6.3366e-006
2.6 -6.35763e-006
2.7 -6.37094e-006
2.8 -6.37916e-006
2.9 -6.38436e-006
3 -6.38786e-006
