Probe avg_n vs gate bias
121 2 2
gate bias
Probe avg_n
-3 7.7607e+012
-2.95 7.7608e+012
-2.9 7.76092e+012
-2.85 7.76105e+012
-2.8 7.76121e+012
-2.75 7.76139e+012
-2.7 7.7616e+012
-2.65 7.76184e+012
-2.6 7.76211e+012
-2.55 7.76244e+012
-2.5 7.76281e+012
-2.45 7.76323e+012
-2.4 7.76373e+012
-2.35 7.76429e+012
-2.3 7.76494e+012
-2.25 7.76569e+012
-2.2 7.76655e+012
-2.15 7.76754e+012
-2.1 7.76868e+012
-2.05 7.76999e+012
-2 7.7715e+012
-1.95 7.77323e+012
-1.9 7.77523e+012
-1.85 7.77753e+012
-1.8 7.78017e+012
-1.75 7.78322e+012
-1.7 7.78672e+012
-1.65 7.79075e+012
-1.6 7.79539e+012
-1.55 7.80074e+012
-1.5 7.8069e+012
-1.45 7.81399e+012
-1.4 7.82216e+012
-1.35 7.83157e+012
-1.3 7.84242e+012
-1.25 7.85492e+012
-1.2 7.86935e+012
-1.15 7.88599e+012
-1.1 7.90519e+012
-1.05 7.92737e+012
-1 7.953e+012
-0.95 7.98263e+012
-0.9 8.01692e+012
-0.85 8.05662e+012
-0.8 8.10264e+012
-0.75 8.15604e+012
-0.7 8.21807e+012
-0.65 8.29023e+012
-0.6 8.3743e+012
-0.55 8.47239e+012
-0.5 8.58706e+012
-0.45 8.72139e+012
-0.4 8.87917e+012
-0.35 9.06503e+012
-0.3 9.28475e+012
-0.25 9.54564e+012
-0.2 9.85703e+012
-0.15 1.02311e+013
-0.1 1.06848e+013
-0.05 1.12477e+013
0 1.20065e+013
0.05 1.33746e+013
0.1 1.76886e+013
0.15 3.81553e+013
0.2 1.41425e+014
0.25 5.77183e+014
0.3 1.90249e+015
0.35 4.79661e+015
0.4 9.7863e+015
0.45 1.72459e+016
0.5 2.7513e+016
0.55 4.0971e+016
0.6 5.80946e+016
0.65 7.94712e+016
0.7 1.05804e+017
0.75 1.37887e+017
0.8 1.76556e+017
0.85 2.2261e+017
0.9 2.76726e+017
0.95 3.39414e+017
1 4.11005e+017
1.05 4.91677e+017
1.1 5.81462e+017
1.15 6.80255e+017
1.2 7.87853e+017
1.25 9.04008e+017
1.3 1.02847e+018
1.35 1.16103e+018
1.4 1.30153e+018
1.45 1.44986e+018
1.5 1.60596e+018
1.55 1.76978e+018
1.6 1.94127e+018
1.65 2.12031e+018
1.7 2.30673e+018
1.75 2.50029e+018
1.8 2.7007e+018
1.85 2.90761e+018
1.9 3.12066e+018
1.95 3.33946e+018
2 3.56365e+018
2.05 3.79284e+018
2.1 4.02668e+018
2.15 4.26484e+018
2.2 4.50701e+018
2.25 4.7529e+018
2.3 5.00223e+018
2.35 5.25477e+018
2.4 5.51027e+018
2.45 5.76854e+018
2.5 6.02938e+018
2.55 6.29261e+018
2.6 6.55808e+018
2.65 6.82563e+018
2.7 7.09512e+018
2.75 7.36644e+018
2.8 7.63946e+018
2.85 7.91408e+018
2.9 8.1902e+018
2.95 8.46773e+018
3 8.74659e+018
