Conduction Band Energy vs Depth
72 2 2
Depth
Conduction Band Energy
0 0.421777
0.000784761 0.421921
0.0014745 0.422284
0.00208072 0.422786
0.00261354 0.423369
0.00308184 0.42399
0.00349343 0.424621
0.00385519 0.42524
0.00417314 0.425835
0.0044526 0.426397
0.00469821 0.42692
0.00491409 0.427404
0.00510382 0.427847
0.00527059 0.42825
0.00541715 0.428615
0.00554598 0.428944
0.0056592 0.42924
0.00575871 0.429505
0.00584618 0.429741
0.00592305 0.429952
0.00599062 0.43014
0.00605 0.430307
0.00605 0.430307
0.0061125 0.430482
0.006175 0.430657
0.0062375 0.430833
0.0063 0.431008
0.0063 0.431008
0.00635947 3.75889
0.00642532 3.75919
0.00649821 3.75953
0.00657892 3.75991
0.00666828 3.76032
0.00676721 3.76078
0.00687674 3.76129
0.00699801 3.76186
0.00713226 3.76248
0.00728091 3.76317
0.00744548 3.76394
0.00762768 3.76478
0.0078294 3.76572
0.00805274 3.76676
0.0083 3.76791
0.0083 3.76791
0.00854269 3.76843
0.00879838 3.76898
0.00906776 3.76955
0.00935158 3.77016
0.0096506 3.7708
0.00996564 3.77147
0.0102976 3.77218
0.0106473 3.77293
0.0110157 3.77372
0.0114039 3.77455
0.0118128 3.77543
0.0122437 3.77635
0.0126977 3.77732
0.0131759 3.77834
0.0136798 3.77942
0.0142107 3.78056
0.0147701 3.78175
0.0153594 3.78301
0.0159802 3.78434
0.0166344 3.78574
0.0173235 3.78722
0.0180496 3.78877
0.0188146 3.7904
0.0196206 3.79213
0.0204697 3.79395
0.0213644 3.79586
0.0223069 3.79788
0.0233 3.8
