Conduction Band Energy vs Depth
72 2 2
Depth
Conduction Band Energy
0 -0.272172
0.000784761 -0.274689
0.0014745 -0.281251
0.00208072 -0.290785
0.00261354 -0.302568
0.00308184 -0.316073
0.00349343 -0.330885
0.00385519 -0.346663
0.00417314 -0.363116
0.0044526 -0.37999
0.00469821 -0.397054
0.00491409 -0.414101
0.00510382 -0.430939
0.00527059 -0.447397
0.00541715 -0.463327
0.00554598 -0.478603
0.0056592 -0.493128
0.00575871 -0.506829
0.00584618 -0.519658
0.00592305 -0.531592
0.00599062 -0.542626
0.00605 -0.55277
0.00605 -0.55277
0.0061125 -0.563943
0.006175 -0.575654
0.0062375 -0.587934
0.0063 -0.600817
0.0063 -0.600817
0.00635947 2.71391
0.00642532 2.69965
0.00649821 2.68386
0.00657892 2.66639
0.00666828 2.64704
0.00676721 2.62562
0.00687674 2.6019
0.00699801 2.57564
0.00713226 2.54657
0.00728091 2.51438
0.00744548 2.47875
0.00762768 2.4393
0.0078294 2.39562
0.00805274 2.34726
0.0083 2.29372
0.0083 2.29372
0.00854269 2.26955
0.00879838 2.24409
0.00906776 2.21726
0.00935158 2.189
0.0096506 2.15922
0.00996564 2.12785
0.0102976 2.0948
0.0106473 2.05997
0.0110157 2.02328
0.0114039 1.98463
0.0118128 1.9439
0.0122437 1.901
0.0126977 1.85579
0.0131759 1.80816
0.0136798 1.75799
0.0142107 1.70512
0.0147701 1.64942
0.0153594 1.59074
0.0159802 1.52891
0.0166344 1.46377
0.0173235 1.39514
0.0180496 1.32284
0.0188146 1.24666
0.0196206 1.1664
0.0204697 1.08184
0.0213644 0.992752
0.0223069 0.89889
0.0233 0.8
