Conduction Band Energy vs Depth
72 2 2
Depth
Conduction Band Energy
0 0.025745
0.000784761 0.025174
0.0014745 0.023714
0.00208072 0.0216604
0.00261354 0.0192262
0.00308184 0.0165679
0.00349343 0.0138018
0.00385519 0.011014
0.00417314 0.00826831
0.0044526 0.00561059
0.00469821 0.00307316
0.00491409 0.000677483
0.00510382 -0.00156342
0.00527059 -0.00364312
0.00541715 -0.00556027
0.00554598 -0.00731732
0.0056592 -0.00891952
0.00575871 -0.0103741
0.00584618 -0.0116895
0.00592305 -0.012875
0.00599062 -0.0139403
0.00605 -0.014895
0.00605 -0.014895
0.0061125 -0.0159376
0.006175 -0.0170193
0.0062375 -0.0181406
0.0063 -0.0193021
0.0063 -0.0193021
0.00635947 3.30724
0.00642532 3.30607
0.00649821 3.30477
0.00657892 3.30334
0.00666828 3.30175
0.00676721 3.29999
0.00687674 3.29804
0.00699801 3.29588
0.00713226 3.29349
0.00728091 3.29085
0.00744548 3.28792
0.00762768 3.28468
0.0078294 3.28109
0.00805274 3.27712
0.0083 3.27272
0.0083 3.27272
0.00854269 3.27073
0.00879838 3.26864
0.00906776 3.26644
0.00935158 3.26412
0.0096506 3.26167
0.00996564 3.25909
0.0102976 3.25638
0.0106473 3.25352
0.0110157 3.2505
0.0114039 3.24733
0.0118128 3.24398
0.0122437 3.24045
0.0126977 3.23674
0.0131759 3.23283
0.0136798 3.2287
0.0142107 3.22436
0.0147701 3.21979
0.0153594 3.21496
0.0159802 3.20988
0.0166344 3.20453
0.0173235 3.19889
0.0180496 3.19295
0.0188146 3.1867
0.0196206 3.1801
0.0204697 3.17316
0.0213644 3.16584
0.0223069 3.15812
0.0233 3.15
