Probe chan_n vs gate bias
121 2 2
gate bias
Probe chan_n
-3 5.61995e-034
-2.95 6.20926e-034
-2.9 7.00475e-034
-2.85 8.13809e-034
-2.8 9.87364e-034
-2.75 1.28127e-033
-2.7 1.85839e-033
-2.65 3.28692e-033
-2.6 8.37143e-033
-2.55 3.60026e-032
-2.5 2.2117e-031
-2.45 1.50026e-030
-2.4 1.03483e-029
-2.35 7.15561e-029
-2.3 4.94974e-028
-2.25 3.42405e-027
-2.2 2.36865e-026
-2.15 1.63856e-025
-2.1 1.1335e-024
-2.05 7.84124e-024
-2 5.42429e-023
-1.95 3.75194e-022
-1.9 2.59172e-021
-1.85 1.77396e-020
-1.8 1.18229e-019
-1.75 7.71828e-019
-1.7 5.12681e-018
-1.65 3.4924e-017
-1.6 2.40618e-016
-1.55 1.66309e-015
-1.5 1.1503e-014
-1.45 7.95726e-014
-1.4 5.50459e-013
-1.35 3.80778e-012
-1.3 2.63339e-011
-1.25 1.81818e-010
-1.2 1.24115e-009
-1.15 7.9024e-009
-1.1 4.19958e-008
-1.05 2.50235e-007
-1 1.70847e-006
-0.95 1.18136e-005
-0.9 8.17214e-005
-0.85 0.000565318
-0.8 0.00391066
-0.75 0.0270524
-0.7 0.187138
-0.65 1.29451
-0.6 8.95468
-0.55 61.9427
-0.5 428.437
-0.45 2962.47
-0.4 20468.9
-0.35 141209
-0.3 971696
-0.25 6.66517e+006
-0.2 4.55843e+007
-0.15 3.1117e+008
-0.1 2.12052e+009
-0.05 1.43741e+010
0 9.60093e+010
0.05 6.23975e+011
0.1 3.9065e+012
0.15 2.32931e+013
0.2 1.27072e+014
0.25 5.74978e+014
0.3 1.94972e+015
0.35 4.92936e+015
0.4 9.93486e+015
0.45 1.7103e+016
0.5 2.64129e+016
0.55 3.77833e+016
0.6 5.11246e+016
0.65 6.63642e+016
0.7 8.34539e+016
0.75 1.02365e+017
0.8 1.23075e+017
0.85 1.45552e+017
0.9 1.69744e+017
0.95 1.95585e+017
1 2.23001e+017
1.05 2.51928e+017
1.1 2.82306e+017
1.15 3.14085e+017
1.2 3.47223e+017
1.25 3.8169e+017
1.3 4.17476e+017
1.35 4.54587e+017
1.4 4.93048e+017
1.45 5.32898e+017
1.5 5.74186e+017
1.55 6.16967e+017
1.6 6.61295e+017
1.65 7.07216e+017
1.7 7.54764e+017
1.75 8.03959e+017
1.8 8.54807e+017
1.85 9.07302e+017
1.9 9.61428e+017
1.95 1.01716e+018
2 1.07446e+018
2.05 1.1333e+018
2.1 1.19364e+018
2.15 1.25543e+018
2.2 1.31863e+018
2.25 1.38321e+018
2.3 1.4491e+018
2.35 1.51628e+018
2.4 1.58469e+018
2.45 1.6543e+018
2.5 1.72505e+018
2.55 1.79692e+018
2.6 1.86986e+018
2.65 1.94382e+018
2.7 2.01878e+018
2.75 2.09469e+018
2.8 2.17152e+018
2.85 2.24922e+018
2.9 2.32777e+018
2.95 2.40713e+018
3 2.48727e+018
