drain current vs gate bias
121 2 2
gate bias
drain current
-3 -4.50448e-021
-2.95 2.9923e-021
-2.9 -1.1557e-021
-2.85 8.80265e-022
-2.8 3.73669e-021
-2.75 -1.33513e-021
-2.7 1.22557e-020
-2.65 -3.64328e-021
-2.6 -5.69507e-021
-2.55 7.23803e-023
-2.5 -4.71859e-021
-2.45 -3.62421e-021
-2.4 1.00812e-021
-2.35 -2.6746e-020
-2.3 2.98709e-021
-2.25 -5.98286e-021
-2.2 3.74124e-021
-2.15 2.61089e-021
-2.1 6.55323e-022
-2.05 -2.27387e-020
-2 -9.9096e-021
-1.95 -1.4301e-020
-1.9 7.53795e-021
-1.85 1.72672e-021
-1.8 1.13381e-020
-1.75 -4.87852e-021
-1.7 2.29536e-020
-1.65 5.11499e-020
-1.6 5.22178e-021
-1.55 -3.24264e-020
-1.5 8.37219e-020
-1.45 7.83614e-021
-1.4 1.68997e-020
-1.35 1.80301e-022
-1.3 4.27174e-021
-1.25 -2.41325e-021
-1.2 -3.63652e-020
-1.15 3.56024e-020
-1.1 -3.33972e-020
-1.05 3.15942e-020
-1 -4.85979e-020
-0.95 -1.2732e-020
-0.9 1.63935e-020
-0.85 2.4715e-020
-0.8 1.70037e-019
-0.75 1.76972e-020
-0.7 2.72503e-019
-0.65 -6.34658e-020
-0.6 -5.3258e-021
-0.55 -9.41446e-020
-0.5 1.66988e-020
-0.45 8.33834e-020
-0.4 -6.85604e-020
-0.35 -1.31306e-019
-0.3 1.69529e-019
-0.25 -1.88765e-019
-0.2 -9.82921e-021
-0.15 9.13259e-019
-0.1 6.19349e-018
-0.05 4.19117e-017
0 2.81806e-016
0.05 1.85455e-015
0.1 1.1821e-014
0.15 7.22033e-014
0.2 4.10959e-013
0.25 2.03204e-012
0.3 8.02182e-012
0.35 2.46623e-011
0.4 6.12831e-011
0.45 1.29688e-010
0.5 2.44076e-010
0.55 4.21464e-010
0.6 6.82417e-010
0.65 1.05192e-009
0.7 1.56025e-009
0.75 2.24353e-009
0.8 3.14381e-009
0.85 4.30831e-009
0.9 5.78781e-009
0.95 7.63423e-009
1 9.89754e-009
1.05 1.26229e-008
1.1 1.58496e-008
1.15 1.96106e-008
1.2 2.39325e-008
1.25 2.88356e-008
1.3 3.43328e-008
1.35 4.04293e-008
1.4 4.7122e-008
1.45 5.43995e-008
1.5 6.22418e-008
1.55 7.06217e-008
1.6 7.95065e-008
1.65 8.88599e-008
1.7 9.8644e-008
1.75 1.08821e-007
1.8 1.19357e-007
1.85 1.30217e-007
1.9 1.41373e-007
1.95 1.52796e-007
2 1.64463e-007
2.05 1.76353e-007
2.1 1.88445e-007
2.15 2.00724e-007
2.2 2.13174e-007
2.25 2.25782e-007
2.3 2.38536e-007
2.35 2.51424e-007
2.4 2.64438e-007
2.45 2.77568e-007
2.5 2.90807e-007
2.55 3.04148e-007
2.6 3.17584e-007
2.65 3.31109e-007
2.7 3.44719e-007
2.75 3.58407e-007
2.8 3.72171e-007
2.85 3.86004e-007
2.9 3.99905e-007
2.95 4.13869e-007
3 4.27893e-007
