source current vs gate bias
121 2 2
gate bias
source current
-3 7.78413e-022
-2.95 -1.80821e-021
-2.9 1.90408e-020
-2.85 -2.04988e-020
-2.8 1.02286e-021
-2.75 3.08938e-021
-2.7 5.73841e-022
-2.65 -2.74369e-020
-2.6 -1.59254e-020
-2.55 6.10248e-021
-2.5 -1.45142e-020
-2.45 1.95002e-020
-2.4 3.43473e-020
-2.35 8.32156e-021
-2.3 -7.57262e-021
-2.25 2.96178e-020
-2.2 4.35773e-020
-2.15 -9.77784e-021
-2.1 -7.94016e-021
-2.05 1.03812e-020
-2 1.47014e-020
-1.95 -3.44374e-020
-1.9 3.40352e-020
-1.85 6.18154e-020
-1.8 -3.27315e-020
-1.75 9.66688e-021
-1.7 -1.48124e-020
-1.65 1.40357e-020
-1.6 5.93328e-020
-1.55 -9.92485e-020
-1.5 6.12467e-020
-1.45 -1.35725e-019
-1.4 -3.32863e-022
-1.35 -1.1922e-019
-1.3 1.5295e-019
-1.25 -1.63103e-020
-1.2 -3.01795e-020
-1.15 -4.27174e-020
-1.1 -1.20496e-019
-1.05 -6.46863e-020
-1 2.32449e-019
-0.95 -1.73089e-020
-0.9 2.48537e-020
-0.85 5.60319e-020
-0.8 -1.91951e-020
-0.75 2.00383e-019
-0.7 -3.02239e-019
-0.65 2.4299e-019
-0.6 4.46702e-019
-0.55 1.17079e-018
-0.5 2.2071e-018
-0.45 4.17343e-018
-0.4 7.75835e-018
-0.35 1.33375e-017
-0.3 2.28478e-017
-0.25 3.84053e-017
-0.2 3.04914e-019
-0.15 -9.45314e-019
-0.1 -6.17667e-018
-0.05 -4.18863e-017
0 -2.8171e-016
0.05 -1.85494e-015
0.1 -1.18208e-014
0.15 -7.22033e-014
0.2 -4.10959e-013
0.25 -2.03204e-012
0.3 -8.02182e-012
0.35 -2.46623e-011
0.4 -6.12831e-011
0.45 -1.29688e-010
0.5 -2.44076e-010
0.55 -4.21464e-010
0.6 -6.82417e-010
0.65 -1.05192e-009
0.7 -1.56025e-009
0.75 -2.24353e-009
0.8 -3.14381e-009
0.85 -4.30831e-009
0.9 -5.78781e-009
0.95 -7.63423e-009
1 -9.89754e-009
1.05 -1.26229e-008
1.1 -1.58496e-008
1.15 -1.96106e-008
1.2 -2.39325e-008
1.25 -2.88356e-008
1.3 -3.43328e-008
1.35 -4.04293e-008
1.4 -4.7122e-008
1.45 -5.43995e-008
1.5 -6.22418e-008
1.55 -7.06217e-008
1.6 -7.95065e-008
1.65 -8.88599e-008
1.7 -9.8644e-008
1.75 -1.08821e-007
1.8 -1.19357e-007
1.85 -1.30217e-007
1.9 -1.41373e-007
1.95 -1.52796e-007
2 -1.64463e-007
2.05 -1.76353e-007
2.1 -1.88445e-007
2.15 -2.00724e-007
2.2 -2.13174e-007
2.25 -2.25782e-007
2.3 -2.38536e-007
2.35 -2.51424e-007
2.4 -2.64438e-007
2.45 -2.77568e-007
2.5 -2.90807e-007
2.55 -3.04148e-007
2.6 -3.17584e-007
2.65 -3.31109e-007
2.7 -3.44719e-007
2.75 -3.58407e-007
2.8 -3.72171e-007
2.85 -3.86004e-007
2.9 -3.99905e-007
2.95 -4.13869e-007
3 -4.27893e-007
