Electron Conc vs Depth
72 2 2
Depth
Electron Conc
0 2.09396e+011
0.000784761 2.08237e+011
0.0014745 2.05333e+011
0.00208072 2.01383e+011
0.00261354 1.96894e+011
0.00308184 1.92217e+011
0.00349343 1.87585e+011
0.00385519 1.83144e+011
0.00417314 1.78978e+011
0.0044526 1.75131e+011
0.00469821 1.71618e+011
0.00491409 1.68438e+011
0.00510382 1.65577e+011
0.00527059 1.63014e+011
0.00541715 1.60729e+011
0.00554598 1.58695e+011
0.0056592 1.56891e+011
0.00575871 1.55292e+011
0.00584618 1.53877e+011
0.00592305 1.52627e+011
0.00599062 1.51524e+011
0.00605 1.5055e+011
0.00605 1.5055e+011
0.0061125 1.49532e+011
0.006175 1.48521e+011
0.0062375 1.47516e+011
0.0063 1.46518e+011
0.0063 0
0.00635947 0
0.00642532 0
0.00649821 0
0.00657892 0
0.00666828 0
0.00676721 0
0.00687674 0
0.00699801 0
0.00713226 0
0.00728091 0
0.00744548 0
0.00762768 0
0.0078294 0
0.00805274 0
0.0083 0
0.0083 0
0.00854269 0
0.00879838 0
0.00906776 0
0.00935158 0
0.0096506 0
0.00996564 0
0.0102976 0
0.0106473 0
0.0110157 0
0.0114039 0
0.0118128 0
0.0122437 0
0.0126977 0
0.0131759 0
0.0136798 0
0.0142107 0
0.0147701 0
0.0153594 0
0.0159802 0
0.0166344 0
0.0173235 0
0.0180496 0
0.0188146 0
0.0196206 0
0.0204697 0
0.0213644 0
0.0223069 0
0.0233 0
