Electron Conc vs Depth
72 2 2
Depth
Electron Conc
0 5.42122e+017
0.000784761 5.9336e+017
0.0014745 7.48635e+017
0.00208072 1.04005e+018
0.00261354 1.53353e+018
0.00308184 2.32276e+018
0.00349343 3.51117e+018
0.00385519 5.18096e+018
0.00417314 7.36725e+018
0.0044526 1.00541e+019
0.00469821 1.31883e+019
0.00491409 1.66963e+019
0.00510382 2.04958e+019
0.00527059 2.45033e+019
0.00541715 2.86378e+019
0.00554598 3.28239e+019
0.0056592 3.6994e+019
0.00575871 4.10892e+019
0.00584618 4.50607e+019
0.00592305 4.88693e+019
0.00599062 5.24856e+019
0.00605 5.58893e+019
0.00605 5.58893e+019
0.0061125 5.97229e+019
0.006175 6.38346e+019
0.0062375 6.82464e+019
0.0063 7.29825e+019
0.0063 0
0.00635947 0
0.00642532 0
0.00649821 0
0.00657892 0
0.00666828 0
0.00676721 0
0.00687674 0
0.00699801 0
0.00713226 0
0.00728091 0
0.00744548 0
0.00762768 0
0.0078294 0
0.00805274 0
0.0083 0
0.0083 0
0.00854269 0
0.00879838 0
0.00906776 0
0.00935158 0
0.0096506 0
0.00996564 0
0.0102976 0
0.0106473 0
0.0110157 0
0.0114039 0
0.0118128 0
0.0122437 0
0.0126977 0
0.0131759 0
0.0136798 0
0.0142107 0
0.0147701 0
0.0153594 0
0.0159802 0
0.0166344 0
0.0173235 0
0.0180496 0
0.0188146 0
0.0196206 0
0.0204697 0
0.0213644 0
0.0223069 0
0.0233 0
