Electron Conc vs Depth
72 2 2
Depth
Electron Conc
0 4.58466e+016
0.000784761 4.6864e+016
0.0014745 4.95681e+016
0.00208072 5.3636e+016
0.00261354 5.88889e+016
0.00308184 6.52094e+016
0.00349343 7.25005e+016
0.00385519 8.06643e+016
0.00417314 8.95923e+016
0.0044526 9.91614e+016
0.00469821 1.09235e+017
0.00491409 1.19669e+017
0.00510382 1.30313e+017
0.00527059 1.4102e+017
0.00541715 1.51652e+017
0.00554598 1.62083e+017
0.0056592 1.72205e+017
0.00575871 1.81927e+017
0.00584618 1.91178e+017
0.00592305 1.99908e+017
0.00599062 2.08082e+017
0.00605 2.15683e+017
0.00605 2.15683e+017
0.0061125 2.24292e+017
0.006175 2.33576e+017
0.0062375 2.43592e+017
0.0063 2.54405e+017
0.0063 0
0.00635947 0
0.00642532 0
0.00649821 0
0.00657892 0
0.00666828 0
0.00676721 0
0.00687674 0
0.00699801 0
0.00713226 0
0.00728091 0
0.00744548 0
0.00762768 0
0.0078294 0
0.00805274 0
0.0083 0
0.0083 0
0.00854269 0
0.00879838 0
0.00906776 0
0.00935158 0
0.0096506 0
0.00996564 0
0.0102976 0
0.0106473 0
0.0110157 0
0.0114039 0
0.0118128 0
0.0122437 0
0.0126977 0
0.0131759 0
0.0136798 0
0.0142107 0
0.0147701 0
0.0153594 0
0.0159802 0
0.0166344 0
0.0173235 0
0.0180496 0
0.0188146 0
0.0196206 0
0.0204697 0
0.0213644 0
0.0223069 0
0.0233 0
