Valence Band Energy vs Depth
72 2 2
Depth
Valence Band Energy
0 -2.70062
0.000784761 -2.70048
0.0014745 -2.70012
0.00208072 -2.69961
0.00261354 -2.69903
0.00308184 -2.69841
0.00349343 -2.69778
0.00385519 -2.69716
0.00417314 -2.69656
0.0044526 -2.696
0.00469821 -2.69548
0.00491409 -2.695
0.00510382 -2.69455
0.00527059 -2.69415
0.00541715 -2.69378
0.00554598 -2.69346
0.0056592 -2.69316
0.00575871 -2.6929
0.00584618 -2.69266
0.00592305 -2.69245
0.00599062 -2.69226
0.00605 -2.69209
0.00605 -2.69209
0.0061125 -2.69192
0.006175 -2.69174
0.0062375 -2.69157
0.0063 -2.69139
0.0063 -2.69139
0.00635947 -5.24111
0.00642532 -5.24081
0.00649821 -5.24047
0.00657892 -5.24009
0.00666828 -5.23968
0.00676721 -5.23922
0.00687674 -5.23871
0.00699801 -5.23814
0.00713226 -5.23752
0.00728091 -5.23683
0.00744548 -5.23606
0.00762768 -5.23522
0.0078294 -5.23428
0.00805274 -5.23324
0.0083 -5.23209
0.0083 -5.23209
0.00854269 -5.23157
0.00879838 -5.23102
0.00906776 -5.23045
0.00935158 -5.22984
0.0096506 -5.2292
0.00996564 -5.22853
0.0102976 -5.22782
0.0106473 -5.22707
0.0110157 -5.22628
0.0114039 -5.22545
0.0118128 -5.22457
0.0122437 -5.22365
0.0126977 -5.22268
0.0131759 -5.22166
0.0136798 -5.22058
0.0142107 -5.21944
0.0147701 -5.21825
0.0153594 -5.21699
0.0159802 -5.21566
0.0166344 -5.21426
0.0173235 -5.21278
0.0180496 -5.21123
0.0188146 -5.2096
0.0196206 -5.20787
0.0204697 -5.20605
0.0213644 -5.20414
0.0223069 -5.20212
0.0233 -5.2
