Valence Band Energy vs Depth
72 2 2
Depth
Valence Band Energy
0 -3.39457
0.000784761 -3.39709
0.0014745 -3.40365
0.00208072 -3.41319
0.00261354 -3.42497
0.00308184 -3.43847
0.00349343 -3.45329
0.00385519 -3.46906
0.00417314 -3.48552
0.0044526 -3.50239
0.00469821 -3.51945
0.00491409 -3.5365
0.00510382 -3.55334
0.00527059 -3.5698
0.00541715 -3.58573
0.00554598 -3.601
0.0056592 -3.61553
0.00575871 -3.62923
0.00584618 -3.64206
0.00592305 -3.65399
0.00599062 -3.66503
0.00605 -3.67517
0.00605 -3.67517
0.0061125 -3.68634
0.006175 -3.69805
0.0062375 -3.71033
0.0063 -3.72322
0.0063 -3.72322
0.00635947 -6.28609
0.00642532 -6.30035
0.00649821 -6.31614
0.00657892 -6.33361
0.00666828 -6.35296
0.00676721 -6.37438
0.00687674 -6.3981
0.00699801 -6.42436
0.00713226 -6.45343
0.00728091 -6.48562
0.00744548 -6.52125
0.00762768 -6.5607
0.0078294 -6.60438
0.00805274 -6.65274
0.0083 -6.70628
0.0083 -6.70628
0.00854269 -6.73045
0.00879838 -6.75591
0.00906776 -6.78274
0.00935158 -6.811
0.0096506 -6.84078
0.00996564 -6.87215
0.0102976 -6.9052
0.0106473 -6.94003
0.0110157 -6.97672
0.0114039 -7.01537
0.0118128 -7.0561
0.0122437 -7.099
0.0126977 -7.14421
0.0131759 -7.19184
0.0136798 -7.24201
0.0142107 -7.29488
0.0147701 -7.35058
0.0153594 -7.40926
0.0159802 -7.47109
0.0166344 -7.53623
0.0173235 -7.60486
0.0180496 -7.67716
0.0188146 -7.75334
0.0196206 -7.8336
0.0204697 -7.91816
0.0213644 -8.00725
0.0223069 -8.10111
0.0233 -8.2
