Valence Band Energy vs Depth
72 2 2
Depth
Valence Band Energy
0 -3.09665
0.000784761 -3.09723
0.0014745 -3.09869
0.00208072 -3.10074
0.00261354 -3.10317
0.00308184 -3.10583
0.00349343 -3.1086
0.00385519 -3.11139
0.00417314 -3.11413
0.0044526 -3.11679
0.00469821 -3.11933
0.00491409 -3.12172
0.00510382 -3.12396
0.00527059 -3.12604
0.00541715 -3.12796
0.00554598 -3.12972
0.0056592 -3.13132
0.00575871 -3.13277
0.00584618 -3.13409
0.00592305 -3.13528
0.00599062 -3.13634
0.00605 -3.1373
0.00605 -3.1373
0.0061125 -3.13834
0.006175 -3.13942
0.0062375 -3.14054
0.0063 -3.1417
0.0063 -3.1417
0.00635947 -5.69276
0.00642532 -5.69393
0.00649821 -5.69523
0.00657892 -5.69666
0.00666828 -5.69825
0.00676721 -5.70001
0.00687674 -5.70196
0.00699801 -5.70412
0.00713226 -5.70651
0.00728091 -5.70915
0.00744548 -5.71208
0.00762768 -5.71532
0.0078294 -5.71891
0.00805274 -5.72288
0.0083 -5.72728
0.0083 -5.72728
0.00854269 -5.72927
0.00879838 -5.73136
0.00906776 -5.73356
0.00935158 -5.73588
0.0096506 -5.73833
0.00996564 -5.74091
0.0102976 -5.74362
0.0106473 -5.74648
0.0110157 -5.7495
0.0114039 -5.75267
0.0118128 -5.75602
0.0122437 -5.75955
0.0126977 -5.76326
0.0131759 -5.76717
0.0136798 -5.7713
0.0142107 -5.77564
0.0147701 -5.78021
0.0153594 -5.78504
0.0159802 -5.79012
0.0166344 -5.79547
0.0173235 -5.80111
0.0180496 -5.80705
0.0188146 -5.8133
0.0196206 -5.8199
0.0204697 -5.82684
0.0213644 -5.83416
0.0223069 -5.84188
0.0233 -5.85
