&CONTROL
  calculation = 'bands', prefix = 'slab', outdir = './tmp', pseudo_dir = './'
  verbosity = 'high', tprnfor = .true., tstress = .true., max_seconds = 199557
/
&SYSTEM
  ibrav = 0, nat = 96, ntyp = 3, ecutwfc = 71, ecutrho = 568
  occupations = 'fixed'
  nbnd = 328
/
&ELECTRONS
  conv_thr = 1.0d-9, mixing_beta = 0.2, electron_maxstep = 150, mixing_mode = 'local-TF', diagonalization = 'cg'
/
ATOMIC_SPECIES
  In 114.818 In.pbe-dn-kjpaw_psl.1.0.0.UPF
  O 15.999 O.pbe-n-kjpaw_psl.1.0.0.UPF
  H 1.008 H.pbe-kjpaw_psl.1.0.0.UPF
CELL_PARAMETERS angstrom
  10.3364310600 0.0000000000 0.0000000000
  0.0000000000 10.3345042060 0.0000000000
  0.0000000000 0.0000000000 34.8745389300
ATOMIC_POSITIONS crystal
  In               0.2477884235        0.2524784942        0.4261425288
  In               0.7522115765        0.2475215058        0.4261425288
  In               0.2522115765        0.2524784942        0.5738574715
  In               0.2522115765        0.7524784942        0.4261425288
  In               0.4644837878        0.5019922449        0.5736046309
  In               0.0355162122        0.5019922449        0.4263953694
  In               0.7500000000        0.4646188368        0.5000000001
  In               0.2500000000        0.0353811632        0.5000000001
  In               0.5000000000        0.7500000000        0.4903938086
  In               0.0355162122        0.0019922449        0.5736046309
  In               0.4644837878        0.0019922449        0.4263953694
  In               0.0000000000        0.2500000000        0.4903938086
  O                0.3895937305        0.1566599333        0.4641803558
  O                0.6104062695        0.3433400667        0.4641803558
  O                0.1104062695        0.1566599333        0.5358196445
  O                0.8895937305        0.3433400667        0.5358196445
  O                0.3807925940        0.3941116722        0.3980797682
  O                0.3835283289        0.6108767751        0.4551224714
  O                0.6192074060        0.1058883278        0.3980797682
  O                0.6164716711        0.8891232249        0.4551224714
  O                0.1543778989        0.3834434043        0.4679599797
  O                0.3456221011        0.3834434043        0.5320400203
  O                0.1844689844        0.6023397352        0.3870787130
  O                0.3155310156        0.6023397352        0.6129212873
  O                0.0987520372        0.3419461019        0.3900303714
  O                0.9012479628        0.1580538981        0.3900303714
  O                0.4012479628        0.3419461019        0.6099696289
  O                0.5987520372        0.1580538981        0.6099696289
  O                0.1164716711        0.1108767751        0.4551224714
  O                0.1192074060        0.8941116722        0.3980797682
  O                0.8835283289        0.3891232249        0.4551224714
  O                0.8807925940        0.6058883278        0.3980797682
  O                0.3155310156        0.1023397352        0.3870787130
  O                0.1844689844        0.1023397352        0.6129212873
  O                0.3456221011        0.8834434043        0.4679599797
  O                0.1543778989        0.8834434043        0.5320400203
  In               0.7522115765        0.7475215058        0.5738574715
  In               0.2477884235        0.7524784942        0.5738574715
  In               0.7477884235        0.7475215058        0.4261425288
  In               0.7477884235        0.2475215058        0.5738574715
  In               0.9644837869       -0.0019922449        0.4263953694
  In               0.5355162122       -0.0019922449        0.5736046309
  In               0.0000000000        0.7500000000        0.5096061914
  In               0.5355162122        0.4980077551        0.4263953694
  In               0.9644837869        0.4980077551        0.5736046309
  In               0.2500000000        0.5353811632        0.5000000001
  In               0.7500000000        0.9646188359        0.5000000001
  In               0.5000000000        0.2500000000        0.5096061914
  O                0.9012479628        0.6580538981        0.6099696289
  O                0.0987520372        0.8419461019        0.6099696289
  O                0.5987520372        0.6580538981        0.3900303714
  O                0.4012479628        0.8419461019        0.3900303714
  O                0.8835283289        0.8891232249        0.5448775286
  O                0.8807925940        0.1058883278        0.6019202318
  O                0.1164716711        0.6108767751        0.5448775286
  O                0.1192074060        0.3941116722        0.6019202318
  O                0.6844689844        0.8976602648        0.6129212873
  O                0.8155310156        0.8976602648        0.3870787130
  O                0.6543778989        0.1165565957        0.5320400203
  O                0.8456221011        0.1165565957        0.4679599797
  O                0.6104062695        0.8433400667        0.5358196445
  O                0.3895937305        0.6566599333        0.5358196445
  O                0.8895937305        0.8433400667        0.4641803558
  O                0.1104062695        0.6566599333        0.4641803558
  O                0.6192074060        0.6058883278        0.6019202318
  O                0.6164716711        0.3891232249        0.5448775286
  O                0.3807925940        0.8941116722        0.6019202318
  O                0.3835283289        0.1108767751        0.5448775286
  O                0.8456221011        0.6165565957        0.5320400203
  O                0.6543778989        0.6165565957        0.4679599797
  O                0.8155310156        0.3976602648        0.6129212873
  O                0.6844689844        0.3976602648        0.3870787130
  H                0.3217589747        0.4631619791        0.3894139246
  H                0.6782410243        0.0368380209        0.3894139246
  H                0.1367869488        0.6460959430        0.3667720192
  H                0.3632130512        0.6460959430        0.6332279808
  H                0.1355230468        0.3772818231        0.3666170676
  H                0.8644769532        0.1227181769        0.3666170676
  H                0.3644769532        0.3772818231        0.6333829327
  H                0.6355230468        0.1227181769        0.6333829327
  H                0.1782410243        0.9631619791        0.3894139246
  H                0.8217589747        0.5368380209        0.3894139246
  H                0.3632130512        0.1460959430        0.3667720192
  H                0.1367869488        0.1460959430        0.6332279808
  H                0.8644769532        0.6227181769        0.6333829327
  H                0.1355230468        0.8772818221        0.6333829327
  H                0.6355230468        0.6227181769        0.3666170676
  H                0.3644769532        0.8772818221        0.3666170676
  H                0.8217589747        0.0368380209        0.6105860757
  H                0.1782410243        0.4631619791        0.6105860757
  H                0.6367869488        0.8539040561        0.6332279808
  H                0.8632130502        0.8539040561        0.3667720192
  H                0.6782410243        0.5368380209        0.6105860757
  H                0.3217589747        0.9631619791        0.6105860757
  H                0.8632130502        0.3539040561        0.6332279808
  H                0.6367869488        0.3539040561        0.3667720192
K_POINTS tpiba
  21
  0.00000000 0.00000000 0.00000000 1.0
  0.02460398 0.00000000 0.00000000 1.0
  0.04920796 0.00000000 0.00000000 1.0
  0.07381193 0.00000000 0.00000000 1.0
  0.09841591 0.00000000 0.00000000 1.0
  0.12301989 0.00000000 0.00000000 1.0
  0.14762387 0.00000000 0.00000000 1.0
  0.17222785 0.00000000 0.00000000 1.0
  0.19683182 0.00000000 0.00000000 1.0
  0.22143580 0.00000000 0.00000000 1.0
  0.24603978 0.00000000 0.00000000 1.0
  0.01739764 0.01739764 0.00000000 1.0
  0.03479528 0.03479528 0.00000000 1.0
  0.05219292 0.05219292 0.00000000 1.0
  0.06959056 0.06959056 0.00000000 1.0
  0.08698820 0.08698820 0.00000000 1.0
  0.10438584 0.10438584 0.00000000 1.0
  0.12178348 0.12178348 0.00000000 1.0
  0.13918112 0.13918112 0.00000000 1.0
  0.15657876 0.15657876 0.00000000 1.0
  0.17397640 0.17397640 0.00000000 1.0
