Probe bulk_front_electrons vs gate bias
121 2 2
gate bias
Probe bulk_front_electrons
-3 3.67178e-033
-2.95 4.32505e-033
-2.9 5.18694e-033
-2.85 6.36414e-033
-2.8 8.04343e-033
-2.75 1.05758e-032
-2.7 1.46835e-032
-2.65 2.20419e-032
-2.6 3.72391e-032
-2.55 7.62618e-032
-2.5 2.17006e-031
-2.45 9.78893e-031
-2.4 6.07414e-030
-2.35 4.12647e-029
-2.3 2.84698e-028
-2.25 1.96869e-027
-2.2 1.36173e-026
-2.15 9.37977e-026
-2.1 6.27099e-025
-2.05 4.06137e-024
-2 2.67671e-023
-1.95 1.81484e-022
-1.9 1.24734e-021
-1.85 8.61221e-021
-1.8 5.95446e-020
-1.75 4.11854e-019
-1.7 2.84901e-018
-1.65 1.97088e-017
-1.6 1.36342e-016
-1.55 9.43191e-016
-1.5 6.52486e-015
-1.45 4.5138e-014
-1.4 3.12258e-013
-1.35 2.16015e-012
-1.3 1.49431e-011
-1.25 1.03352e-010
-1.2 7.13882e-010
-1.15 4.88707e-009
-1.1 3.1626e-008
-1.05 1.71584e-007
-1 9.9681e-007
-0.95 6.76787e-006
-0.9 4.67868e-005
-0.85 0.000323644
-0.8 0.00223882
-0.75 0.015487
-0.7 0.107131
-0.65 0.74105
-0.6 5.12583
-0.55 35.4575
-0.5 245.274
-0.45 1696.66
-0.4 11736.5
-0.35 81185.2
-0.3 561584
-0.25 3.88463e+006
-0.2 2.68707e+007
-0.15 1.85864e+008
-0.1 1.28551e+009
-0.05 8.88874e+009
0 6.1405e+010
0.05 4.22858e+011
0.1 2.88082e+012
0.15 1.89509e+013
0.2 1.12779e+014
0.25 5.41365e+014
0.3 1.92599e+015
0.35 5.1855e+015
0.4 1.13576e+016
0.45 2.15499e+016
0.5 3.69484e+016
0.55 5.88201e+016
0.6 8.85109e+016
0.65 1.27449e+017
0.7 1.77153e+017
0.75 2.39244e+017
0.8 3.15455e+017
0.85 4.07628e+017
0.9 5.17699e+017
0.95 6.47672e+017
1 7.99578e+017
1.05 9.75371e+017
1.1 1.17678e+018
1.15 1.40516e+018
1.2 1.66151e+018
1.25 1.94641e+018
1.3 2.26013e+018
1.35 2.60267e+018
1.4 2.97386e+018
1.45 3.37341e+018
1.5 3.80093e+018
1.55 4.25605e+018
1.6 4.73833e+018
1.65 5.24736e+018
1.7 5.78266e+018
1.75 6.34369e+018
1.8 6.92983e+018
1.85 7.54036e+018
1.9 8.17445e+018
1.95 8.83115e+018
2 9.50948e+018
2.05 1.02083e+019
2.1 1.09266e+019
2.15 1.16632e+019
2.2 1.2417e+019
2.25 1.31869e+019
2.3 1.39718e+019
2.35 1.47707e+019
2.4 1.55826e+019
2.45 1.64067e+019
2.5 1.7242e+019
2.55 1.80877e+019
2.6 1.89431e+019
2.65 1.98074e+019
2.7 2.06801e+019
2.75 2.15604e+019
2.8 2.24479e+019
2.85 2.3342e+019
2.9 2.42422e+019
2.95 2.51481e+019
3 2.60593e+019
