Probe avg_n vs gate bias
76 2 2
gate bias
Probe avg_n
-3 8.6509e+012
-2.8 8.7173e+012
-2.6 8.80198e+012
-2.4 8.91006e+012
-2.2 9.04848e+012
-2 9.22655e+012
-1.8 9.4569e+012
-1.6 9.75696e+012
-1.4 1.01514e+013
-1.2 1.06759e+013
-1 1.13846e+013
-0.95 1.15996e+013
-0.9 1.1833e+013
-0.85 1.20869e+013
-0.8 1.23634e+013
-0.75 1.26654e+013
-0.7 1.29959e+013
-0.65 1.33585e+013
-0.6 1.37574e+013
-0.55 1.41974e+013
-0.5 1.46845e+013
-0.45 1.52253e+013
-0.4 1.58281e+013
-0.35 1.65025e+013
-0.3 1.72601e+013
-0.25 1.81146e+013
-0.2 1.90824e+013
-0.15 2.01835e+013
-0.1 2.14422e+013
-0.05 2.28938e+013
-4.24783e-016 2.46215e+013
0.05 2.69806e+013
0.1 3.19414e+013
0.15 5.07134e+013
0.2 1.42447e+014
0.25 5.60966e+014
0.3 2.04455e+015
0.35 5.8863e+015
0.4 1.35196e+016
0.45 2.61812e+016
0.5 4.49292e+016
0.55 7.07864e+016
0.6 1.04867e+017
0.65 1.48473e+017
0.7 2.03164e+017
0.75 2.70804e+017
0.8 3.53581e+017
0.85 4.53987e+017
0.9 5.74751e+017
0.95 7.18728e+017
1 8.88782e+017
1.05 1.08766e+018
1.1 1.31784e+018
1.15 1.58133e+018
1.2 1.87951e+018
1.25 2.21317e+018
1.3 2.5825e+018
1.35 2.98724e+018
1.4 3.42684e+018
1.45 3.90054e+018
1.5 4.40755e+018
1.6 5.51834e+018
1.7 6.75332e+018
1.8 8.10642e+018
1.9 9.56996e+018
2 1.11338e+019
2.1 1.27859e+019
2.2 1.45135e+019
2.3 1.63044e+019
2.4 1.81476e+019
2.5 2.00337e+019
2.6 2.1955e+019
2.7 2.39049e+019
2.8 2.58783e+019
2.9 2.7871e+019
3 2.98797e+019
