Conduction Band Energy vs Depth
87 2 2
Depth
Conduction Band Energy
0 3.48222
0.0200101 3.48222
0.0343543 3.48222
0.0446368 3.48222
0.0520079 3.48222
0.0572917 3.48222
0.0610795 3.48222
0.0637947 3.48222
0.0657411 3.48222
0.0671363 3.48222
0.0681365 3.48222
0.0688535 3.48222
0.0693675 3.48222
0.0697359 3.48222
0.07 0.435531
0.07 0.435531
0.0702481 0.435545
0.0704686 0.435581
0.0706647 0.435632
0.0708389 0.435692
0.0709938 0.435757
0.0711315 0.435824
0.0712539 0.435891
0.0713627 0.435956
0.0714594 0.436018
0.0715453 0.436078
0.0716217 0.436133
0.0716896 0.436185
0.07175 0.436232
0.07175 0.436232
0.0718125 0.436282
0.071875 0.436331
0.0719375 0.436381
0.072 0.436431
0.072 0.436431
0.0720595 3.48524
0.0721253 3.48758
0.0721982 3.49018
0.0722789 3.49305
0.0723683 3.49624
0.0724672 3.49976
0.0725767 3.50366
0.072698 3.50798
0.0728323 3.51276
0.0729809 3.51805
0.0731455 3.52391
0.0733277 3.5304
0.0735294 3.53758
0.0737527 3.54554
0.074 4.45434
0.074 4.45434
0.0742427 4.45832
0.0744984 4.46251
0.0747678 4.46692
0.0750516 4.47157
0.0753506 4.47646
0.0756656 4.48162
0.0759976 4.48706
0.0763473 4.49278
0.0767157 4.49882
0.0771039 4.50518
0.0775128 4.51187
0.0779437 4.51893
0.0783977 4.52636
0.0788759 4.5342
0.0793798 4.54245
0.0799107 4.55114
0.0804701 4.5603
0.0810594 4.56996
0.0816802 4.58012
0.0823344 4.59084
0.0830235 4.60212
0.0837496 4.61401
0.0845146 4.62654
0.0853206 4.63974
0.0861697 4.65365
0.0870644 4.6683
0.0880069 4.68374
0.089 4.7
0.089 0
0.0900551 0
0.0917786 0
0.0945935 0
0.0991911 0
0.106701 0
0.118966 0
0.139 0
