Conduction Band Energy vs Depth
87 2 2
Depth
Conduction Band Energy
0 2.64872
0.0200101 2.64872
0.0343543 2.64872
0.0446368 2.64872
0.0520079 2.64872
0.0572917 2.64872
0.0610795 2.64872
0.0637947 2.64872
0.0657411 2.64872
0.0671363 2.64872
0.0681365 2.64872
0.0688535 2.64872
0.0693675 2.64872
0.0697359 2.64872
0.07 -0.397972
0.07 -0.397972
0.0702481 -0.400185
0.0704686 -0.405929
0.0706647 -0.414149
0.0708389 -0.424065
0.0709938 -0.435089
0.0711315 -0.446772
0.0712539 -0.458762
0.0713627 -0.47079
0.0714594 -0.482644
0.0715453 -0.494168
0.0716217 -0.505244
0.0716896 -0.515787
0.07175 -0.525742
0.07175 -0.525742
0.0718125 -0.536678
0.071875 -0.548288
0.0719375 -0.560611
0.072 -0.573687
0.072 -0.573687
0.0720595 2.46182
0.0721253 2.44944
0.0721982 2.43574
0.0722789 2.42056
0.0723683 2.40376
0.0724672 2.38516
0.0725767 2.36457
0.072698 2.34177
0.0728323 2.31653
0.0729809 2.28858
0.0731455 2.25764
0.0733277 2.22338
0.0735294 2.18546
0.0737527 2.14347
0.074 2.99698
0.074 2.99698
0.0742427 2.97599
0.0744984 2.95388
0.0747678 2.93059
0.0750516 2.90605
0.0753506 2.8802
0.0756656 2.85296
0.0759976 2.82426
0.0763473 2.79402
0.0767157 2.76216
0.0771039 2.7286
0.0775128 2.69324
0.0779437 2.65598
0.0783977 2.61673
0.0788759 2.57538
0.0793798 2.53181
0.0799107 2.4859
0.0804701 2.43754
0.0810594 2.38659
0.0816802 2.3329
0.0823344 2.27634
0.0830235 2.21676
0.0837496 2.15397
0.0845146 2.08783
0.0853206 2.01814
0.0861697 1.94472
0.0870644 1.86736
0.0880069 1.78586
0.089 1.7
0.089 0
0.0900551 0
0.0917786 0
0.0945935 0
0.0991911 0
0.106701 0
0.118966 0
0.139 0
