Conduction Band Energy vs Depth
87 2 2
Depth
Conduction Band Energy
0 3.04338
0.0200101 3.04338
0.0343543 3.04338
0.0446368 3.04338
0.0520079 3.04338
0.0572917 3.04338
0.0610795 3.04338
0.0637947 3.04338
0.0657411 3.04338
0.0671363 3.04338
0.0681365 3.04338
0.0688535 3.04338
0.0693675 3.04338
0.0697359 3.04338
0.07 -0.0033104
0.07 -0.0033104
0.0702481 -0.00362723
0.0704686 -0.00444405
0.0706647 -0.00559966
0.0708389 -0.0069738
0.0709938 -0.00847661
0.0711315 -0.0100411
0.0712539 -0.0116178
0.0713627 -0.0131707
0.0714594 -0.014674
0.0715453 -0.0161102
0.0716217 -0.0174678
0.0716896 -0.0187402
0.07175 -0.0199242
0.07175 -0.0199242
0.0718125 -0.0212226
0.071875 -0.0225961
0.0719375 -0.0240461
0.072 -0.025574
0.072 -0.025574
0.0720595 3.02164
0.0721253 3.02223
0.0721982 3.02287
0.0722789 3.02359
0.0723683 3.02438
0.0724672 3.02526
0.0725767 3.02623
0.072698 3.0273
0.0728323 3.02849
0.0729809 3.02981
0.0731455 3.03127
0.0733277 3.03289
0.0735294 3.03467
0.0737527 3.03665
0.074 3.93885
0.074 3.93885
0.0742427 3.93984
0.0744984 3.94088
0.0747678 3.94198
0.0750516 3.94313
0.0753506 3.94435
0.0756656 3.94564
0.0759976 3.94699
0.0763473 3.94842
0.0767157 3.94992
0.0771039 3.9515
0.0775128 3.95317
0.0779437 3.95492
0.0783977 3.95678
0.0788759 3.95872
0.0793798 3.96078
0.0799107 3.96294
0.0804701 3.96522
0.0810594 3.96763
0.0816802 3.97016
0.0823344 3.97282
0.0830235 3.97563
0.0837496 3.97859
0.0845146 3.98171
0.0853206 3.985
0.0861697 3.98846
0.0870644 3.99211
0.0880069 3.99595
0.089 4
0.089 0
0.0900551 0
0.0917786 0
0.0945935 0
0.0991911 0
0.106701 0
0.118966 0
0.139 0
