Probe chan_n vs gate bias
76 2 2
gate bias
Probe chan_n
-3 1.19894e-038
-2.8 1.5623e-036
-2.6 3.50122e-033
-2.4 8.01791e-030
-2.2 1.83396e-026
-2 3.58285e-023
-1.8 7.90953e-020
-1.6 1.81133e-016
-1.4 4.1436e-013
-1.2 5.9828e-010
-1 1.32336e-006
-0.95 9.15449e-006
-0.9 6.33271e-005
-0.85 0.00043807
-0.8 0.00303039
-0.75 0.0209629
-0.7 0.145013
-0.65 1.00313
-0.6 6.93921
-0.55 48.002
-0.5 332.047
-0.45 2296.76
-0.4 15884.2
-0.35 109818
-0.3 758806
-0.25 5.23894e+006
-0.2 3.61381e+007
-0.15 2.49009e+008
-0.1 1.71172e+009
-0.05 1.16863e+010
-4.24783e-016 7.84978e+010
0.05 5.124e+011
0.1 3.21932e+012
0.15 1.93282e+013
0.2 1.0831e+014
0.25 5.29248e+014
0.3 2.04954e+015
0.35 6.03016e+015
0.4 1.39732e+016
0.45 2.71385e+016
0.5 4.65506e+016
0.55 7.31462e+016
0.6 1.07899e+017
0.65 1.51916e+017
0.7 2.06503e+017
0.75 2.73218e+017
0.8 3.53901e+017
0.85 4.50677e+017
0.9 5.65927e+017
0.95 7.02228e+017
1 8.62275e+017
1.05 1.04879e+018
1.1 1.26441e+018
1.15 1.51145e+018
1.2 1.7918e+018
1.25 2.10679e+018
1.3 2.45714e+018
1.35 2.84307e+018
1.4 3.26428e+018
1.45 3.72012e+018
1.5 4.2097e+018
1.6 5.28564e+018
1.7 6.48271e+018
1.8 7.79105e+018
1.9 9.20022e+018
2 1.06991e+019
2.1 1.22761e+019
2.2 1.39198e+019
2.3 1.56195e+019
2.4 1.73656e+019
2.5 1.915e+019
2.6 2.09658e+019
2.7 2.28071e+019
2.8 2.46692e+019
2.9 2.65483e+019
3 2.84412e+019
