drain current vs gate bias
76 2 2
gate bias
drain current
-3 -2.46623e-019
-2.8 -9.82004e-019
-2.6 -2.18276e-019
-2.4 6.15849e-019
-2.2 -1.42682e-019
-2 -5.58445e-019
-1.8 -3.30721e-021
-1.6 3.88833e-019
-1.4 2.51915e-018
-1.2 8.55149e-019
-1 1.08854e-018
-0.95 -1.59502e-018
-0.9 5.17814e-019
-0.85 -1.98999e-018
-0.8 -1.85015e-018
-0.75 8.9389e-019
-0.7 -2.93302e-018
-0.65 -1.09043e-018
-0.6 2.79695e-018
-0.55 4.68678e-019
-0.5 -7.10577e-019
-0.45 2.03157e-018
-0.4 -3.72675e-018
-0.35 -2.18463e-018
-0.3 5.12233e-019
-0.25 -2.04797e-018
-0.2 -2.17484e-018
-0.15 4.01193e-018
-0.1 1.97e-018
-0.05 1.52878e-017
-4.24783e-016 8.77852e-017
0.05 5.82493e-016
0.1 3.71777e-015
0.15 2.28394e-014
0.2 1.3238e-013
0.25 6.90068e-013
0.3 3.00038e-012
0.35 1.03673e-011
0.4 2.87644e-011
0.45 6.68043e-011
0.5 1.35552e-010
0.55 2.48566e-010
0.6 4.22215e-010
0.65 6.76209e-010
0.7 1.03429e-009
0.75 1.52503e-009
0.8 2.18253e-009
0.85 3.04709e-009
0.9 4.16532e-009
0.95 5.58979e-009
1 7.37764e-009
1.05 9.58845e-009
1.1 1.22818e-008
1.15 1.55156e-008
1.2 1.93442e-008
1.25 2.38174e-008
1.3 2.89787e-008
1.35 3.48642e-008
1.4 4.15016e-008
1.45 4.89087e-008
1.5 5.70935e-008
1.6 7.5775e-008
1.7 9.74015e-008
1.8 1.21691e-007
1.9 1.48277e-007
2 1.76771e-007
2.1 2.0681e-007
2.2 2.38082e-007
2.3 2.70332e-007
2.4 3.03359e-007
2.5 3.37009e-007
2.6 3.71161e-007
2.7 4.05724e-007
2.8 4.40626e-007
2.9 4.75812e-007
3 5.11239e-007
