source current vs gate bias
76 2 2
gate bias
source current
-3 -3.24579e-019
-2.8 7.06325e-019
-2.6 3.23634e-019
-2.4 1.54494e-019
-2.2 -1.30398e-019
-2 3.62848e-019
-1.8 5.575e-019
-1.6 2.62876e-018
-1.4 1.05094e-017
-1.2 5.85848e-019
-1 3.21271e-019
-0.95 3.17492e-019
-0.9 -9.95941e-019
-0.85 1.34178e-019
-0.8 3.30721e-019
-0.75 -5.10255e-019
-0.7 4.74348e-019
-0.65 -2.43788e-019
-0.6 -9.07119e-020
-0.55 -9.44916e-021
-0.5 -6.36873e-019
-0.45 1.23973e-018
-0.4 7.21914e-019
-0.35 -4.15873e-020
-0.3 6.33018e-019
-0.25 9.77559e-020
-0.2 7.14621e-019
-0.15 1.34049e-018
-0.1 -2.29107e-018
-0.05 -1.36272e-017
-4.24783e-016 -8.60865e-017
0.05 -5.81127e-016
0.1 -3.72011e-015
0.15 -2.28421e-014
0.2 -1.32378e-013
0.25 -6.90068e-013
0.3 -3.00038e-012
0.35 -1.03673e-011
0.4 -2.87644e-011
0.45 -6.68043e-011
0.5 -1.35552e-010
0.55 -2.48566e-010
0.6 -4.22215e-010
0.65 -6.76209e-010
0.7 -1.03429e-009
0.75 -1.52503e-009
0.8 -2.18253e-009
0.85 -3.04709e-009
0.9 -4.16532e-009
0.95 -5.58979e-009
1 -7.37764e-009
1.05 -9.58845e-009
1.1 -1.22818e-008
1.15 -1.55156e-008
1.2 -1.93442e-008
1.25 -2.38174e-008
1.3 -2.89787e-008
1.35 -3.48642e-008
1.4 -4.15016e-008
1.45 -4.89087e-008
1.5 -5.70935e-008
1.6 -7.5775e-008
1.7 -9.74015e-008
1.8 -1.21691e-007
1.9 -1.48277e-007
2 -1.76771e-007
2.1 -2.0681e-007
2.2 -2.38082e-007
2.3 -2.70332e-007
2.4 -3.03359e-007
2.5 -3.37009e-007
2.6 -3.71161e-007
2.7 -4.05724e-007
2.8 -4.40626e-007
2.9 -4.75812e-007
3 -5.11239e-007
