Valence Band Energy vs Depth
87 2 2
Depth
Valence Band Energy
0 -5.51778
0.0200101 -5.51778
0.0343543 -5.51778
0.0446368 -5.51778
0.0520079 -5.51778
0.0572917 -5.51778
0.0610795 -5.51778
0.0637947 -5.51778
0.0657411 -5.51778
0.0671363 -5.51778
0.0681365 -5.51778
0.0688535 -5.51778
0.0693675 -5.51778
0.0697359 -5.51778
0.07 -2.96778
0.07 -2.96778
0.0702481 -2.96777
0.0704686 -2.96773
0.0706647 -2.96768
0.0708389 -2.96762
0.0709938 -2.96755
0.0711315 -2.96749
0.0712539 -2.96742
0.0713627 -2.96735
0.0714594 -2.96729
0.0715453 -2.96723
0.0716217 -2.96718
0.0716896 -2.96713
0.07175 -2.96708
0.07175 -2.96708
0.0718125 -2.96703
0.071875 -2.96698
0.0719375 -2.96693
0.072 -2.96688
0.072 -2.96688
0.0720595 -5.51476
0.0721253 -5.51242
0.0721982 -5.50982
0.0722789 -5.50695
0.0723683 -5.50376
0.0724672 -5.50024
0.0725767 -5.49634
0.072698 -5.49202
0.0728323 -5.48724
0.0729809 -5.48195
0.0731455 -5.47609
0.0733277 -5.4696
0.0735294 -5.46242
0.0737527 -5.45446
0.074 -1.24566
0.074 -1.24566
0.0742427 -1.24168
0.0744984 -1.23749
0.0747678 -1.23308
0.0750516 -1.22843
0.0753506 -1.22354
0.0756656 -1.21838
0.0759976 -1.21294
0.0763473 -1.20722
0.0767157 -1.20118
0.0771039 -1.19482
0.0775128 -1.18813
0.0779437 -1.18107
0.0783977 -1.17364
0.0788759 -1.1658
0.0793798 -1.15755
0.0799107 -1.14886
0.0804701 -1.1397
0.0810594 -1.13004
0.0816802 -1.11988
0.0823344 -1.10916
0.0830235 -1.09788
0.0837496 -1.08599
0.0845146 -1.07346
0.0853206 -1.06026
0.0861697 -1.04635
0.0870644 -1.0317
0.0880069 -1.01626
0.089 -1
0.089 0
0.0900551 0
0.0917786 0
0.0945935 0
0.0991911 0
0.106701 0
0.118966 0
0.139 0
