Valence Band Energy vs Depth
87 2 2
Depth
Valence Band Energy
0 -6.35128
0.0200101 -6.35128
0.0343543 -6.35128
0.0446368 -6.35128
0.0520079 -6.35128
0.0572917 -6.35128
0.0610795 -6.35128
0.0637947 -6.35128
0.0657411 -6.35128
0.0671363 -6.35128
0.0681365 -6.35128
0.0688535 -6.35128
0.0693675 -6.35128
0.0697359 -6.35128
0.07 -3.80128
0.07 -3.80128
0.0702481 -3.8035
0.0704686 -3.80924
0.0706647 -3.81746
0.0708389 -3.82737
0.0709938 -3.8384
0.0711315 -3.85008
0.0712539 -3.86207
0.0713627 -3.8741
0.0714594 -3.88595
0.0715453 -3.89748
0.0716217 -3.90855
0.0716896 -3.9191
0.07175 -3.92905
0.07175 -3.92905
0.0718125 -3.93999
0.071875 -3.9516
0.0719375 -3.96392
0.072 -3.977
0.072 -3.977
0.0720595 -6.53818
0.0721253 -6.55056
0.0721982 -6.56426
0.0722789 -6.57944
0.0723683 -6.59624
0.0724672 -6.61484
0.0725767 -6.63543
0.072698 -6.65823
0.0728323 -6.68347
0.0729809 -6.71142
0.0731455 -6.74236
0.0733277 -6.77662
0.0735294 -6.81454
0.0737527 -6.85653
0.074 -2.70302
0.074 -2.70302
0.0742427 -2.72401
0.0744984 -2.74612
0.0747678 -2.76941
0.0750516 -2.79395
0.0753506 -2.8198
0.0756656 -2.84704
0.0759976 -2.87574
0.0763473 -2.90598
0.0767157 -2.93784
0.0771039 -2.9714
0.0775128 -3.00676
0.0779437 -3.04402
0.0783977 -3.08327
0.0788759 -3.12462
0.0793798 -3.16819
0.0799107 -3.2141
0.0804701 -3.26246
0.0810594 -3.31341
0.0816802 -3.3671
0.0823344 -3.42366
0.0830235 -3.48324
0.0837496 -3.54603
0.0845146 -3.61217
0.0853206 -3.68186
0.0861697 -3.75528
0.0870644 -3.83264
0.0880069 -3.91414
0.089 -4
0.089 0
0.0900551 0
0.0917786 0
0.0945935 0
0.0991911 0
0.106701 0
0.118966 0
0.139 0
