Valence Band Energy vs Depth
87 2 2
Depth
Valence Band Energy
0 -5.95662
0.0200101 -5.95662
0.0343543 -5.95662
0.0446368 -5.95662
0.0520079 -5.95662
0.0572917 -5.95662
0.0610795 -5.95662
0.0637947 -5.95662
0.0657411 -5.95662
0.0671363 -5.95662
0.0681365 -5.95662
0.0688535 -5.95662
0.0693675 -5.95662
0.0697359 -5.95662
0.07 -3.40662
0.07 -3.40662
0.0702481 -3.40694
0.0704686 -3.40775
0.0706647 -3.40891
0.0708389 -3.41028
0.0709938 -3.41179
0.0711315 -3.41335
0.0712539 -3.41493
0.0713627 -3.41648
0.0714594 -3.41798
0.0715453 -3.41942
0.0716217 -3.42078
0.0716896 -3.42205
0.07175 -3.42323
0.07175 -3.42323
0.0718125 -3.42453
0.071875 -3.42591
0.0719375 -3.42736
0.072 -3.42888
0.072 -3.42888
0.0720595 -5.97836
0.0721253 -5.97777
0.0721982 -5.97713
0.0722789 -5.97641
0.0723683 -5.97562
0.0724672 -5.97474
0.0725767 -5.97377
0.072698 -5.9727
0.0728323 -5.97151
0.0729809 -5.97019
0.0731455 -5.96873
0.0733277 -5.96711
0.0735294 -5.96533
0.0737527 -5.96335
0.074 -1.76115
0.074 -1.76115
0.0742427 -1.76016
0.0744984 -1.75912
0.0747678 -1.75802
0.0750516 -1.75687
0.0753506 -1.75565
0.0756656 -1.75436
0.0759976 -1.75301
0.0763473 -1.75158
0.0767157 -1.75008
0.0771039 -1.7485
0.0775128 -1.74683
0.0779437 -1.74508
0.0783977 -1.74322
0.0788759 -1.74128
0.0793798 -1.73922
0.0799107 -1.73706
0.0804701 -1.73478
0.0810594 -1.73237
0.0816802 -1.72984
0.0823344 -1.72718
0.0830235 -1.72437
0.0837496 -1.72141
0.0845146 -1.71829
0.0853206 -1.715
0.0861697 -1.71154
0.0870644 -1.70789
0.0880069 -1.70405
0.089 -1.7
0.089 0
0.0900551 0
0.0917786 0
0.0945935 0
0.0991911 0
0.106701 0
0.118966 0
0.139 0
