v ATLAS
# This file was created by ATLAS version 5.28.1.R on Sat Sep 12 16:18:36 2026.
#SSF 2.0 generic
##############################################################################
#                    Copyright (c) 1984 - 2019                               #
#                    Silvaco Inc. All rights reserved                        #
#                                                                            #
# This file format and the following Key are copyright Silvaco Inc.          #
# You may not use, this format or key without reproducing this message in    #
# full and obtaining express written permission from Silvaco Inc.            #
#                                                                            #
# To obtain such permission please contact: Silvaco Inc.                     #
#                                           support@silvaco.com              #
#                                                                            #
# KEY=SVC86hn7562asdx                       PROD=345                         #
##############################################################################
p 4 74 76 75 205
d  3.050000e+000 4.220933e-013 0.000000e+000 4.220933e-013
d  3.046023e+000 4.662116e-013 0.000000e+000 4.662116e-013
d  3.042047e+000 5.149413e-013 0.000000e+000 5.149413e-013
d  3.038070e+000 5.687644e-013 0.000000e+000 5.687644e-013
d  3.034094e+000 6.282132e-013 0.000000e+000 6.282132e-013
d  3.030117e+000 6.938757e-013 0.000000e+000 6.938757e-013
d  3.026141e+000 7.664015e-013 0.000000e+000 7.664015e-013
d  3.022164e+000 8.465078e-013 0.000000e+000 8.465078e-013
d  3.018188e+000 9.349871e-013 0.000000e+000 9.349871e-013
d  3.014211e+000 1.032714e-012 0.000000e+000 1.032714e-012
d  3.010235e+000 1.140657e-012 0.000000e+000 1.140657e-012
d  3.006258e+000 1.259881e-012 0.000000e+000 1.259881e-012
d  3.002282e+000 1.391567e-012 0.000000e+000 1.391567e-012
d  2.998305e+000 1.537018e-012 0.000000e+000 1.537018e-012
d  2.994329e+000 1.697671e-012 0.000000e+000 1.697671e-012
d  2.990352e+000 1.875116e-012 0.000000e+000 1.875116e-012
d  2.986375e+000 2.071108e-012 0.000000e+000 2.071108e-012
d  2.982399e+000 2.287586e-012 0.000000e+000 2.287586e-012
d  2.978422e+000 2.526691e-012 0.000000e+000 2.526691e-012
d  2.974446e+000 2.790787e-012 0.000000e+000 2.790787e-012
d  2.970469e+000 3.082488e-012 0.000000e+000 3.082488e-012
d  2.966493e+000 3.404678e-012 0.000000e+000 3.404678e-012
d  2.962516e+000 3.760544e-012 0.000000e+000 3.760544e-012
d  2.958540e+000 4.153606e-012 0.000000e+000 4.153606e-012
d  2.954563e+000 4.587752e-012 0.000000e+000 4.587752e-012
d  2.950587e+000 5.067277e-012 0.000000e+000 5.067277e-012
d  2.946610e+000 5.596922e-012 0.000000e+000 5.596922e-012
d  2.942634e+000 6.181928e-012 0.000000e+000 6.181928e-012
d  2.938657e+000 6.828079e-012 0.000000e+000 6.828079e-012
d  2.934681e+000 7.541769e-012 0.000000e+000 7.541769e-012
d  2.930704e+000 8.330055e-012 0.000000e+000 8.330055e-012
d  2.926728e+000 9.200735e-012 0.000000e+000 9.200735e-012
d  2.922751e+000 1.016242e-011 0.000000e+000 1.016242e-011
d  2.918774e+000 1.122462e-011 0.000000e+000 1.122462e-011
d  2.914798e+000 1.239785e-011 0.000000e+000 1.239785e-011
d  2.910821e+000 1.369371e-011 0.000000e+000 1.369371e-011
d  2.906845e+000 1.512501e-011 0.000000e+000 1.512501e-011
d  2.902868e+000 1.670592e-011 0.000000e+000 1.670592e-011
d  2.898892e+000 1.845207e-011 0.000000e+000 1.845207e-011
d  2.894915e+000 2.038073e-011 0.000000e+000 2.038073e-011
d  2.890939e+000 2.251098e-011 0.000000e+000 2.251098e-011
d  2.886962e+000 2.486388e-011 0.000000e+000 2.486388e-011
d  2.882986e+000 2.746272e-011 0.000000e+000 2.746272e-011
d  2.879009e+000 3.033320e-011 0.000000e+000 3.033320e-011
d  2.875033e+000 3.350371e-011 0.000000e+000 3.350371e-011
d  2.871056e+000 3.700561e-011 0.000000e+000 3.700561e-011
d  2.867080e+000 4.087354e-011 0.000000e+000 4.087354e-011
d  2.863103e+000 4.514575e-011 0.000000e+000 4.514575e-011
d  2.859126e+000 4.986450e-011 0.000000e+000 4.986450e-011
d  2.855150e+000 5.507648e-011 0.000000e+000 5.507648e-011
d  2.851173e+000 6.083322e-011 0.000000e+000 6.083322e-011
d  2.847197e+000 6.719167e-011 0.000000e+000 6.719167e-011
d  2.843220e+000 7.421473e-011 0.000000e+000 7.421473e-011
d  2.839244e+000 8.197185e-011 0.000000e+000 8.197185e-011
d  2.835267e+000 9.053977e-011 0.000000e+000 9.053977e-011
d  2.831291e+000 1.000032e-010 0.000000e+000 1.000032e-010
d  2.827314e+000 1.104558e-010 0.000000e+000 1.104558e-010
d  2.823338e+000 1.220010e-010 0.000000e+000 1.220010e-010
d  2.819361e+000 1.347529e-010 0.000000e+000 1.347529e-010
d  2.815385e+000 1.488376e-010 0.000000e+000 1.488376e-010
d  2.811408e+000 1.643945e-010 0.000000e+000 1.643945e-010
d  2.807432e+000 1.815774e-010 0.000000e+000 1.815774e-010
d  2.803455e+000 2.005564e-010 0.000000e+000 2.005564e-010
d  2.799478e+000 2.215191e-010 0.000000e+000 2.215191e-010
d  2.795502e+000 2.446729e-010 0.000000e+000 2.446729e-010
d  2.791525e+000 2.702468e-010 0.000000e+000 2.702468e-010
d  2.787549e+000 2.984937e-010 0.000000e+000 2.984937e-010
d  2.783572e+000 3.296931e-010 0.000000e+000 3.296931e-010
d  2.779596e+000 3.641535e-010 0.000000e+000 3.641535e-010
d  2.775619e+000 4.022158e-010 0.000000e+000 4.022158e-010
d  2.771643e+000 4.442564e-010 0.000000e+000 4.442564e-010
d  2.767666e+000 4.906913e-010 0.000000e+000 4.906913e-010
d  2.763690e+000 5.419797e-010 0.000000e+000 5.419797e-010
d  2.759713e+000 5.986289e-010 0.000000e+000 5.986289e-010
d  2.755737e+000 6.611992e-010 0.000000e+000 6.611992e-010
d  2.751760e+000 7.303095e-010 0.000000e+000 7.303095e-010
d  2.747784e+000 8.066435e-010 0.000000e+000 8.066435e-010
d  2.743807e+000 8.909560e-010 0.000000e+000 8.909560e-010
d  2.739831e+000 9.840811e-010 0.000000e+000 9.840811e-010
d  2.735854e+000 1.086940e-009 0.000000e+000 1.086940e-009
d  2.731877e+000 1.200550e-009 0.000000e+000 1.200550e-009
d  2.727901e+000 1.326035e-009 0.000000e+000 1.326035e-009
d  2.723924e+000 1.464635e-009 0.000000e+000 1.464635e-009
d  2.719948e+000 1.617723e-009 0.000000e+000 1.617723e-009
d  2.715971e+000 1.786812e-009 0.000000e+000 1.786812e-009
d  2.711995e+000 1.973574e-009 0.000000e+000 1.973574e-009
d  2.708018e+000 2.179857e-009 0.000000e+000 2.179857e-009
d  2.704042e+000 2.407702e-009 0.000000e+000 2.407702e-009
d  2.700065e+000 2.659362e-009 0.000000e+000 2.659362e-009
d  2.696089e+000 2.937325e-009 0.000000e+000 2.937325e-009
d  2.692112e+000 3.244342e-009 0.000000e+000 3.244342e-009
d  2.688136e+000 3.583450e-009 0.000000e+000 3.583450e-009
d  2.684159e+000 3.958002e-009 0.000000e+000 3.958002e-009
d  2.680183e+000 4.371703e-009 0.000000e+000 4.371703e-009
d  2.676206e+000 4.828645e-009 0.000000e+000 4.828645e-009
d  2.672229e+000 5.333348e-009 0.000000e+000 5.333348e-009
d  2.668253e+000 5.890804e-009 0.000000e+000 5.890804e-009
d  2.664276e+000 6.506526e-009 0.000000e+000 6.506526e-009
d  2.660300e+000 7.186606e-009 0.000000e+000 7.186606e-009
d  2.656323e+000 7.937770e-009 0.000000e+000 7.937770e-009
d  2.652347e+000 8.767447e-009 0.000000e+000 8.767447e-009
d  2.648370e+000 9.683844e-009 0.000000e+000 9.683844e-009
d  2.644394e+000 1.069603e-008 0.000000e+000 1.069603e-008
d  2.640417e+000 1.181400e-008 0.000000e+000 1.181400e-008
d  2.636441e+000 1.304883e-008 0.000000e+000 1.304883e-008
d  2.632464e+000 1.441273e-008 0.000000e+000 1.441273e-008
d  2.628488e+000 1.591919e-008 0.000000e+000 1.591919e-008
d  2.624511e+000 1.758311e-008 0.000000e+000 1.758311e-008
d  2.620535e+000 1.942094e-008 0.000000e+000 1.942094e-008
d  2.616558e+000 2.145087e-008 0.000000e+000 2.145087e-008
d  2.612581e+000 2.369298e-008 0.000000e+000 2.369298e-008
d  2.608605e+000 2.616943e-008 0.000000e+000 2.616943e-008
d  2.604628e+000 2.890473e-008 0.000000e+000 2.890473e-008
d  2.600652e+000 3.192593e-008 0.000000e+000 3.192593e-008
d  2.596675e+000 3.526291e-008 0.000000e+000 3.526291e-008
d  2.592699e+000 3.894869e-008 0.000000e+000 3.894869e-008
d  2.588722e+000 4.301971e-008 0.000000e+000 4.301971e-008
d  2.584746e+000 4.751625e-008 0.000000e+000 4.751625e-008
d  2.580769e+000 5.248277e-008 0.000000e+000 5.248277e-008
d  2.576793e+000 5.796842e-008 0.000000e+000 5.796842e-008
d  2.572816e+000 6.402743e-008 0.000000e+000 6.402743e-008
d  2.568840e+000 7.071975e-008 0.000000e+000 7.071975e-008
d  2.564863e+000 7.811157e-008 0.000000e+000 7.811157e-008
d  2.560887e+000 8.627600e-008 0.000000e+000 8.627600e-008
d  2.556910e+000 9.529381e-008 0.000000e+000 9.529381e-008
d  2.552934e+000 1.052542e-007 0.000000e+000 1.052542e-007
d  2.548957e+000 1.162556e-007 0.000000e+000 1.162556e-007
d  2.544980e+000 1.284070e-007 0.000000e+000 1.284070e-007
d  2.541004e+000 1.418284e-007 0.000000e+000 1.418284e-007
d  2.537027e+000 1.566527e-007 0.000000e+000 1.566527e-007
d  2.533051e+000 1.730265e-007 0.000000e+000 1.730265e-007
d  2.529074e+000 1.911117e-007 0.000000e+000 1.911117e-007
d  2.525098e+000 2.110872e-007 0.000000e+000 2.110872e-007
d  2.521121e+000 2.331506e-007 0.000000e+000 2.331506e-007
d  2.517145e+000 2.575201e-007 0.000000e+000 2.575201e-007
d  2.513168e+000 2.844368e-007 0.000000e+000 2.844368e-007
d  2.509192e+000 3.141669e-007 0.000000e+000 3.141669e-007
d  2.505215e+000 3.470045e-007 0.000000e+000 3.470045e-007
d  2.501239e+000 3.832743e-007 0.000000e+000 3.832743e-007
d  2.497262e+000 4.233352e-007 0.000000e+000 4.233352e-007
d  2.493286e+000 4.675833e-007 0.000000e+000 4.675833e-007
d  2.489309e+000 5.164564e-007 0.000000e+000 5.164564e-007
d  2.485332e+000 5.704378e-007 0.000000e+000 5.704378e-007
d  2.481356e+000 6.300615e-007 0.000000e+000 6.300615e-007
d  2.477379e+000 6.959173e-007 0.000000e+000 6.959173e-007
d  2.473403e+000 7.686564e-007 0.000000e+000 7.686564e-007
d  2.469426e+000 8.489985e-007 0.000000e+000 8.489985e-007
d  2.465450e+000 9.377381e-007 0.000000e+000 9.377381e-007
d  2.461473e+000 1.035753e-006 0.000000e+000 1.035753e-006
d  2.457497e+000 1.144013e-006 0.000000e+000 1.144013e-006
d  2.453520e+000 1.263588e-006 0.000000e+000 1.263588e-006
d  2.449544e+000 1.395662e-006 0.000000e+000 1.395662e-006
d  2.445567e+000 1.541540e-006 0.000000e+000 1.541540e-006
d  2.441591e+000 1.702666e-006 0.000000e+000 1.702666e-006
d  2.437614e+000 1.880633e-006 0.000000e+000 1.880633e-006
d  2.433638e+000 2.077202e-006 0.000000e+000 2.077202e-006
d  2.429661e+000 2.294317e-006 0.000000e+000 2.294317e-006
d  2.425684e+000 2.534125e-006 0.000000e+000 2.534125e-006
d  2.421708e+000 2.798999e-006 0.000000e+000 2.798999e-006
d  2.417731e+000 3.091557e-006 0.000000e+000 3.091557e-006
d  2.413755e+000 3.414695e-006 0.000000e+000 3.414695e-006
d  2.409778e+000 3.771609e-006 0.000000e+000 3.771609e-006
d  2.405802e+000 4.165827e-006 0.000000e+000 4.165827e-006
d  2.401825e+000 4.601251e-006 0.000000e+000 4.601251e-006
d  2.397849e+000 5.082186e-006 0.000000e+000 5.082186e-006
d  2.393872e+000 5.613390e-006 0.000000e+000 5.613390e-006
d  2.389896e+000 6.200116e-006 0.000000e+000 6.200116e-006
d  2.385919e+000 6.848169e-006 0.000000e+000 6.848169e-006
d  2.381943e+000 7.563959e-006 0.000000e+000 7.563959e-006
d  2.377966e+000 8.354564e-006 0.000000e+000 8.354564e-006
d  2.373990e+000 9.227806e-006 0.000000e+000 9.227806e-006
d  2.370013e+000 1.019232e-005 0.000000e+000 1.019232e-005
d  2.366037e+000 1.125765e-005 0.000000e+000 1.125765e-005
d  2.362060e+000 1.243433e-005 0.000000e+000 1.243433e-005
d  2.358083e+000 1.373400e-005 0.000000e+000 1.373400e-005
d  2.354107e+000 1.516951e-005 0.000000e+000 1.516951e-005
d  2.350130e+000 1.675507e-005 0.000000e+000 1.675507e-005
d  2.346154e+000 1.850636e-005 0.000000e+000 1.850636e-005
d  2.342177e+000 2.044069e-005 0.000000e+000 2.044069e-005
d  2.338201e+000 2.257721e-005 0.000000e+000 2.257721e-005
d  2.334224e+000 2.493704e-005 0.000000e+000 2.493704e-005
d  2.330248e+000 2.754353e-005 0.000000e+000 2.754353e-005
d  2.326271e+000 3.042245e-005 0.000000e+000 3.042245e-005
d  2.322295e+000 3.360229e-005 0.000000e+000 3.360229e-005
d  2.318318e+000 3.711449e-005 0.000000e+000 3.711449e-005
d  2.314342e+000 4.099380e-005 0.000000e+000 4.099380e-005
d  2.310365e+000 4.527858e-005 0.000000e+000 4.527858e-005
d  2.306389e+000 5.001122e-005 0.000000e+000 5.001122e-005
d  2.302412e+000 5.523853e-005 0.000000e+000 5.523853e-005
d  2.298435e+000 6.101221e-005 0.000000e+000 6.101221e-005
d  2.294459e+000 6.738937e-005 0.000000e+000 6.738937e-005
d  2.290482e+000 7.443309e-005 0.000000e+000 7.443309e-005
d  2.286506e+000 8.221303e-005 0.000000e+000 8.221303e-005
d  2.282529e+000 9.080616e-005 0.000000e+000 9.080616e-005
d  2.278553e+000 1.002975e-004 0.000000e+000 1.002975e-004
d  2.274576e+000 1.107808e-004 0.000000e+000 1.107808e-004
d  2.270600e+000 1.223599e-004 0.000000e+000 1.223599e-004
d  2.266623e+000 1.351493e-004 0.000000e+000 1.351493e-004
d  2.262647e+000 1.492755e-004 0.000000e+000 1.492755e-004
d  2.258670e+000 1.648782e-004 0.000000e+000 1.648782e-004
d  2.254694e+000 1.821117e-004 0.000000e+000 1.821117e-004
d  2.250717e+000 2.011465e-004 0.000000e+000 2.011465e-004
d  2.246741e+000 2.221709e-004 0.000000e+000 2.221709e-004
d  2.242764e+000 2.453928e-004 0.000000e+000 2.453928e-004
d  2.238787e+000 2.710419e-004 0.000000e+000 2.710419e-004
d  2.234811e+000 2.993719e-004 0.000000e+000 2.993719e-004
d  2.230834e+000 3.306631e-004 0.000000e+000 3.306631e-004
d  2.226858e+000 3.652249e-004 0.000000e+000 3.652249e-004
d  2.222881e+000 4.033992e-004 0.000000e+000 4.033992e-004
d  2.218905e+000 4.455636e-004 0.000000e+000 4.455636e-004
d  2.214928e+000 4.921351e-004 0.000000e+000 4.921351e-004
d  2.210952e+000 5.435744e-004 0.000000e+000 5.435744e-004
d  2.206975e+000 6.003902e-004 0.000000e+000 6.003902e-004
d  2.202999e+000 6.631446e-004 0.000000e+000 6.631446e-004
d  2.199022e+000 7.324583e-004 0.000000e+000 7.324583e-004
d  2.195046e+000 8.090168e-004 0.000000e+000 8.090168e-004
d  2.191069e+000 8.935774e-004 0.000000e+000 8.935774e-004
d  2.187093e+000 9.869766e-004 0.000000e+000 9.869766e-004
d  2.183116e+000 1.090138e-003 0.000000e+000 1.090138e-003
d  2.179140e+000 1.204082e-003 0.000000e+000 1.204082e-003
d  2.175163e+000 1.329936e-003 0.000000e+000 1.329936e-003
d  2.171186e+000 1.468945e-003 0.000000e+000 1.468945e-003
d  2.167210e+000 1.622483e-003 0.000000e+000 1.622483e-003
d  2.163233e+000 1.792069e-003 0.000000e+000 1.792069e-003
d  2.159257e+000 1.979381e-003 0.000000e+000 1.979381e-003
d  2.155280e+000 2.186271e-003 0.000000e+000 2.186271e-003
d  2.151304e+000 2.414786e-003 0.000000e+000 2.414786e-003
d  2.147327e+000 2.667186e-003 0.000000e+000 2.667186e-003
d  2.143351e+000 2.945968e-003 0.000000e+000 2.945968e-003
d  2.139374e+000 3.253888e-003 0.000000e+000 3.253888e-003
d  2.135398e+000 3.593993e-003 0.000000e+000 3.593993e-003
d  2.131421e+000 3.969647e-003 0.000000e+000 3.969647e-003
d  2.127445e+000 4.384565e-003 0.000000e+000 4.384565e-003
d  2.123468e+000 4.842852e-003 0.000000e+000 4.842852e-003
d  2.119492e+000 5.349040e-003 0.000000e+000 5.349040e-003
d  2.115515e+000 5.908136e-003 0.000000e+000 5.908136e-003
d  2.111538e+000 6.525670e-003 0.000000e+000 6.525670e-003
d  2.107562e+000 7.207751e-003 0.000000e+000 7.207751e-003
d  2.103585e+000 7.961125e-003 0.000000e+000 7.961125e-003
d  2.099609e+000 8.793243e-003 0.000000e+000 8.793243e-003
d  2.095632e+000 9.712337e-003 0.000000e+000 9.712337e-003
d  2.091656e+000 1.072750e-002 0.000000e+000 1.072750e-002
d  2.087679e+000 1.184876e-002 0.000000e+000 1.184876e-002
d  2.083703e+000 1.308723e-002 0.000000e+000 1.308723e-002
d  2.079726e+000 1.445514e-002 0.000000e+000 1.445514e-002
d  2.075750e+000 1.596603e-002 0.000000e+000 1.596603e-002
d  2.071773e+000 1.763484e-002 0.000000e+000 1.763484e-002
d  2.067797e+000 1.947808e-002 0.000000e+000 1.947808e-002
d  2.063820e+000 2.151399e-002 0.000000e+000 2.151399e-002
d  2.059844e+000 2.376269e-002 0.000000e+000 2.376269e-002
d  2.055867e+000 2.624643e-002 0.000000e+000 2.624643e-002
d  2.051890e+000 2.898977e-002 0.000000e+000 2.898977e-002
d  2.047914e+000 3.201986e-002 0.000000e+000 3.201986e-002
d  2.043937e+000 3.536667e-002 0.000000e+000 3.536667e-002
d  2.039961e+000 3.906329e-002 0.000000e+000 3.906329e-002
d  2.035984e+000 4.314629e-002 0.000000e+000 4.314629e-002
d  2.032008e+000 4.765605e-002 0.000000e+000 4.765605e-002
d  2.028031e+000 5.263719e-002 0.000000e+000 5.263719e-002
d  2.024055e+000 5.813897e-002 0.000000e+000 5.813897e-002
d  2.020078e+000 6.421582e-002 0.000000e+000 6.421582e-002
d  2.016102e+000 7.092783e-002 0.000000e+000 7.092783e-002
d  2.012125e+000 7.834140e-002 0.000000e+000 7.834140e-002
d  2.008149e+000 8.652985e-002 0.000000e+000 8.652985e-002
d  2.004172e+000 9.557419e-002 0.000000e+000 9.557419e-002
d  2.000196e+000 1.055639e-001 0.000000e+000 1.055639e-001
d  1.996219e+000 1.165977e-001 0.000000e+000 1.165977e-001
d  1.992243e+000 1.287848e-001 0.000000e+000 1.287848e-001
d  1.988266e+000 1.422457e-001 0.000000e+000 1.422457e-001
d  1.984289e+000 1.571136e-001 0.000000e+000 1.571136e-001
d  1.980313e+000 1.735356e-001 0.000000e+000 1.735356e-001
d  1.976336e+000 1.916740e-001 0.000000e+000 1.916740e-001
d  1.972360e+000 2.117082e-001 0.000000e+000 2.117082e-001
d  1.968383e+000 2.338366e-001 0.000000e+000 2.338366e-001
d  1.964407e+000 2.582778e-001 0.000000e+000 2.582778e-001
d  1.960430e+000 2.852737e-001 0.000000e+000 2.852737e-001
d  1.956454e+000 3.150913e-001 0.000000e+000 3.150913e-001
d  1.952477e+000 3.480255e-001 0.000000e+000 3.480255e-001
d  1.948501e+000 3.844020e-001 0.000000e+000 3.844020e-001
d  1.944524e+000 4.245808e-001 0.000000e+000 4.245808e-001
d  1.940548e+000 4.689591e-001 0.000000e+000 4.689591e-001
d  1.936571e+000 5.179760e-001 0.000000e+000 5.179760e-001
d  1.932595e+000 5.721162e-001 0.000000e+000 5.721162e-001
d  1.928618e+000 6.319153e-001 0.000000e+000 6.319153e-001
d  1.924641e+000 6.979648e-001 0.000000e+000 6.979648e-001
d  1.920665e+000 7.709180e-001 0.000000e+000 7.709180e-001
d  1.916688e+000 8.514964e-001 0.000000e+000 8.514964e-001
d  1.912712e+000 9.404972e-001 0.000000e+000 9.404972e-001
d  1.908735e+000 1.038800e+000 0.000000e+000 1.038800e+000
d  1.904759e+000 1.147379e+000 0.000000e+000 1.147379e+000
d  1.900782e+000 1.267306e+000 0.000000e+000 1.267306e+000
d  1.896806e+000 1.399768e+000 0.000000e+000 1.399768e+000
d  1.892829e+000 1.546076e+000 0.000000e+000 1.546076e+000
d  1.888853e+000 1.707676e+000 0.000000e+000 1.707676e+000
d  1.884876e+000 1.886166e+000 0.000000e+000 1.886166e+000
d  1.880900e+000 2.083314e+000 0.000000e+000 2.083314e+000
d  1.876923e+000 2.301067e+000 0.000000e+000 2.301067e+000
d  1.872947e+000 2.541581e+000 0.000000e+000 2.541581e+000
d  1.868970e+000 2.807234e+000 0.000000e+000 2.807234e+000
d  1.864993e+000 3.100654e+000 0.000000e+000 3.100654e+000
d  1.861017e+000 3.424742e+000 0.000000e+000 3.424742e+000
d  1.857040e+000 3.782706e+000 0.000000e+000 3.782706e+000
d  1.853064e+000 4.178084e+000 0.000000e+000 4.178084e+000
d  1.849087e+000 4.614789e+000 0.000000e+000 4.614789e+000
d  1.845111e+000 5.097139e+000 0.000000e+000 5.097139e+000
d  1.841134e+000 5.629906e+000 0.000000e+000 5.629906e+000
d  1.837158e+000 6.218359e+000 0.000000e+000 6.218359e+000
d  1.833181e+000 6.868318e+000 0.000000e+000 6.868318e+000
d  1.829205e+000 7.586214e+000 0.000000e+000 7.586214e+000
d  1.825228e+000 8.379145e+000 0.000000e+000 8.379145e+000
d  1.821252e+000 9.254956e+000 0.000000e+000 9.254956e+000
d  1.817275e+000 1.022231e+001 0.000000e+000 1.022231e+001
d  1.813299e+000 1.129077e+001 0.000000e+000 1.129077e+001
d  1.809322e+000 1.247091e+001 0.000000e+000 1.247091e+001
d  1.805346e+000 1.377441e+001 0.000000e+000 1.377441e+001
d  1.801369e+000 1.521415e+001 0.000000e+000 1.521415e+001
d  1.797392e+000 1.680437e+001 0.000000e+000 1.680437e+001
d  1.793416e+000 1.856081e+001 0.000000e+000 1.856081e+001
d  1.789439e+000 2.050083e+001 0.000000e+000 2.050083e+001
d  1.785463e+000 2.264364e+001 0.000000e+000 2.264364e+001
d  1.781486e+000 2.501041e+001 0.000000e+000 2.501041e+001
d  1.777510e+000 2.762457e+001 0.000000e+000 2.762457e+001
d  1.773533e+000 3.051196e+001 0.000000e+000 3.051196e+001
d  1.769557e+000 3.370115e+001 0.000000e+000 3.370115e+001
d  1.765580e+000 3.722369e+001 0.000000e+000 3.722369e+001
d  1.761604e+000 4.111441e+001 0.000000e+000 4.111441e+001
d  1.757627e+000 4.541180e+001 0.000000e+000 4.541180e+001
d  1.753651e+000 5.015836e+001 0.000000e+000 5.015836e+001
d  1.749674e+000 5.540105e+001 0.000000e+000 5.540105e+001
d  1.745698e+000 6.119172e+001 0.000000e+000 6.119172e+001
d  1.741721e+000 6.758764e+001 0.000000e+000 6.758764e+001
d  1.737744e+000 7.465209e+001 0.000000e+000 7.465209e+001
d  1.733768e+000 8.245492e+001 0.000000e+000 8.245492e+001
d  1.729791e+000 9.107334e+001 0.000000e+000 9.107334e+001
d  1.725815e+000 1.005926e+002 0.000000e+000 1.005926e+002
d  1.721838e+000 1.111068e+002 0.000000e+000 1.111068e+002
d  1.717862e+000 1.227200e+002 0.000000e+000 1.227200e+002
d  1.713885e+000 1.355470e+002 0.000000e+000 1.355470e+002
d  1.709909e+000 1.497147e+002 0.000000e+000 1.497147e+002
d  1.705932e+000 1.653633e+002 0.000000e+000 1.653633e+002
d  1.701956e+000 1.826475e+002 0.000000e+000 1.826475e+002
d  1.697979e+000 2.017383e+002 0.000000e+000 2.017383e+002
d  1.694003e+000 2.228246e+002 0.000000e+000 2.228246e+002
d  1.690026e+000 2.461148e+002 0.000000e+000 2.461148e+002
d  1.686050e+000 2.718394e+002 0.000000e+000 2.718394e+002
d  1.682073e+000 3.002528e+002 0.000000e+000 3.002528e+002
d  1.678096e+000 3.316360e+002 0.000000e+000 3.316360e+002
d  1.674120e+000 3.662995e+002 0.000000e+000 3.662995e+002
d  1.670143e+000 4.045861e+002 0.000000e+000 4.045861e+002
d  1.666167e+000 4.468745e+002 0.000000e+000 4.468745e+002
d  1.662190e+000 4.935831e+002 0.000000e+000 4.935831e+002
d  1.658214e+000 5.451737e+002 0.000000e+000 5.451737e+002
d  1.654237e+000 6.021567e+002 0.000000e+000 6.021567e+002
d  1.650261e+000 6.650958e+002 0.000000e+000 6.650958e+002
d  1.646284e+000 7.346134e+002 0.000000e+000 7.346134e+002
d  1.642308e+000 8.113972e+002 0.000000e+000 8.113972e+002
d  1.638331e+000 8.962066e+002 0.000000e+000 8.962066e+002
d  1.634355e+000 9.898805e+002 0.000000e+000 9.898805e+002
d  1.630378e+000 1.093345e+003 0.000000e+000 1.093345e+003
d  1.626402e+000 1.207625e+003 0.000000e+000 1.207625e+003
d  1.622425e+000 1.333849e+003 0.000000e+000 1.333849e+003
d  1.618449e+000 1.473267e+003 0.000000e+000 1.473267e+003
d  1.614472e+000 1.627256e+003 0.000000e+000 1.627256e+003
d  1.610495e+000 1.797342e+003 0.000000e+000 1.797342e+003
d  1.606519e+000 1.985205e+003 0.000000e+000 1.985205e+003
d  1.602542e+000 2.192704e+003 0.000000e+000 2.192704e+003
d  1.598566e+000 2.421891e+003 0.000000e+000 2.421891e+003
d  1.594589e+000 2.675034e+003 0.000000e+000 2.675034e+003
d  1.590613e+000 2.954635e+003 0.000000e+000 2.954635e+003
d  1.586636e+000 3.263462e+003 0.000000e+000 3.263462e+003
d  1.582660e+000 3.604568e+003 0.000000e+000 3.604568e+003
d  1.578683e+000 3.981327e+003 0.000000e+000 3.981327e+003
d  1.574707e+000 4.397466e+003 0.000000e+000 4.397466e+003
d  1.570730e+000 4.857101e+003 0.000000e+000 4.857101e+003
d  1.566754e+000 5.364778e+003 0.000000e+000 5.364778e+003
d  1.562777e+000 5.925519e+003 0.000000e+000 5.925519e+003
d  1.558801e+000 6.544871e+003 0.000000e+000 6.544871e+003
d  1.554824e+000 7.228958e+003 0.000000e+000 7.228958e+003
d  1.550847e+000 7.984548e+003 0.000000e+000 7.984548e+003
d  1.546871e+000 8.819115e+003 0.000000e+000 8.819115e+003
d  1.542894e+000 9.740913e+003 0.000000e+000 9.740913e+003
d  1.538918e+000 1.075906e+004 0.000000e+000 1.075906e+004
d  1.534941e+000 1.188363e+004 0.000000e+000 1.188363e+004
d  1.530965e+000 1.312573e+004 0.000000e+000 1.312573e+004
d  1.526988e+000 1.449767e+004 0.000000e+000 1.449767e+004
d  1.523012e+000 1.601301e+004 0.000000e+000 1.601301e+004
d  1.519035e+000 1.768673e+004 0.000000e+000 1.768673e+004
d  1.515059e+000 1.953539e+004 0.000000e+000 1.953539e+004
d  1.511082e+000 2.157729e+004 0.000000e+000 2.157729e+004
d  1.507106e+000 2.383260e+004 0.000000e+000 2.383260e+004
d  1.503129e+000 2.632365e+004 0.000000e+000 2.632365e+004
d  1.499153e+000 2.907507e+004 0.000000e+000 2.907507e+004
d  1.495176e+000 3.211408e+004 0.000000e+000 3.211408e+004
d  1.491199e+000 3.547073e+004 0.000000e+000 3.547073e+004
d  1.487223e+000 3.917822e+004 0.000000e+000 3.917822e+004
d  1.483246e+000 4.327323e+004 0.000000e+000 4.327323e+004
d  1.479270e+000 4.779627e+004 0.000000e+000 4.779627e+004
d  1.475293e+000 5.279207e+004 0.000000e+000 5.279207e+004
d  1.471317e+000 5.831003e+004 0.000000e+000 5.831003e+004
d  1.467340e+000 6.440476e+004 0.000000e+000 6.440476e+004
d  1.463364e+000 7.113652e+004 0.000000e+000 7.113652e+004
d  1.459387e+000 7.857190e+004 0.000000e+000 7.857190e+004
d  1.455411e+000 8.678444e+004 0.000000e+000 8.678444e+004
d  1.451434e+000 9.585539e+004 0.000000e+000 9.585539e+004
d  1.447458e+000 1.058745e+005 0.000000e+000 1.058745e+005
d  1.443481e+000 1.169407e+005 0.000000e+000 1.169407e+005
d  1.439505e+000 1.291637e+005 0.000000e+000 1.291637e+005
d  1.435528e+000 1.426642e+005 0.000000e+000 1.426642e+005
d  1.431551e+000 1.575759e+005 0.000000e+000 1.575759e+005
d  1.427575e+000 1.740461e+005 0.000000e+000 1.740461e+005
d  1.423598e+000 1.922379e+005 0.000000e+000 1.922379e+005
d  1.419622e+000 2.123312e+005 0.000000e+000 2.123312e+005
d  1.415645e+000 2.345246e+005 0.000000e+000 2.345246e+005
d  1.411669e+000 2.590377e+005 0.000000e+000 2.590377e+005
d  1.407692e+000 2.861130e+005 0.000000e+000 2.861130e+005
d  1.403716e+000 3.160183e+005 0.000000e+000 3.160183e+005
d  1.399739e+000 3.490494e+005 0.000000e+000 3.490494e+005
d  1.395763e+000 3.855330e+005 0.000000e+000 3.855330e+005
d  1.391786e+000 4.258300e+005 0.000000e+000 4.258300e+005
d  1.387810e+000 4.703389e+005 0.000000e+000 4.703389e+005
d  1.383833e+000 5.195000e+005 0.000000e+000 5.195000e+005
d  1.379857e+000 5.737995e+005 0.000000e+000 5.737995e+005
d  1.375880e+000 6.337746e+005 0.000000e+000 6.337746e+005
d  1.371904e+000 7.000184e+005 0.000000e+000 7.000184e+005
d  1.367927e+000 7.731863e+005 0.000000e+000 7.731863e+005
d  1.363950e+000 8.540018e+005 0.000000e+000 8.540018e+005
d  1.359974e+000 9.432643e+005 0.000000e+000 9.432643e+005
d  1.355997e+000 1.041857e+006 0.000000e+000 1.041857e+006
d  1.352021e+000 1.150755e+006 0.000000e+000 1.150755e+006
d  1.348044e+000 1.271035e+006 0.000000e+000 1.271035e+006
d  1.344068e+000 1.403887e+006 0.000000e+000 1.403887e+006
d  1.340091e+000 1.550625e+006 0.000000e+000 1.550625e+006
d  1.336115e+000 1.712700e+006 0.000000e+000 1.712700e+006
d  1.332138e+000 1.891716e+006 0.000000e+000 1.891716e+006
d  1.328162e+000 2.089443e+006 0.000000e+000 2.089443e+006
d  1.324185e+000 2.307838e+006 0.000000e+000 2.307838e+006
d  1.320209e+000 2.549059e+006 0.000000e+000 2.549059e+006
d  1.316232e+000 2.815494e+006 0.000000e+000 2.815494e+006
d  1.312256e+000 3.109777e+006 0.000000e+000 3.109777e+006
d  1.308279e+000 3.434819e+006 0.000000e+000 3.434819e+006
d  1.304302e+000 3.793835e+006 0.000000e+000 3.793835e+006
d  1.300326e+000 4.190377e+006 0.000000e+000 4.190377e+006
d  1.296349e+000 4.628367e+006 0.000000e+000 4.628367e+006
d  1.292373e+000 5.112136e+006 0.000000e+000 5.112136e+006
d  1.288396e+000 5.646470e+006 0.000000e+000 5.646470e+006
d  1.284420e+000 6.236655e+006 0.000000e+000 6.236655e+006
d  1.280443e+000 6.888527e+006 0.000000e+000 6.888527e+006
d  1.276467e+000 7.608534e+006 0.000000e+000 7.608534e+006
d  1.272490e+000 8.403799e+006 0.000000e+000 8.403799e+006
d  1.268514e+000 9.282187e+006 0.000000e+000 9.282187e+006
d  1.264537e+000 1.025239e+007 0.000000e+000 1.025239e+007
d  1.260561e+000 1.132399e+007 0.000000e+000 1.132399e+007
d  1.256584e+000 1.250761e+007 0.000000e+000 1.250761e+007
d  1.252608e+000 1.381494e+007 0.000000e+000 1.381494e+007
d  1.248631e+000 1.525891e+007 0.000000e+000 1.525891e+007
d  1.244654e+000 1.685381e+007 0.000000e+000 1.685381e+007
d  1.240678e+000 1.861542e+007 0.000000e+000 1.861542e+007
d  1.236701e+000 2.056115e+007 0.000000e+000 2.056115e+007
d  1.232725e+000 2.271026e+007 0.000000e+000 2.271026e+007
d  1.228748e+000 2.508400e+007 0.000000e+000 2.508400e+007
d  1.224772e+000 2.770585e+007 0.000000e+000 2.770585e+007
d  1.220795e+000 3.060174e+007 0.000000e+000 3.060174e+007
d  1.216819e+000 3.380031e+007 0.000000e+000 3.380031e+007
d  1.212842e+000 3.733321e+007 0.000000e+000 3.733321e+007
d  1.208866e+000 4.123538e+007 0.000000e+000 4.123538e+007
d  1.204889e+000 4.554541e+007 0.000000e+000 4.554541e+007
d  1.200913e+000 5.030594e+007 0.000000e+000 5.030594e+007
d  1.196936e+000 5.556406e+007 0.000000e+000 5.556406e+007
d  1.192960e+000 6.137176e+007 0.000000e+000 6.137176e+007
d  1.188983e+000 6.778650e+007 0.000000e+000 6.778650e+007
d  1.185007e+000 7.487173e+007 0.000000e+000 7.487173e+007
d  1.181030e+000 8.269753e+007 0.000000e+000 8.269753e+007
d  1.177053e+000 9.134130e+007 0.000000e+000 9.134130e+007
d  1.173077e+000 1.008885e+008 0.000000e+000 1.008885e+008
d  1.169100e+000 1.114337e+008 0.000000e+000 1.114337e+008
d  1.165124e+000 1.230810e+008 0.000000e+000 1.230810e+008
d  1.161147e+000 1.359458e+008 0.000000e+000 1.359458e+008
d  1.157171e+000 1.501552e+008 0.000000e+000 1.501552e+008
d  1.153194e+000 1.658498e+008 0.000000e+000 1.658498e+008
d  1.149218e+000 1.831849e+008 0.000000e+000 1.831849e+008
d  1.145241e+000 2.023319e+008 0.000000e+000 2.023319e+008
d  1.141265e+000 2.234802e+008 0.000000e+000 2.234802e+008
d  1.137288e+000 2.468389e+008 0.000000e+000 2.468389e+008
d  1.133312e+000 2.726392e+008 0.000000e+000 2.726392e+008
d  1.129335e+000 3.011362e+008 0.000000e+000 3.011362e+008
d  1.125359e+000 3.326118e+008 0.000000e+000 3.326118e+008
d  1.121382e+000 3.673772e+008 0.000000e+000 3.673772e+008
d  1.117405e+000 4.057765e+008 0.000000e+000 4.057765e+008
d  1.113429e+000 4.481893e+008 0.000000e+000 4.481893e+008
d  1.109452e+000 4.950353e+008 0.000000e+000 4.950353e+008
d  1.105476e+000 5.467777e+008 0.000000e+000 5.467777e+008
d  1.101499e+000 6.039284e+008 0.000000e+000 6.039284e+008
d  1.097523e+000 6.670527e+008 0.000000e+000 6.670527e+008
d  1.093546e+000 7.367748e+008 0.000000e+000 7.367748e+008
d  1.089570e+000 8.137845e+008 0.000000e+000 8.137845e+008
d  1.085593e+000 8.988435e+008 0.000000e+000 8.988435e+008
d  1.081617e+000 9.927930e+008 0.000000e+000 9.927930e+008
d  1.077640e+000 1.096562e+009 0.000000e+000 1.096562e+009
d  1.073664e+000 1.211178e+009 0.000000e+000 1.211178e+009
d  1.069687e+000 1.337774e+009 0.000000e+000 1.337774e+009
d  1.065711e+000 1.477601e+009 0.000000e+000 1.477601e+009
d  1.061734e+000 1.632044e+009 0.000000e+000 1.632044e+009
d  1.057757e+000 1.802630e+009 0.000000e+000 1.802630e+009
d  1.053781e+000 1.991046e+009 0.000000e+000 1.991046e+009
d  1.049804e+000 2.199155e+009 0.000000e+000 2.199155e+009
d  1.045828e+000 2.429017e+009 0.000000e+000 2.429017e+009
d  1.041851e+000 2.682904e+009 0.000000e+000 2.682904e+009
d  1.037875e+000 2.963329e+009 0.000000e+000 2.963329e+009
d  1.033898e+000 3.273064e+009 0.000000e+000 3.273064e+009
d  1.029922e+000 3.615173e+009 0.000000e+000 3.615173e+009
d  1.025945e+000 3.993041e+009 0.000000e+000 3.993041e+009
d  1.021969e+000 4.410404e+009 0.000000e+000 4.410404e+009
d  1.017992e+000 4.871392e+009 0.000000e+000 4.871392e+009
d  1.014016e+000 5.380563e+009 0.000000e+000 5.380563e+009
d  1.010039e+000 5.942954e+009 0.000000e+000 5.942954e+009
d  1.006063e+000 6.564127e+009 0.000000e+000 6.564127e+009
d  1.002086e+000 7.250228e+009 0.000000e+000 7.250228e+009
d  9.981095e-001 8.008041e+009 0.000000e+000 8.008041e+009
d  9.941330e-001 8.845063e+009 0.000000e+000 8.845063e+009
d  9.901565e-001 9.769573e+009 0.000000e+000 9.769573e+009
d  9.861799e-001 1.079072e+010 0.000000e+000 1.079072e+010
d  9.822034e-001 1.191859e+010 0.000000e+000 1.191859e+010
d  9.782269e-001 1.316435e+010 0.000000e+000 1.316435e+010
d  9.742503e-001 1.454033e+010 0.000000e+000 1.454033e+010
d  9.702738e-001 1.606012e+010 0.000000e+000 1.606012e+010
d  9.662973e-001 1.773877e+010 0.000000e+000 1.773877e+010
d  9.623207e-001 1.959287e+010 0.000000e+000 1.959287e+010
d  9.583442e-001 2.164077e+010 0.000000e+000 2.164077e+010
d  9.543677e-001 2.390272e+010 0.000000e+000 2.390272e+010
d  9.503911e-001 2.640110e+010 0.000000e+000 2.640110e+010
d  9.464146e-001 2.916062e+010 0.000000e+000 2.916062e+010
d  9.424381e-001 3.220856e+010 0.000000e+000 3.220856e+010
d  9.384615e-001 3.557509e+010 0.000000e+000 3.557509e+010
d  9.344850e-001 3.929349e+010 0.000000e+000 3.929349e+010
d  9.305085e-001 4.340056e+010 0.000000e+000 4.340056e+010
d  9.265319e-001 4.793690e+010 0.000000e+000 4.793690e+010
d  9.225554e-001 5.294739e+010 0.000000e+000 5.294739e+010
d  9.185789e-001 5.848160e+010 0.000000e+000 5.848160e+010
d  9.146023e-001 6.459425e+010 0.000000e+000 6.459425e+010
d  9.106258e-001 7.134582e+010 0.000000e+000 7.134582e+010
d  9.066493e-001 7.880308e+010 0.000000e+000 7.880308e+010
d  9.026728e-001 8.703979e+010 0.000000e+000 8.703979e+010
d  8.986962e-001 9.613742e+010 0.000000e+000 9.613742e+010
d  8.947197e-001 1.061860e+011 0.000000e+000 1.061860e+011
d  8.907432e-001 1.172848e+011 0.000000e+000 1.172848e+011
d  8.867666e-001 1.295437e+011 0.000000e+000 1.295437e+011
d  8.827901e-001 1.430840e+011 0.000000e+000 1.430840e+011
d  8.788136e-001 1.580395e+011 0.000000e+000 1.580395e+011
d  8.748370e-001 1.745582e+011 0.000000e+000 1.745582e+011
d  8.708605e-001 1.928035e+011 0.000000e+000 1.928035e+011
d  8.668840e-001 2.129559e+011 0.000000e+000 2.129559e+011
d  8.629074e-001 2.352146e+011 0.000000e+000 2.352146e+011
d  8.589309e-001 2.597999e+011 0.000000e+000 2.597999e+011
d  8.549544e-001 2.869549e+011 0.000000e+000 2.869549e+011
d  8.509778e-001 3.169482e+011 0.000000e+000 3.169482e+011
d  8.470013e-001 3.500764e+011 0.000000e+000 3.500764e+011
d  8.430248e-001 3.866674e+011 0.000000e+000 3.866674e+011
d  8.390482e-001 4.270829e+011 0.000000e+000 4.270829e+011
d  8.350717e-001 4.717227e+011 0.000000e+000 4.717227e+011
d  8.310952e-001 5.210285e+011 0.000000e+000 5.210285e+011
d  8.271186e-001 5.754878e+011 0.000000e+000 5.754878e+011
d  8.231421e-001 6.356393e+011 0.000000e+000 6.356393e+011
d  8.191656e-001 7.020781e+011 0.000000e+000 7.020781e+011
d  8.151890e-001 7.754612e+011 0.000000e+000 7.754612e+011
d  8.112125e-001 8.565145e+011 0.000000e+000 8.565145e+011
d  8.072360e-001 9.460397e+011 0.000000e+000 9.460397e+011
d  8.032595e-001 1.044922e+012 0.000000e+000 1.044922e+012
d  7.992829e-001 1.154140e+012 0.000000e+000 1.154140e+012
d  7.953064e-001 1.274774e+012 0.000000e+000 1.274774e+012
d  7.913299e-001 1.408017e+012 0.000000e+000 1.408017e+012
d  7.873533e-001 1.555187e+012 0.000000e+000 1.555187e+012
d  7.833768e-001 1.717739e+012 0.000000e+000 1.717739e+012
d  7.794003e-001 1.897282e+012 0.000000e+000 1.897282e+012
d  7.754237e-001 2.095591e+012 0.000000e+000 2.095591e+012
d  7.714472e-001 2.314628e+012 0.000000e+000 2.314628e+012
d  7.674707e-001 2.556559e+012 0.000000e+000 2.556559e+012
d  7.634941e-001 2.823777e+012 0.000000e+000 2.823777e+012
d  7.595176e-001 3.118926e+012 0.000000e+000 3.118926e+012
d  7.555411e-001 3.444925e+012 0.000000e+000 3.444925e+012
d  7.515645e-001 3.804998e+012 0.000000e+000 3.804998e+012
d  7.475880e-001 4.202706e+012 0.000000e+000 4.202706e+012
d  7.436115e-001 4.641985e+012 0.000000e+000 4.641985e+012
d  7.396349e-001 5.127177e+012 0.000000e+000 5.127177e+012
d  7.356584e-001 5.663084e+012 0.000000e+000 5.663084e+012
d  7.316819e-001 6.255005e+012 0.000000e+000 6.255005e+012
d  7.277053e-001 6.908795e+012 0.000000e+000 6.908795e+012
d  7.237288e-001 7.630921e+012 0.000000e+000 7.630921e+012
d  7.197523e-001 8.428525e+012 0.000000e+000 8.428525e+012
d  7.157757e-001 9.309497e+012 0.000000e+000 9.309497e+012
d  7.117992e-001 1.028255e+013 0.000000e+000 1.028255e+013
d  7.078227e-001 1.135731e+013 0.000000e+000 1.135731e+013
d  7.038462e-001 1.254441e+013 0.000000e+000 1.254441e+013
d  6.998696e-001 1.385558e+013 0.000000e+000 1.385558e+013
d  6.958931e-001 1.530381e+013 0.000000e+000 1.530381e+013
d  6.919166e-001 1.690340e+013 0.000000e+000 1.690340e+013
d  6.879400e-001 1.867019e+013 0.000000e+000 1.867019e+013
d  6.839635e-001 2.062165e+013 0.000000e+000 2.062165e+013
d  6.799870e-001 2.277708e+013 0.000000e+000 2.277708e+013
d  6.760104e-001 2.515780e+013 0.000000e+000 2.515780e+013
d  6.720339e-001 2.778736e+013 0.000000e+000 2.778736e+013
d  6.680574e-001 3.069177e+013 0.000000e+000 3.069177e+013
d  6.640808e-001 3.389976e+013 0.000000e+000 3.389976e+013
d  6.601043e-001 3.744306e+013 0.000000e+000 3.744306e+013
d  6.561278e-001 4.135671e+013 0.000000e+000 4.135671e+013
d  6.521512e-001 4.567942e+013 0.000000e+000 4.567942e+013
d  6.481747e-001 5.045396e+013 0.000000e+000 5.045396e+013
d  6.441982e-001 5.572754e+013 0.000000e+000 5.572754e+013
d  6.402216e-001 6.155233e+013 0.000000e+000 6.155233e+013
d  6.362451e-001 6.798595e+013 0.000000e+000 6.798595e+013
d  6.322686e-001 7.509203e+013 0.000000e+000 7.509203e+013
d  6.282920e-001 8.294085e+013 0.000000e+000 8.294085e+013
d  6.243155e-001 9.161005e+013 0.000000e+000 9.161005e+013
d  6.203390e-001 1.011854e+014 0.000000e+000 1.011854e+014
d  6.163625e-001 1.117615e+014 0.000000e+000 1.117615e+014
d  6.123859e-001 1.234432e+014 0.000000e+000 1.234432e+014
d  6.084094e-001 1.363458e+014 0.000000e+000 1.363458e+014
d  6.044329e-001 1.505970e+014 0.000000e+000 1.505970e+014
d  6.004563e-001 1.663378e+014 0.000000e+000 1.663378e+014
d  5.964798e-001 1.837239e+014 0.000000e+000 1.837239e+014
d  5.925033e-001 2.029272e+014 0.000000e+000 2.029272e+014
d  5.885267e-001 2.241377e+014 0.000000e+000 2.241377e+014
d  5.845502e-001 2.475652e+014 0.000000e+000 2.475652e+014
d  5.805737e-001 2.734414e+014 0.000000e+000 2.734414e+014
d  5.765971e-001 3.020222e+014 0.000000e+000 3.020222e+014
d  5.726206e-001 3.335904e+014 0.000000e+000 3.335904e+014
d  5.686441e-001 3.684582e+014 0.000000e+000 3.684582e+014
d  5.646675e-001 4.069704e+014 0.000000e+000 4.069704e+014
d  5.606910e-001 4.495080e+014 0.000000e+000 4.495080e+014
d  5.567145e-001 4.964918e+014 0.000000e+000 4.964918e+014
d  5.527379e-001 5.483865e+014 0.000000e+000 5.483865e+014
d  5.487614e-001 6.057053e+014 0.000000e+000 6.057053e+014
d  5.447849e-001 6.690153e+014 0.000000e+000 6.690153e+014
d  5.408083e-001 7.389426e+014 0.000000e+000 7.389426e+014
d  5.368318e-001 8.161789e+014 0.000000e+000 8.161789e+014
d  5.328553e-001 9.014881e+014 0.000000e+000 9.014881e+014
d  5.288787e-001 9.957141e+014 0.000000e+000 9.957141e+014
d  5.249022e-001 1.099789e+015 0.000000e+000 1.099789e+015
d  5.209257e-001 1.214742e+015 0.000000e+000 1.214742e+015
d  5.169492e-001 1.341710e+015 0.000000e+000 1.341710e+015
d  5.129726e-001 1.481949e+015 0.000000e+000 1.481949e+015
d  5.089961e-001 1.636846e+015 0.000000e+000 1.636846e+015
d  5.050196e-001 1.807934e+015 0.000000e+000 1.807934e+015
d  5.010430e-001 1.996904e+015 0.000000e+000 1.996904e+015
d  4.970665e-001 2.205626e+015 0.000000e+000 2.205626e+015
d  4.930900e-001 2.436164e+015 0.000000e+000 2.436164e+015
d  4.891134e-001 2.690798e+015 0.000000e+000 2.690798e+015
d  4.851369e-001 2.972048e+015 0.000000e+000 2.972048e+015
d  4.811604e-001 3.282694e+015 0.000000e+000 3.282694e+015
d  4.771838e-001 3.625810e+015 0.000000e+000 3.625810e+015
d  4.732073e-001 4.004790e+015 0.000000e+000 4.004790e+015
d  4.692308e-001 4.423381e+015 0.000000e+000 4.423381e+015
d  4.652542e-001 4.885725e+015 0.000000e+000 4.885725e+015
d  4.612777e-001 5.396394e+015 0.000000e+000 5.396394e+015
d  4.573012e-001 5.960440e+015 0.000000e+000 5.960440e+015
d  4.533246e-001 6.583441e+015 0.000000e+000 6.583441e+015
d  4.493481e-001 7.271560e+015 0.000000e+000 7.271560e+015
d  4.453716e-001 8.031603e+015 0.000000e+000 8.031603e+015
d  4.413950e-001 8.871088e+015 0.000000e+000 8.871088e+015
d  4.374185e-001 9.798318e+015 0.000000e+000 9.798318e+015
d  4.334420e-001 1.082246e+016 0.000000e+000 1.082246e+016
d  4.294654e-001 1.195366e+016 0.000000e+000 1.195366e+016
d  4.254889e-001 1.320309e+016 0.000000e+000 1.320309e+016
d  4.215124e-001 1.458311e+016 0.000000e+000 1.458311e+016
d  4.175359e-001 1.610737e+016 0.000000e+000 1.610737e+016
d  4.135593e-001 1.779096e+016 0.000000e+000 1.779096e+016
d  4.095828e-001 1.965052e+016 0.000000e+000 1.965052e+016
d  4.056063e-001 2.170445e+016 0.000000e+000 2.170445e+016
d  4.016297e-001 2.397305e+016 0.000000e+000 2.397305e+016
d  3.976532e-001 2.647878e+016 0.000000e+000 2.647878e+016
d  3.936767e-001 2.924641e+016 0.000000e+000 2.924641e+016
d  3.897001e-001 3.230333e+016 0.000000e+000 3.230333e+016
d  3.857236e-001 3.567976e+016 0.000000e+000 3.567976e+016
d  3.817471e-001 3.940911e+016 0.000000e+000 3.940911e+016
d  3.777705e-001 4.352825e+016 0.000000e+000 4.352825e+016
d  3.737940e-001 4.807794e+016 0.000000e+000 4.807794e+016
d  3.698175e-001 5.310318e+016 0.000000e+000 5.310318e+016
d  3.658409e-001 5.865367e+016 0.000000e+000 5.865367e+016
d  3.618644e-001 6.478431e+016 0.000000e+000 6.478431e+016
d  3.578879e-001 7.155574e+016 0.000000e+000 7.155574e+016
d  3.539113e-001 7.903494e+016 0.000000e+000 7.903494e+016
d  3.499348e-001 8.729588e+016 0.000000e+000 8.729588e+016
d  3.459583e-001 9.642028e+016 0.000000e+000 9.642028e+016
d  3.419817e-001 1.064984e+017 0.000000e+000 1.064984e+017
d  3.380052e-001 1.176299e+017 0.000000e+000 1.176299e+017
d  3.340287e-001 1.299249e+017 0.000000e+000 1.299249e+017
d  3.300522e-001 1.435050e+017 0.000000e+000 1.435050e+017
d  3.260756e-001 1.585045e+017 0.000000e+000 1.585045e+017
d  3.220991e-001 1.750718e+017 0.000000e+000 1.750718e+017
d  3.181226e-001 1.933708e+017 0.000000e+000 1.933708e+017
d  3.141460e-001 2.135825e+017 0.000000e+000 2.135825e+017
d  3.101695e-001 2.359067e+017 0.000000e+000 2.359067e+017
d  3.061930e-001 2.605643e+017 0.000000e+000 2.605643e+017
d  3.022164e-001 2.877992e+017 0.000000e+000 2.877992e+017
d  2.982399e-001 3.178807e+017 0.000000e+000 3.178807e+017
d  2.942634e-001 3.511065e+017 0.000000e+000 3.511065e+017
d  2.902868e-001 3.878050e+017 0.000000e+000 3.878050e+017
d  2.863103e-001 4.283395e+017 0.000000e+000 4.283395e+017
d  2.823338e-001 4.731107e+017 0.000000e+000 4.731107e+017
d  2.783572e-001 5.225615e+017 0.000000e+000 5.225615e+017
d  2.743807e-001 5.771810e+017 0.000000e+000 5.771810e+017
d  2.704042e-001 6.375095e+017 0.000000e+000 6.375095e+017
d  2.664276e-001 7.041438e+017 0.000000e+000 7.041438e+017
d  2.624511e-001 7.777428e+017 0.000000e+000 7.777428e+017
d  2.584746e-001 8.590346e+017 0.000000e+000 8.590346e+017
d  2.544980e-001 9.488232e+017 0.000000e+000 9.488232e+017
d  2.505215e-001 1.047997e+018 0.000000e+000 1.047997e+018
d  2.465450e-001 1.157536e+018 0.000000e+000 1.157536e+018
d  2.425684e-001 1.278525e+018 0.000000e+000 1.278525e+018
d  2.385919e-001 1.412160e+018 0.000000e+000 1.412160e+018
d  2.346154e-001 1.559763e+018 0.000000e+000 1.559763e+018
d  2.306389e-001 1.722793e+018 0.000000e+000 1.722793e+018
d  2.266623e-001 1.902864e+018 0.000000e+000 1.902864e+018
d  2.226858e-001 2.101757e+018 0.000000e+000 2.101757e+018
d  2.187093e-001 2.321438e+018 0.000000e+000 2.321438e+018
d  2.147327e-001 2.564081e+018 0.000000e+000 2.564081e+018
d  2.107562e-001 2.832086e+018 0.000000e+000 2.832086e+018
d  2.067797e-001 3.128103e+018 0.000000e+000 3.128103e+018
d  2.028031e-001 3.455061e+018 0.000000e+000 3.455061e+018
d  1.988266e-001 3.816193e+018 0.000000e+000 3.816193e+018
d  1.948501e-001 4.215072e+018 0.000000e+000 4.215072e+018
d  1.908735e-001 4.655643e+018 0.000000e+000 4.655643e+018
d  1.868970e-001 5.142263e+018 0.000000e+000 5.142263e+018
d  1.829205e-001 5.679746e+018 0.000000e+000 5.679746e+018
d  1.789439e-001 6.273409e+018 0.000000e+000 6.273409e+018
d  1.749674e-001 6.929122e+018 0.000000e+000 6.929122e+018
d  1.709909e-001 7.653373e+018 0.000000e+000 7.653373e+018
d  1.670143e-001 8.453324e+018 0.000000e+000 8.453324e+018
d  1.630378e-001 9.336888e+018 0.000000e+000 9.336888e+018
d  1.590613e-001 1.031281e+019 0.000000e+000 1.031281e+019
d  1.550847e-001 1.139073e+019 0.000000e+000 1.139073e+019
d  1.511082e-001 1.258132e+019 0.000000e+000 1.258132e+019
d  1.471317e-001 1.389635e+019 0.000000e+000 1.389635e+019
d  1.431551e-001 1.534883e+019 0.000000e+000 1.534883e+019
d  1.391786e-001 1.695314e+019 0.000000e+000 1.695314e+019
d  1.352021e-001 1.872512e+019 0.000000e+000 1.872512e+019
d  1.312256e-001 2.068232e+019 0.000000e+000 2.068232e+019
d  1.272490e-001 2.284410e+019 0.000000e+000 2.284410e+019
d  1.232725e-001 2.523182e+019 0.000000e+000 2.523182e+019
d  1.192960e-001 2.786912e+019 0.000000e+000 2.786912e+019
d  1.153194e-001 3.078208e+019 0.000000e+000 3.078208e+019
d  1.113429e-001 3.399950e+019 0.000000e+000 3.399950e+019
d  1.073664e-001 3.755322e+019 0.000000e+000 3.755322e+019
d  1.033898e-001 4.147839e+019 0.000000e+000 4.147839e+019
d  9.941330e-002 4.581382e+019 0.000000e+000 4.581382e+019
d  9.543677e-002 5.060241e+019 0.000000e+000 5.060241e+019
d  9.146023e-002 5.589151e+019 0.000000e+000 5.589151e+019
d  8.748370e-002 6.173344e+019 0.000000e+000 6.173344e+019
d  8.350717e-002 6.818598e+019 0.000000e+000 6.818598e+019
d  7.953064e-002 7.531297e+019 0.000000e+000 7.531297e+019
d  7.555411e-002 8.318488e+019 0.000000e+000 8.318488e+019
d  7.157757e-002 9.187959e+019 0.000000e+000 9.187959e+019
d  6.760104e-002 1.014831e+020 0.000000e+000 1.014831e+020
d  6.362451e-002 1.120904e+020 0.000000e+000 1.120904e+020
d  5.964798e-002 1.238064e+020 0.000000e+000 1.238064e+020
d  5.567145e-002 1.367469e+020 0.000000e+000 1.367469e+020
d  5.169492e-002 1.510401e+020 0.000000e+000 1.510401e+020
d  4.771838e-002 1.668272e+020 0.000000e+000 1.668272e+020
d  4.374185e-002 1.842645e+020 0.000000e+000 1.842645e+020
d  3.976532e-002 2.035243e+020 0.000000e+000 2.035243e+020
d  3.578879e-002 2.247972e+020 0.000000e+000 2.247972e+020
d  3.181226e-002 2.482936e+020 0.000000e+000 2.482936e+020
d  2.783572e-002 2.742459e+020 0.000000e+000 2.742459e+020
d  2.385919e-002 3.029108e+020 0.000000e+000 3.029108e+020
d  1.988266e-002 3.345719e+020 0.000000e+000 3.345719e+020
d  1.590613e-002 3.695423e+020 0.000000e+000 3.695423e+020
d  1.192960e-002 4.081678e+020 0.000000e+000 4.081678e+020
d  7.953064e-003 4.508306e+020 0.000000e+000 4.508306e+020
d  3.976532e-003 4.979526e+020 0.000000e+000 4.979526e+020
d  0.000000e+000 5.500000e+020 0.000000e+000 5.500000e+020
