Probe bulk_ionized_acceptors vs gate bias
121 2 2
gate bias
Probe bulk_ionized_acceptors
-3 4.22379e+013
-2.95 4.35984e+013
-2.9 4.50101e+013
-2.85 4.64762e+013
-2.8 4.80005e+013
-2.75 4.95881e+013
-2.7 5.12471e+013
-2.65 5.2987e+013
-2.6 5.48118e+013
-2.55 5.67178e+013
-2.5 5.87046e+013
-2.45 6.07747e+013
-2.4 6.2932e+013
-2.35 6.51809e+013
-2.3 6.75262e+013
-2.25 6.99734e+013
-2.2 7.25283e+013
-2.15 7.5197e+013
-2.1 7.79863e+013
-2.05 8.09033e+013
-2 8.39559e+013
-1.95 8.71525e+013
-1.9 9.05022e+013
-1.85 9.40149e+013
-1.8 9.77014e+013
-1.75 1.01573e+014
-1.7 1.05644e+014
-1.65 1.09926e+014
-1.6 1.14436e+014
-1.55 1.1919e+014
-1.5 1.24207e+014
-1.45 1.29507e+014
-1.4 1.35112e+014
-1.35 1.41047e+014
-1.3 1.47339e+014
-1.25 1.54019e+014
-1.2 1.61121e+014
-1.15 1.68682e+014
-1.1 1.76745e+014
-1.05 1.85356e+014
-1 1.9457e+014
-0.95 2.04445e+014
-0.9 2.15048e+014
-0.85 2.26457e+014
-0.8 2.38757e+014
-0.75 2.52045e+014
-0.7 2.66434e+014
-0.65 2.8205e+014
-0.6 2.99038e+014
-0.55 3.17563e+014
-0.5 3.37816e+014
-0.45 3.60015e+014
-0.4 3.84416e+014
-0.35 4.11324e+014
-0.3 4.41134e+014
-0.25 4.74456e+014
-0.2 5.12527e+014
-0.15 5.58643e+014
-0.1 6.23132e+014
-0.05 7.4065e+014
0 1.03035e+015
0.05 1.90429e+015
0.1 4.77989e+015
0.15 1.44184e+016
0.2 4.56642e+016
0.25 1.36097e+017
0.3 3.44648e+017
0.35 7.05739e+017
0.4 1.20129e+018
0.45 1.79284e+018
0.5 2.44835e+018
0.55 3.14615e+018
0.6 3.87194e+018
0.65 4.61583e+018
0.7 5.37049e+018
0.75 6.12993e+018
0.8 6.88885e+018
0.85 7.64233e+018
0.9 8.38581e+018
0.95 9.11537e+018
1 9.82818e+018
1.05 1.05223e+019
1.1 1.11959e+019
1.15 1.18463e+019
1.2 1.24705e+019
1.25 1.30657e+019
1.3 1.36297e+019
1.35 1.41614e+019
1.4 1.46603e+019
1.45 1.51267e+019
1.5 1.55616e+019
1.55 1.59663e+019
1.6 1.63421e+019
1.65 1.66907e+019
1.7 1.70136e+019
1.75 1.73126e+019
1.8 1.75891e+019
1.85 1.78445e+019
1.9 1.80805e+019
1.95 1.82983e+019
2 1.84993e+019
2.05 1.86847e+019
2.1 1.88559e+019
2.15 1.90139e+019
2.2 1.91598e+019
2.25 1.92946e+019
2.3 1.94194e+019
2.35 1.95349e+019
2.4 1.96419e+019
2.45 1.97413e+019
2.5 1.98337e+019
2.55 1.99196e+019
2.6 1.99997e+019
2.65 2.00744e+019
2.7 2.01442e+019
2.75 2.02096e+019
2.8 2.02708e+019
2.85 2.03283e+019
2.9 2.03823e+019
2.95 2.04332e+019
3 2.04811e+019
