v ATLAS
# This file was created by ATLAS version 5.28.1.R on Sat Sep 12 16:18:36 2026.
#SSF 2.0 generic
##############################################################################
#                    Copyright (c) 1984 - 2019                               #
#                    Silvaco Inc. All rights reserved                        #
#                                                                            #
# This file format and the following Key are copyright Silvaco Inc.          #
# You may not use, this format or key without reproducing this message in    #
# full and obtaining express written permission from Silvaco Inc.            #
#                                                                            #
# To obtain such permission please contact: Silvaco Inc.                     #
#                                           support@silvaco.com              #
#                                                                            #
# KEY=SVC86hn7562asdx                       PROD=345                         #
##############################################################################
p 4 77 79 78 206
d  0.000000e+000 0.000000e+000 0.000000e+000 0.000000e+000
d  7.963446e-003 0.000000e+000 0.000000e+000 0.000000e+000
d  1.592689e-002 0.000000e+000 0.000000e+000 0.000000e+000
d  2.389034e-002 0.000000e+000 0.000000e+000 0.000000e+000
d  3.185379e-002 0.000000e+000 0.000000e+000 0.000000e+000
d  3.981723e-002 0.000000e+000 0.000000e+000 0.000000e+000
d  4.778068e-002 0.000000e+000 0.000000e+000 0.000000e+000
d  5.574413e-002 0.000000e+000 0.000000e+000 0.000000e+000
d  6.370757e-002 0.000000e+000 0.000000e+000 0.000000e+000
d  7.167102e-002 0.000000e+000 0.000000e+000 0.000000e+000
d  7.963446e-002 0.000000e+000 0.000000e+000 0.000000e+000
d  8.759791e-002 0.000000e+000 0.000000e+000 0.000000e+000
d  9.556136e-002 0.000000e+000 0.000000e+000 0.000000e+000
d  1.035248e-001 0.000000e+000 0.000000e+000 0.000000e+000
d  1.114883e-001 0.000000e+000 0.000000e+000 0.000000e+000
d  1.194517e-001 0.000000e+000 0.000000e+000 0.000000e+000
d  1.274151e-001 0.000000e+000 0.000000e+000 0.000000e+000
d  1.353786e-001 0.000000e+000 0.000000e+000 0.000000e+000
d  1.433420e-001 0.000000e+000 0.000000e+000 0.000000e+000
d  1.513055e-001 0.000000e+000 0.000000e+000 0.000000e+000
d  1.592689e-001 0.000000e+000 0.000000e+000 0.000000e+000
d  1.672324e-001 0.000000e+000 0.000000e+000 0.000000e+000
d  1.751958e-001 0.000000e+000 0.000000e+000 0.000000e+000
d  1.831593e-001 0.000000e+000 0.000000e+000 0.000000e+000
d  1.911227e-001 0.000000e+000 0.000000e+000 0.000000e+000
d  1.990862e-001 0.000000e+000 0.000000e+000 0.000000e+000
d  2.070496e-001 0.000000e+000 0.000000e+000 0.000000e+000
d  2.150131e-001 0.000000e+000 0.000000e+000 0.000000e+000
d  2.229765e-001 0.000000e+000 0.000000e+000 0.000000e+000
d  2.309399e-001 0.000000e+000 0.000000e+000 0.000000e+000
d  2.389034e-001 0.000000e+000 0.000000e+000 0.000000e+000
d  2.468668e-001 0.000000e+000 0.000000e+000 0.000000e+000
d  2.548303e-001 0.000000e+000 0.000000e+000 0.000000e+000
d  2.627937e-001 0.000000e+000 0.000000e+000 0.000000e+000
d  2.707572e-001 0.000000e+000 0.000000e+000 0.000000e+000
d  2.787206e-001 0.000000e+000 0.000000e+000 0.000000e+000
d  2.866841e-001 0.000000e+000 0.000000e+000 0.000000e+000
d  2.946475e-001 0.000000e+000 0.000000e+000 0.000000e+000
d  3.026110e-001 0.000000e+000 0.000000e+000 0.000000e+000
d  3.105744e-001 0.000000e+000 0.000000e+000 0.000000e+000
d  3.185379e-001 0.000000e+000 0.000000e+000 0.000000e+000
d  3.265013e-001 0.000000e+000 0.000000e+000 0.000000e+000
d  3.344648e-001 0.000000e+000 0.000000e+000 0.000000e+000
d  3.424282e-001 0.000000e+000 0.000000e+000 0.000000e+000
d  3.503916e-001 0.000000e+000 0.000000e+000 0.000000e+000
d  3.583551e-001 0.000000e+000 0.000000e+000 0.000000e+000
d  3.663185e-001 0.000000e+000 0.000000e+000 0.000000e+000
d  3.742820e-001 0.000000e+000 0.000000e+000 0.000000e+000
d  3.822454e-001 0.000000e+000 0.000000e+000 0.000000e+000
d  3.902089e-001 0.000000e+000 0.000000e+000 0.000000e+000
d  3.981723e-001 0.000000e+000 0.000000e+000 0.000000e+000
d  4.061358e-001 0.000000e+000 0.000000e+000 0.000000e+000
d  4.140992e-001 0.000000e+000 0.000000e+000 0.000000e+000
d  4.220627e-001 0.000000e+000 0.000000e+000 0.000000e+000
d  4.300261e-001 0.000000e+000 0.000000e+000 0.000000e+000
d  4.379896e-001 0.000000e+000 0.000000e+000 0.000000e+000
d  4.459530e-001 0.000000e+000 0.000000e+000 0.000000e+000
d  4.539164e-001 0.000000e+000 0.000000e+000 0.000000e+000
d  4.618799e-001 0.000000e+000 0.000000e+000 0.000000e+000
d  4.698433e-001 0.000000e+000 0.000000e+000 0.000000e+000
d  4.778068e-001 0.000000e+000 0.000000e+000 0.000000e+000
d  4.857702e-001 0.000000e+000 0.000000e+000 0.000000e+000
d  4.937337e-001 0.000000e+000 0.000000e+000 0.000000e+000
d  5.016971e-001 0.000000e+000 0.000000e+000 0.000000e+000
d  5.096606e-001 0.000000e+000 0.000000e+000 0.000000e+000
d  5.176240e-001 0.000000e+000 0.000000e+000 0.000000e+000
d  5.255875e-001 0.000000e+000 0.000000e+000 0.000000e+000
d  5.335509e-001 0.000000e+000 0.000000e+000 0.000000e+000
d  5.415144e-001 0.000000e+000 0.000000e+000 0.000000e+000
d  5.494778e-001 0.000000e+000 0.000000e+000 0.000000e+000
d  5.574413e-001 0.000000e+000 0.000000e+000 0.000000e+000
d  5.654047e-001 0.000000e+000 0.000000e+000 0.000000e+000
d  5.733681e-001 0.000000e+000 0.000000e+000 0.000000e+000
d  5.813316e-001 0.000000e+000 0.000000e+000 0.000000e+000
d  5.892950e-001 0.000000e+000 0.000000e+000 0.000000e+000
d  5.972585e-001 0.000000e+000 0.000000e+000 0.000000e+000
d  6.052219e-001 0.000000e+000 0.000000e+000 0.000000e+000
d  6.131854e-001 0.000000e+000 0.000000e+000 0.000000e+000
d  6.211488e-001 0.000000e+000 0.000000e+000 0.000000e+000
d  6.291123e-001 0.000000e+000 0.000000e+000 0.000000e+000
d  6.370757e-001 0.000000e+000 0.000000e+000 0.000000e+000
d  6.450392e-001 0.000000e+000 0.000000e+000 0.000000e+000
d  6.530026e-001 0.000000e+000 0.000000e+000 0.000000e+000
d  6.609661e-001 0.000000e+000 0.000000e+000 0.000000e+000
d  6.689295e-001 0.000000e+000 0.000000e+000 0.000000e+000
d  6.768930e-001 0.000000e+000 0.000000e+000 0.000000e+000
d  6.848564e-001 0.000000e+000 0.000000e+000 0.000000e+000
d  6.928198e-001 0.000000e+000 0.000000e+000 0.000000e+000
d  7.007833e-001 0.000000e+000 0.000000e+000 0.000000e+000
d  7.087467e-001 0.000000e+000 0.000000e+000 0.000000e+000
d  7.167102e-001 0.000000e+000 0.000000e+000 0.000000e+000
d  7.246736e-001 0.000000e+000 0.000000e+000 0.000000e+000
d  7.326371e-001 0.000000e+000 0.000000e+000 0.000000e+000
d  7.406005e-001 0.000000e+000 0.000000e+000 0.000000e+000
d  7.485640e-001 0.000000e+000 0.000000e+000 0.000000e+000
d  7.565274e-001 0.000000e+000 0.000000e+000 0.000000e+000
d  7.644909e-001 0.000000e+000 0.000000e+000 0.000000e+000
d  7.724543e-001 0.000000e+000 0.000000e+000 0.000000e+000
d  7.804178e-001 0.000000e+000 0.000000e+000 0.000000e+000
d  7.883812e-001 0.000000e+000 0.000000e+000 0.000000e+000
d  7.963446e-001 0.000000e+000 0.000000e+000 0.000000e+000
d  8.043081e-001 0.000000e+000 0.000000e+000 0.000000e+000
d  8.122715e-001 0.000000e+000 0.000000e+000 0.000000e+000
d  8.202350e-001 0.000000e+000 0.000000e+000 0.000000e+000
d  8.281984e-001 0.000000e+000 0.000000e+000 0.000000e+000
d  8.361619e-001 0.000000e+000 0.000000e+000 0.000000e+000
d  8.441253e-001 0.000000e+000 0.000000e+000 0.000000e+000
d  8.520888e-001 0.000000e+000 0.000000e+000 0.000000e+000
d  8.600522e-001 0.000000e+000 0.000000e+000 0.000000e+000
d  8.680157e-001 0.000000e+000 0.000000e+000 0.000000e+000
d  8.759791e-001 0.000000e+000 0.000000e+000 0.000000e+000
d  8.839426e-001 0.000000e+000 0.000000e+000 0.000000e+000
d  8.919060e-001 0.000000e+000 0.000000e+000 0.000000e+000
d  8.998695e-001 0.000000e+000 0.000000e+000 0.000000e+000
d  9.078329e-001 0.000000e+000 0.000000e+000 0.000000e+000
d  9.157963e-001 0.000000e+000 0.000000e+000 0.000000e+000
d  9.237598e-001 0.000000e+000 0.000000e+000 0.000000e+000
d  9.317232e-001 0.000000e+000 0.000000e+000 0.000000e+000
d  9.396867e-001 0.000000e+000 0.000000e+000 0.000000e+000
d  9.476501e-001 0.000000e+000 0.000000e+000 0.000000e+000
d  9.556136e-001 0.000000e+000 0.000000e+000 0.000000e+000
d  9.635770e-001 0.000000e+000 0.000000e+000 0.000000e+000
d  9.715405e-001 0.000000e+000 0.000000e+000 0.000000e+000
d  9.795039e-001 0.000000e+000 0.000000e+000 0.000000e+000
d  9.874674e-001 0.000000e+000 0.000000e+000 0.000000e+000
d  9.954308e-001 0.000000e+000 0.000000e+000 0.000000e+000
d  1.003394e+000 0.000000e+000 0.000000e+000 0.000000e+000
d  1.011358e+000 0.000000e+000 0.000000e+000 0.000000e+000
d  1.019321e+000 0.000000e+000 0.000000e+000 0.000000e+000
d  1.027285e+000 0.000000e+000 0.000000e+000 0.000000e+000
d  1.035248e+000 0.000000e+000 0.000000e+000 0.000000e+000
d  1.043211e+000 0.000000e+000 0.000000e+000 0.000000e+000
d  1.051175e+000 0.000000e+000 0.000000e+000 0.000000e+000
d  1.059138e+000 0.000000e+000 0.000000e+000 0.000000e+000
d  1.067102e+000 0.000000e+000 0.000000e+000 0.000000e+000
d  1.075065e+000 0.000000e+000 0.000000e+000 0.000000e+000
d  1.083029e+000 0.000000e+000 0.000000e+000 0.000000e+000
d  1.090992e+000 0.000000e+000 0.000000e+000 0.000000e+000
d  1.098956e+000 0.000000e+000 0.000000e+000 0.000000e+000
d  1.106919e+000 0.000000e+000 0.000000e+000 0.000000e+000
d  1.114883e+000 0.000000e+000 0.000000e+000 0.000000e+000
d  1.122846e+000 0.000000e+000 0.000000e+000 0.000000e+000
d  1.130809e+000 0.000000e+000 0.000000e+000 0.000000e+000
d  1.138773e+000 0.000000e+000 0.000000e+000 0.000000e+000
d  1.146736e+000 0.000000e+000 0.000000e+000 0.000000e+000
d  1.154700e+000 0.000000e+000 0.000000e+000 0.000000e+000
d  1.162663e+000 0.000000e+000 0.000000e+000 0.000000e+000
d  1.170627e+000 0.000000e+000 0.000000e+000 0.000000e+000
d  1.178590e+000 0.000000e+000 0.000000e+000 0.000000e+000
d  1.186554e+000 0.000000e+000 0.000000e+000 0.000000e+000
d  1.194517e+000 0.000000e+000 0.000000e+000 0.000000e+000
d  1.202480e+000 0.000000e+000 0.000000e+000 0.000000e+000
d  1.210444e+000 0.000000e+000 0.000000e+000 0.000000e+000
d  1.218407e+000 0.000000e+000 0.000000e+000 0.000000e+000
d  1.226371e+000 0.000000e+000 0.000000e+000 0.000000e+000
d  1.234334e+000 0.000000e+000 0.000000e+000 0.000000e+000
d  1.242298e+000 0.000000e+000 0.000000e+000 0.000000e+000
d  1.250261e+000 0.000000e+000 0.000000e+000 0.000000e+000
d  1.258225e+000 0.000000e+000 0.000000e+000 0.000000e+000
d  1.266188e+000 0.000000e+000 0.000000e+000 0.000000e+000
d  1.274151e+000 0.000000e+000 0.000000e+000 0.000000e+000
d  1.282115e+000 0.000000e+000 0.000000e+000 0.000000e+000
d  1.290078e+000 0.000000e+000 0.000000e+000 0.000000e+000
d  1.298042e+000 0.000000e+000 0.000000e+000 0.000000e+000
d  1.306005e+000 0.000000e+000 0.000000e+000 0.000000e+000
d  1.313969e+000 0.000000e+000 0.000000e+000 0.000000e+000
d  1.321932e+000 0.000000e+000 0.000000e+000 0.000000e+000
d  1.329896e+000 0.000000e+000 0.000000e+000 0.000000e+000
d  1.337859e+000 0.000000e+000 0.000000e+000 0.000000e+000
d  1.345822e+000 0.000000e+000 0.000000e+000 0.000000e+000
d  1.353786e+000 0.000000e+000 0.000000e+000 0.000000e+000
d  1.361749e+000 0.000000e+000 0.000000e+000 0.000000e+000
d  1.369713e+000 0.000000e+000 0.000000e+000 0.000000e+000
d  1.377676e+000 0.000000e+000 0.000000e+000 0.000000e+000
d  1.385640e+000 0.000000e+000 0.000000e+000 0.000000e+000
d  1.393603e+000 0.000000e+000 0.000000e+000 0.000000e+000
d  1.401567e+000 0.000000e+000 0.000000e+000 0.000000e+000
d  1.409530e+000 0.000000e+000 0.000000e+000 0.000000e+000
d  1.417493e+000 0.000000e+000 0.000000e+000 0.000000e+000
d  1.425457e+000 0.000000e+000 0.000000e+000 0.000000e+000
d  1.433420e+000 0.000000e+000 0.000000e+000 0.000000e+000
d  1.441384e+000 0.000000e+000 0.000000e+000 0.000000e+000
d  1.449347e+000 0.000000e+000 0.000000e+000 0.000000e+000
d  1.457311e+000 0.000000e+000 0.000000e+000 0.000000e+000
d  1.465274e+000 0.000000e+000 0.000000e+000 0.000000e+000
d  1.473238e+000 0.000000e+000 0.000000e+000 0.000000e+000
d  1.481201e+000 0.000000e+000 0.000000e+000 0.000000e+000
d  1.489164e+000 0.000000e+000 0.000000e+000 0.000000e+000
d  1.497128e+000 0.000000e+000 0.000000e+000 0.000000e+000
d  1.505091e+000 0.000000e+000 0.000000e+000 0.000000e+000
d  1.513055e+000 0.000000e+000 0.000000e+000 0.000000e+000
d  1.521018e+000 0.000000e+000 0.000000e+000 0.000000e+000
d  1.528982e+000 0.000000e+000 0.000000e+000 0.000000e+000
d  1.536945e+000 0.000000e+000 0.000000e+000 0.000000e+000
d  1.544909e+000 0.000000e+000 0.000000e+000 0.000000e+000
d  1.552872e+000 0.000000e+000 0.000000e+000 0.000000e+000
d  1.560836e+000 0.000000e+000 0.000000e+000 0.000000e+000
d  1.568799e+000 0.000000e+000 0.000000e+000 0.000000e+000
d  1.576762e+000 0.000000e+000 0.000000e+000 0.000000e+000
d  1.584726e+000 0.000000e+000 0.000000e+000 0.000000e+000
d  1.592689e+000 0.000000e+000 0.000000e+000 0.000000e+000
d  1.600653e+000 0.000000e+000 0.000000e+000 0.000000e+000
d  1.608616e+000 0.000000e+000 0.000000e+000 0.000000e+000
d  1.616580e+000 0.000000e+000 0.000000e+000 0.000000e+000
d  1.624543e+000 0.000000e+000 0.000000e+000 0.000000e+000
d  1.632507e+000 0.000000e+000 0.000000e+000 0.000000e+000
d  1.640470e+000 0.000000e+000 0.000000e+000 0.000000e+000
d  1.648433e+000 0.000000e+000 0.000000e+000 0.000000e+000
d  1.656397e+000 0.000000e+000 0.000000e+000 0.000000e+000
d  1.664360e+000 0.000000e+000 0.000000e+000 0.000000e+000
d  1.672324e+000 0.000000e+000 0.000000e+000 0.000000e+000
d  1.680287e+000 0.000000e+000 0.000000e+000 0.000000e+000
d  1.688251e+000 0.000000e+000 0.000000e+000 0.000000e+000
d  1.696214e+000 0.000000e+000 0.000000e+000 0.000000e+000
d  1.704178e+000 0.000000e+000 0.000000e+000 0.000000e+000
d  1.712141e+000 0.000000e+000 0.000000e+000 0.000000e+000
d  1.720104e+000 0.000000e+000 0.000000e+000 0.000000e+000
d  1.728068e+000 0.000000e+000 0.000000e+000 0.000000e+000
d  1.736031e+000 0.000000e+000 0.000000e+000 0.000000e+000
d  1.743995e+000 0.000000e+000 0.000000e+000 0.000000e+000
d  1.751958e+000 0.000000e+000 0.000000e+000 0.000000e+000
d  1.759922e+000 0.000000e+000 0.000000e+000 0.000000e+000
d  1.767885e+000 0.000000e+000 0.000000e+000 0.000000e+000
d  1.775849e+000 0.000000e+000 0.000000e+000 0.000000e+000
d  1.783812e+000 0.000000e+000 0.000000e+000 0.000000e+000
d  1.791775e+000 0.000000e+000 0.000000e+000 0.000000e+000
d  1.799739e+000 0.000000e+000 0.000000e+000 0.000000e+000
d  1.807702e+000 0.000000e+000 0.000000e+000 0.000000e+000
d  1.815666e+000 0.000000e+000 0.000000e+000 0.000000e+000
d  1.823629e+000 0.000000e+000 0.000000e+000 0.000000e+000
d  1.831593e+000 0.000000e+000 0.000000e+000 0.000000e+000
d  1.839556e+000 0.000000e+000 0.000000e+000 0.000000e+000
d  1.847520e+000 0.000000e+000 0.000000e+000 0.000000e+000
d  1.855483e+000 0.000000e+000 0.000000e+000 0.000000e+000
d  1.863446e+000 0.000000e+000 0.000000e+000 0.000000e+000
d  1.871410e+000 0.000000e+000 0.000000e+000 0.000000e+000
d  1.879373e+000 0.000000e+000 0.000000e+000 0.000000e+000
d  1.887337e+000 0.000000e+000 0.000000e+000 0.000000e+000
d  1.895300e+000 0.000000e+000 0.000000e+000 0.000000e+000
d  1.903264e+000 0.000000e+000 0.000000e+000 0.000000e+000
d  1.911227e+000 0.000000e+000 0.000000e+000 0.000000e+000
d  1.919191e+000 0.000000e+000 0.000000e+000 0.000000e+000
d  1.927154e+000 0.000000e+000 0.000000e+000 0.000000e+000
d  1.935117e+000 0.000000e+000 0.000000e+000 0.000000e+000
d  1.943081e+000 0.000000e+000 0.000000e+000 0.000000e+000
d  1.951044e+000 0.000000e+000 0.000000e+000 0.000000e+000
d  1.959008e+000 0.000000e+000 0.000000e+000 0.000000e+000
d  1.966971e+000 0.000000e+000 0.000000e+000 0.000000e+000
d  1.974935e+000 0.000000e+000 0.000000e+000 0.000000e+000
d  1.982898e+000 0.000000e+000 0.000000e+000 0.000000e+000
d  1.990862e+000 0.000000e+000 0.000000e+000 0.000000e+000
d  1.998825e+000 0.000000e+000 0.000000e+000 0.000000e+000
d  2.006789e+000 0.000000e+000 0.000000e+000 0.000000e+000
d  2.014752e+000 0.000000e+000 0.000000e+000 0.000000e+000
d  2.022715e+000 0.000000e+000 0.000000e+000 0.000000e+000
d  2.030679e+000 0.000000e+000 0.000000e+000 0.000000e+000
d  2.038642e+000 0.000000e+000 0.000000e+000 0.000000e+000
d  2.046606e+000 0.000000e+000 0.000000e+000 0.000000e+000
d  2.054569e+000 0.000000e+000 0.000000e+000 0.000000e+000
d  2.062533e+000 0.000000e+000 0.000000e+000 0.000000e+000
d  2.070496e+000 0.000000e+000 0.000000e+000 0.000000e+000
d  2.078460e+000 0.000000e+000 0.000000e+000 0.000000e+000
d  2.086423e+000 0.000000e+000 0.000000e+000 0.000000e+000
d  2.094386e+000 0.000000e+000 0.000000e+000 0.000000e+000
d  2.102350e+000 0.000000e+000 0.000000e+000 0.000000e+000
d  2.110313e+000 0.000000e+000 0.000000e+000 0.000000e+000
d  2.118277e+000 0.000000e+000 0.000000e+000 0.000000e+000
d  2.126240e+000 0.000000e+000 0.000000e+000 0.000000e+000
d  2.134204e+000 0.000000e+000 0.000000e+000 0.000000e+000
d  2.142167e+000 0.000000e+000 0.000000e+000 0.000000e+000
d  2.150131e+000 0.000000e+000 0.000000e+000 0.000000e+000
d  2.158094e+000 0.000000e+000 0.000000e+000 0.000000e+000
d  2.166057e+000 0.000000e+000 0.000000e+000 0.000000e+000
d  2.174021e+000 0.000000e+000 0.000000e+000 0.000000e+000
d  2.181984e+000 0.000000e+000 0.000000e+000 0.000000e+000
d  2.189948e+000 0.000000e+000 0.000000e+000 0.000000e+000
d  2.197911e+000 0.000000e+000 0.000000e+000 0.000000e+000
d  2.205875e+000 0.000000e+000 0.000000e+000 0.000000e+000
d  2.213838e+000 0.000000e+000 0.000000e+000 0.000000e+000
d  2.221802e+000 0.000000e+000 0.000000e+000 0.000000e+000
d  2.229765e+000 0.000000e+000 0.000000e+000 0.000000e+000
d  2.237728e+000 0.000000e+000 0.000000e+000 0.000000e+000
d  2.245692e+000 0.000000e+000 0.000000e+000 0.000000e+000
d  2.253655e+000 0.000000e+000 0.000000e+000 0.000000e+000
d  2.261619e+000 0.000000e+000 0.000000e+000 0.000000e+000
d  2.269582e+000 0.000000e+000 0.000000e+000 0.000000e+000
d  2.277546e+000 0.000000e+000 0.000000e+000 0.000000e+000
d  2.285509e+000 0.000000e+000 0.000000e+000 0.000000e+000
d  2.293473e+000 0.000000e+000 0.000000e+000 0.000000e+000
d  2.301436e+000 0.000000e+000 0.000000e+000 0.000000e+000
d  2.309399e+000 0.000000e+000 0.000000e+000 0.000000e+000
d  2.317363e+000 0.000000e+000 0.000000e+000 0.000000e+000
d  2.325326e+000 0.000000e+000 0.000000e+000 0.000000e+000
d  2.333290e+000 0.000000e+000 0.000000e+000 0.000000e+000
d  2.341253e+000 0.000000e+000 0.000000e+000 0.000000e+000
d  2.349217e+000 0.000000e+000 0.000000e+000 0.000000e+000
d  2.357180e+000 0.000000e+000 0.000000e+000 0.000000e+000
d  2.365144e+000 0.000000e+000 0.000000e+000 0.000000e+000
d  2.373107e+000 0.000000e+000 0.000000e+000 0.000000e+000
d  2.381070e+000 0.000000e+000 0.000000e+000 0.000000e+000
d  2.389034e+000 0.000000e+000 0.000000e+000 0.000000e+000
d  2.396997e+000 0.000000e+000 0.000000e+000 0.000000e+000
d  2.404961e+000 0.000000e+000 0.000000e+000 0.000000e+000
d  2.412924e+000 0.000000e+000 0.000000e+000 0.000000e+000
d  2.420888e+000 0.000000e+000 0.000000e+000 0.000000e+000
d  2.428851e+000 0.000000e+000 0.000000e+000 0.000000e+000
d  2.436815e+000 0.000000e+000 0.000000e+000 0.000000e+000
d  2.444778e+000 0.000000e+000 0.000000e+000 0.000000e+000
d  2.452742e+000 0.000000e+000 0.000000e+000 0.000000e+000
d  2.460705e+000 0.000000e+000 0.000000e+000 0.000000e+000
d  2.468668e+000 0.000000e+000 0.000000e+000 0.000000e+000
d  2.476632e+000 0.000000e+000 0.000000e+000 0.000000e+000
d  2.484595e+000 0.000000e+000 0.000000e+000 0.000000e+000
d  2.492559e+000 0.000000e+000 0.000000e+000 0.000000e+000
d  2.500522e+000 0.000000e+000 0.000000e+000 0.000000e+000
d  2.508486e+000 0.000000e+000 0.000000e+000 0.000000e+000
d  2.516449e+000 0.000000e+000 0.000000e+000 0.000000e+000
d  2.524413e+000 0.000000e+000 0.000000e+000 0.000000e+000
d  2.532376e+000 0.000000e+000 0.000000e+000 0.000000e+000
d  2.540339e+000 0.000000e+000 0.000000e+000 0.000000e+000
d  2.548303e+000 0.000000e+000 0.000000e+000 0.000000e+000
d  2.556266e+000 0.000000e+000 0.000000e+000 0.000000e+000
d  2.564230e+000 0.000000e+000 0.000000e+000 0.000000e+000
d  2.572193e+000 0.000000e+000 0.000000e+000 0.000000e+000
d  2.580157e+000 0.000000e+000 0.000000e+000 0.000000e+000
d  2.588120e+000 0.000000e+000 0.000000e+000 0.000000e+000
d  2.596084e+000 0.000000e+000 0.000000e+000 0.000000e+000
d  2.604047e+000 0.000000e+000 0.000000e+000 0.000000e+000
d  2.612010e+000 0.000000e+000 0.000000e+000 0.000000e+000
d  2.619974e+000 0.000000e+000 0.000000e+000 0.000000e+000
d  2.627937e+000 0.000000e+000 0.000000e+000 0.000000e+000
d  2.635901e+000 0.000000e+000 0.000000e+000 0.000000e+000
d  2.643864e+000 0.000000e+000 0.000000e+000 0.000000e+000
d  2.651828e+000 0.000000e+000 0.000000e+000 0.000000e+000
d  2.659791e+000 0.000000e+000 0.000000e+000 0.000000e+000
d  2.667755e+000 0.000000e+000 0.000000e+000 0.000000e+000
d  2.675718e+000 0.000000e+000 0.000000e+000 0.000000e+000
d  2.683681e+000 0.000000e+000 0.000000e+000 0.000000e+000
d  2.691645e+000 0.000000e+000 0.000000e+000 0.000000e+000
d  2.699608e+000 0.000000e+000 0.000000e+000 0.000000e+000
d  2.707572e+000 0.000000e+000 0.000000e+000 0.000000e+000
d  2.715535e+000 0.000000e+000 0.000000e+000 0.000000e+000
d  2.723499e+000 0.000000e+000 0.000000e+000 0.000000e+000
d  2.731462e+000 0.000000e+000 0.000000e+000 0.000000e+000
d  2.739426e+000 0.000000e+000 0.000000e+000 0.000000e+000
d  2.747389e+000 0.000000e+000 0.000000e+000 0.000000e+000
d  2.755352e+000 0.000000e+000 0.000000e+000 0.000000e+000
d  2.763316e+000 0.000000e+000 0.000000e+000 0.000000e+000
d  2.771279e+000 0.000000e+000 0.000000e+000 0.000000e+000
d  2.779243e+000 0.000000e+000 0.000000e+000 0.000000e+000
d  2.787206e+000 0.000000e+000 0.000000e+000 0.000000e+000
d  2.795170e+000 0.000000e+000 0.000000e+000 0.000000e+000
d  2.803133e+000 0.000000e+000 0.000000e+000 0.000000e+000
d  2.811097e+000 0.000000e+000 0.000000e+000 0.000000e+000
d  2.819060e+000 0.000000e+000 0.000000e+000 0.000000e+000
d  2.827023e+000 0.000000e+000 0.000000e+000 0.000000e+000
d  2.834987e+000 0.000000e+000 0.000000e+000 0.000000e+000
d  2.842950e+000 0.000000e+000 0.000000e+000 0.000000e+000
d  2.850914e+000 0.000000e+000 0.000000e+000 0.000000e+000
d  2.858877e+000 0.000000e+000 0.000000e+000 0.000000e+000
d  2.866841e+000 0.000000e+000 0.000000e+000 0.000000e+000
d  2.874804e+000 0.000000e+000 0.000000e+000 0.000000e+000
d  2.882768e+000 0.000000e+000 0.000000e+000 0.000000e+000
d  2.890731e+000 0.000000e+000 0.000000e+000 0.000000e+000
d  2.898695e+000 0.000000e+000 0.000000e+000 0.000000e+000
d  2.906658e+000 0.000000e+000 0.000000e+000 0.000000e+000
d  2.914621e+000 0.000000e+000 0.000000e+000 0.000000e+000
d  2.922585e+000 0.000000e+000 0.000000e+000 0.000000e+000
d  2.930548e+000 0.000000e+000 0.000000e+000 0.000000e+000
d  2.938512e+000 0.000000e+000 0.000000e+000 0.000000e+000
d  2.946475e+000 0.000000e+000 0.000000e+000 0.000000e+000
d  2.954439e+000 0.000000e+000 0.000000e+000 0.000000e+000
d  2.962402e+000 0.000000e+000 0.000000e+000 0.000000e+000
d  2.970366e+000 0.000000e+000 0.000000e+000 0.000000e+000
d  2.978329e+000 0.000000e+000 0.000000e+000 0.000000e+000
d  2.986292e+000 0.000000e+000 0.000000e+000 0.000000e+000
d  2.994256e+000 0.000000e+000 0.000000e+000 0.000000e+000
d  3.002219e+000 0.000000e+000 0.000000e+000 0.000000e+000
d  3.010183e+000 0.000000e+000 0.000000e+000 0.000000e+000
d  3.018146e+000 0.000000e+000 0.000000e+000 0.000000e+000
d  3.026110e+000 0.000000e+000 0.000000e+000 0.000000e+000
d  3.034073e+000 0.000000e+000 0.000000e+000 0.000000e+000
d  3.042037e+000 0.000000e+000 0.000000e+000 0.000000e+000
d  3.050000e+000 0.000000e+000 0.000000e+000 0.000000e+000
