Probe bulk_free_electrons vs gate bias
121 2 2
gate bias
Probe bulk_free_electrons
-3 2.15042e+012
-2.95 2.15806e+012
-2.9 2.16607e+012
-2.85 2.17448e+012
-2.8 2.18333e+012
-2.75 2.19264e+012
-2.7 2.20249e+012
-2.65 2.21292e+012
-2.6 2.22399e+012
-2.55 2.23568e+012
-2.5 2.24799e+012
-2.45 2.26097e+012
-2.4 2.27463e+012
-2.35 2.28903e+012
-2.3 2.3042e+012
-2.25 2.32019e+012
-2.2 2.33706e+012
-2.15 2.35486e+012
-2.1 2.37364e+012
-2.05 2.39348e+012
-2 2.41445e+012
-1.95 2.43661e+012
-1.9 2.46006e+012
-1.85 2.48487e+012
-1.8 2.51116e+012
-1.75 2.53902e+012
-1.7 2.56856e+012
-1.65 2.59992e+012
-1.6 2.63324e+012
-1.55 2.66866e+012
-1.5 2.70636e+012
-1.45 2.74652e+012
-1.4 2.78934e+012
-1.35 2.83507e+012
-1.3 2.88394e+012
-1.25 2.93626e+012
-1.2 2.99233e+012
-1.15 3.05252e+012
-1.1 3.11723e+012
-1.05 3.18694e+012
-1 3.26216e+012
-0.95 3.3435e+012
-0.9 3.43165e+012
-0.85 3.52741e+012
-0.8 3.6317e+012
-0.75 3.7456e+012
-0.7 3.87039e+012
-0.65 4.00754e+012
-0.6 4.15882e+012
-0.55 4.32634e+012
-0.5 4.5126e+012
-0.45 4.72065e+012
-0.4 4.95415e+012
-0.35 5.21759e+012
-0.3 5.51642e+012
-0.25 5.85742e+012
-0.2 6.24894e+012
-0.15 6.70147e+012
-0.1 7.22867e+012
-0.05 7.85151e+012
0 8.62293e+012
0.05 9.79259e+012
0.1 1.29266e+013
0.15 2.83521e+013
0.2 1.20567e+014
0.25 6.23118e+014
0.3 2.68487e+015
0.35 8.48744e+015
0.4 2.03193e+016
0.45 3.98639e+016
0.5 6.83721e+016
0.55 1.07004e+017
0.6 1.57041e+017
0.65 2.20002e+017
0.7 2.97708e+017
0.75 3.92316e+017
0.8 5.06324e+017
0.85 6.42522e+017
0.9 8.03914e+017
0.95 9.93608e+017
1 1.21473e+018
1.05 1.47028e+018
1.1 1.76293e+018
1.15 2.09474e+018
1.2 2.46704e+018
1.25 2.88039e+018
1.3 3.33475e+018
1.35 3.82959e+018
1.4 4.3641e+018
1.45 4.93727e+018
1.5 5.54805e+018
1.55 6.19539e+018
1.6 6.87827e+018
1.65 7.59569e+018
1.7 8.34667e+018
1.75 9.13014e+018
1.8 9.94499e+018
1.85 1.079e+019
1.9 1.16637e+019
1.95 1.25648e+019
2 1.34917e+019
2.05 1.44428e+019
2.1 1.54166e+019
2.15 1.64114e+019
2.2 1.74259e+019
2.25 1.84584e+019
2.3 1.95076e+019
2.35 2.05722e+019
2.4 2.16509e+019
2.45 2.27427e+019
2.5 2.38464e+019
2.55 2.49612e+019
2.6 2.60861e+019
2.65 2.72203e+019
2.7 2.8363e+019
2.75 2.95137e+019
2.8 3.06717e+019
2.85 3.18365e+019
2.9 3.30075e+019
2.95 3.41844e+019
3 3.53666e+019
