Probe channel_electrons vs gate bias
121 2 2
gate bias
Probe channel_electrons
-3 3.05476e-033
-2.95 3.42624e-033
-2.9 3.90059e-033
-2.85 4.52775e-033
-2.8 5.39492e-033
-2.75 6.66725e-033
-2.7 8.6932e-033
-2.65 1.23256e-032
-2.6 2.0145e-032
-2.55 4.27371e-032
-2.5 1.42514e-031
-2.45 7.6544e-031
-2.4 5.04073e-030
-2.35 3.46164e-029
-2.3 2.39204e-028
-2.25 1.65448e-027
-2.2 1.14449e-026
-2.15 7.90697e-026
-2.1 5.35883e-025
-2.05 3.47855e-024
-2 2.25447e-023
-1.95 1.50974e-022
-1.9 1.03268e-021
-1.85 7.11941e-021
-1.8 4.92016e-020
-1.75 3.40271e-019
-1.7 2.35374e-018
-1.65 1.62825e-017
-1.6 1.12639e-016
-1.55 7.79216e-016
-1.5 5.3905e-015
-1.45 3.72906e-014
-1.4 2.57971e-013
-1.35 1.7846e-012
-1.3 1.23453e-011
-1.25 8.53877e-011
-1.2 5.89964e-010
-1.15 4.04654e-009
-1.1 2.64965e-008
-1.05 1.47305e-007
-1 8.4274e-007
-0.95 5.68973e-006
-0.9 3.93232e-005
-0.85 0.000272014
-0.8 0.00188167
-0.75 0.0130165
-0.7 0.0900415
-0.65 0.622845
-0.6 4.30822
-0.55 29.8018
-0.5 206.153
-0.45 1426.05
-0.4 9864.61
-0.35 68237.5
-0.3 472025
-0.25 3.26516e+006
-0.2 2.25861e+007
-0.15 1.56233e+008
-0.1 1.08066e+009
-0.05 7.47408e+009
0 5.16737e+010
0.05 3.56817e+011
0.1 2.45348e+012
0.15 1.66302e+013
0.2 1.0767e+014
0.25 6.14498e+014
0.3 2.7238e+015
0.35 8.7094e+015
0.4 2.09013e+016
0.45 4.0862e+016
0.5 6.95631e+016
0.55 1.07753e+017
0.6 1.56173e+017
0.65 2.15671e+017
0.7 2.87259e+017
0.75 3.72151e+017
0.8 4.71782e+017
0.85 5.87804e+017
0.9 7.22069e+017
0.95 8.76602e+017
1 1.05357e+018
1.05 1.25521e+018
1.1 1.4837e+018
1.15 1.74095e+018
1.2 2.02847e+018
1.25 2.3473e+018
1.3 2.69803e+018
1.35 3.08085e+018
1.4 3.49564e+018
1.45 3.94203e+018
1.5 4.41944e+018
1.55 4.92722e+018
1.6 5.4646e+018
1.65 6.0308e+018
1.7 6.62494e+018
1.75 7.2461e+018
1.8 7.89329e+018
1.85 8.56546e+018
1.9 9.26144e+018
1.95 9.98004e+018
2 1.072e+019
2.05 1.148e+019
2.1 1.22587e+019
2.15 1.30548e+019
2.2 1.38671e+019
2.25 1.46943e+019
2.3 1.55352e+019
2.35 1.63886e+019
2.4 1.72535e+019
2.45 1.8129e+019
2.5 1.90139e+019
2.55 1.99076e+019
2.6 2.08092e+019
2.65 2.1718e+019
2.7 2.26333e+019
2.75 2.35545e+019
2.8 2.4481e+019
2.85 2.54123e+019
2.9 2.63481e+019
2.95 2.72878e+019
3 2.8231e+019
