source current vs gate bias
121 2 2
gate bias
source current
-3 0
-2.95 0
-2.9 0
-2.85 0
-2.8 0
-2.75 0
-2.7 0
-2.65 0
-2.6 0
-2.55 0
-2.5 0
-2.45 0
-2.4 0
-2.35 0
-2.3 0
-2.25 0
-2.2 0
-2.15 0
-2.1 0
-2.05 0
-2 0
-1.95 0
-1.9 0
-1.85 0
-1.8 0
-1.75 0
-1.7 0
-1.65 0
-1.6 0
-1.55 0
-1.5 0
-1.45 0
-1.4 0
-1.35 0
-1.3 0
-1.25 0
-1.2 0
-1.15 0
-1.1 0
-1.05 0
-1 0
-0.95 0
-0.9 0
-0.85 0
-0.8 0
-0.75 0
-0.7 0
-0.65 0
-0.6 0
-0.55 0
-0.5 0
-0.45 0
-0.4 0
-0.35 0
-0.3 -1.03232e-021
-0.25 -4.12928e-021
-0.2 -2.47757e-020
-0.15 -1.74462e-019
-0.1 -1.20368e-018
-0.05 -8.32979e-018
0 -5.75869e-017
0.05 -3.9778e-016
0.1 -2.73947e-015
0.15 -1.86756e-014
0.2 -1.23216e-013
0.25 -7.41715e-013
0.3 -3.68429e-012
0.35 -1.39868e-011
0.4 -4.0852e-011
0.45 -9.69356e-011
0.5 -1.97454e-010
0.55 -3.59908e-010
0.6 -6.04277e-010
0.65 -9.53474e-010
0.7 -1.43394e-009
0.75 -2.07626e-009
0.8 -2.91578e-009
0.85 -3.99295e-009
0.9 -5.35331e-009
0.95 -7.04674e-009
1 -9.12566e-009
1.05 -1.16427e-008
1.1 -1.46488e-008
1.15 -1.81926e-008
1.2 -2.23194e-008
1.25 -2.70704e-008
1.3 -3.24815e-008
1.35 -3.85821e-008
1.4 -4.53944e-008
1.45 -5.29326e-008
1.5 -6.12021e-008
1.55 -7.01996e-008
1.6 -7.99128e-008
1.65 -9.03214e-008
1.7 -1.01397e-007
1.75 -1.13107e-007
1.8 -1.25413e-007
1.85 -1.38273e-007
1.9 -1.51645e-007
1.95 -1.65487e-007
2 -1.79757e-007
2.05 -1.94417e-007
2.1 -2.09429e-007
2.15 -2.24759e-007
2.2 -2.40376e-007
2.25 -2.56251e-007
2.3 -2.72358e-007
2.35 -2.88675e-007
2.4 -3.05181e-007
2.45 -3.21857e-007
2.5 -3.38687e-007
2.55 -3.55656e-007
2.6 -3.72752e-007
2.65 -3.89963e-007
2.7 -4.07279e-007
2.75 -4.24691e-007
2.8 -4.4219e-007
2.85 -4.5977e-007
2.9 -4.77424e-007
2.95 -4.95145e-007
3 -5.1293e-007
