&CONTROL
  calculation = 'bands', prefix = 'iwo', outdir = './tmp', pseudo_dir = './'
  verbosity = 'high', tprnfor = .true., tstress = .true., max_seconds = 216290
/
&SYSTEM
  ibrav = 0, nat = 80, ntyp = 3, ecutwfc = 71, ecutrho = 568
  occupations = 'smearing', smearing = 'mv', degauss = 0.01
/
&ELECTRONS
  conv_thr = 1.0d-9, mixing_beta = 0.3, electron_maxstep = 100, diagonalization = 'cg'
/
ATOMIC_SPECIES
  In 114.818 In.pbe-dn-kjpaw_psl.1.0.0.UPF
  O 15.999 O.pbe-n-kjpaw_psl.1.0.0.UPF
  W 183.84 W.pbe-spn-kjpaw_psl.1.0.0.UPF
CELL_PARAMETERS angstrom
  10.3060902000 0.0000000000 0.0000000000
  0.0000000000 10.3060902000 0.0000000000
  0.0000000000 0.0000000000 10.3060902000
ATOMIC_POSITIONS crystal
  W                0.2500000000        0.2500000000        0.2500000000
  In               0.7500000000        0.2500000000        0.2500000000
  In               0.2500000000        0.2500000000        0.7500000000
  In               0.2500000000        0.7500000000        0.2500000000
  In               0.4678533009        0.5026051563        0.7511308106
  In               0.0318221810        0.5029029708        0.2495176469
  In               0.7511308106        0.4678533009        0.5026051563
  In               0.2495176469        0.0318221810        0.5029029708
  In               0.5026051563        0.7511308106        0.4678533009
  In               0.5029029708        0.2495176469        0.0318221810
  In               0.0321466991       -0.0026051563        0.7488691894
  In               0.4681778190       -0.0029029708        0.2504823531
  In               0.7488691894        0.0321466991       -0.0026051563
  In               0.2504823531        0.4681778190       -0.0029029708
  In              -0.0026051563        0.7488691894        0.0321466991
  In              -0.0029029708        0.2504823531        0.4681778190
  O                0.3780004781        0.1755868654        0.3711452996
  O                0.6138108502        0.3446776618        0.3837002289
  O                0.1112741027        0.1536260285        0.6105672208
  O                0.8907600364        0.3465929446        0.6196415457
  O                0.3711452996        0.3780004781        0.1755868654
  O                0.3837002289        0.6138108502        0.3446776618
  O                0.6105672208        0.1112741027        0.1536260285
  O                0.6196415457        0.8907600364        0.3465929446
  O                0.1755868654        0.3711452996        0.3780004781
  O                0.3446776618        0.3837002289        0.6138108502
  O                0.1536260285        0.6105672208        0.1112741027
  O                0.3465929446        0.6196415457        0.8907600364
  O                0.1219995219        0.3244131346        0.1288547004
  O                0.8861891498        0.1553223382        0.1162997711
  O                0.3887258973        0.3463739715        0.8894327792
  O                0.6092399636        0.1534070554        0.8803584543
  O                0.1288547004        0.1219995219        0.3244131346
  O                0.1162997711        0.8861891498        0.1553223382
  O                0.8894327792        0.3887258973        0.3463739715
  O                0.8803584543        0.6092399636        0.1534070554
  O                0.3244131346        0.1288547004        0.1219995219
  O                0.1553223382        0.1162997711        0.8861891498
  O                0.3463739715        0.8894327792        0.3887258973
  O                0.1534070554        0.8803584543        0.6092399636
  In               0.7500000000        0.7500000000        0.7500000000
  In               0.2500000000        0.7500000000        0.7500000000
  In               0.7500000000        0.7500000000        0.2500000000
  In               0.7500000000        0.2500000000        0.7500000000
  In               0.9652392092       -0.0010837223        0.2463386596
  In               0.5335211561       -0.0004708769        0.7474008182
  In               0.2463386596        0.9652392092       -0.0010837223
  In               0.7474008182        0.5335211561       -0.0004708769
  In              -0.0010837223        0.2463386596        0.9652392092
  In              -0.0004708769        0.7474008182        0.5335211561
  In               0.5347607899        0.5010837223        0.2536613404
  In               0.9664788430        0.5004708769        0.7525991818
  In               0.2536613404        0.5347607899        0.5010837223
  In               0.7525991818        0.9664788430        0.5004708769
  In               0.5010837223        0.2536613404        0.5347607899
  In               0.5004708769        0.7525991818        0.9664788430
  O                0.8888767712        0.6534134758        0.8820850681
  O                0.1090045352        0.8443001266        0.8824720067
  O                0.6071665732        0.6548207352        0.1192058800
  O                0.3878969020        0.8521970086        0.1167326775
  O                0.8820850681        0.8888767712        0.6534134758
  O                0.8824720067        0.1090045352        0.8443001266
  O                0.1192058800        0.6071665732        0.6548207352
  O                0.1167326775        0.3878969020        0.8521970086
  O                0.6534134758        0.8820850681        0.8888767712
  O                0.8443001266        0.8824720067        0.1090045352
  O                0.6548207352        0.1192058800        0.6071665732
  O                0.8521970086        0.1167326775        0.3878969020
  O                0.6111232288        0.8465865242        0.6179149319
  O                0.3909954648        0.6556998734        0.6175279933
  O                0.8928334268        0.8451792648        0.3807941200
  O                0.1121030980        0.6478029914        0.3832673225
  O                0.6179149319        0.6111232288        0.8465865242
  O                0.6175279933        0.3909954648        0.6556998734
  O                0.3807941200        0.8928334268        0.8451792648
  O                0.3832673225        0.1121030980        0.6478029914
  O                0.8465865242        0.6179149319        0.6111232288
  O                0.6556998734        0.6175279933        0.3909954648
  O                0.8451792648        0.3807941200        0.8928334268
  O                0.6478029914        0.3832673225        0.1121030980
K_POINTS tpiba
  31
  0.00000000 0.00000000 0.00000000 1.0
  0.02460398 0.00000000 0.00000000 1.0
  0.04920796 0.00000000 0.00000000 1.0
  0.07381193 0.00000000 0.00000000 1.0
  0.09841591 0.00000000 0.00000000 1.0
  0.12301989 0.00000000 0.00000000 1.0
  0.14762387 0.00000000 0.00000000 1.0
  0.17222785 0.00000000 0.00000000 1.0
  0.19683182 0.00000000 0.00000000 1.0
  0.22143580 0.00000000 0.00000000 1.0
  0.24603978 0.00000000 0.00000000 1.0
  0.01739764 0.01739764 0.00000000 1.0
  0.03479528 0.03479528 0.00000000 1.0
  0.05219292 0.05219292 0.00000000 1.0
  0.06959056 0.06959056 0.00000000 1.0
  0.08698820 0.08698820 0.00000000 1.0
  0.10438584 0.10438584 0.00000000 1.0
  0.12178348 0.12178348 0.00000000 1.0
  0.13918112 0.13918112 0.00000000 1.0
  0.15657876 0.15657876 0.00000000 1.0
  0.17397640 0.17397640 0.00000000 1.0
  0.01420511 0.01420511 0.01420511 1.0
  0.02841023 0.02841023 0.02841023 1.0
  0.04261534 0.04261534 0.04261534 1.0
  0.05682045 0.05682045 0.05682045 1.0
  0.07102557 0.07102557 0.07102557 1.0
  0.08523068 0.08523068 0.08523068 1.0
  0.09943579 0.09943579 0.09943579 1.0
  0.11364091 0.11364091 0.11364091 1.0
  0.12784602 0.12784602 0.12784602 1.0
  0.14205113 0.14205113 0.14205113 1.0
