Probe bulk_ionized_acceptors vs gate bias
121 2 2
gate bias
Probe bulk_ionized_acceptors
-3 2.82303e+013
-2.95 2.87729e+013
-2.9 2.93314e+013
-2.85 2.9907e+013
-2.8 3.05013e+013
-2.75 3.11168e+013
-2.7 3.17578e+013
-2.65 3.24283e+013
-2.6 3.31285e+013
-2.55 3.3855e+013
-2.5 3.46068e+013
-2.45 3.53843e+013
-2.4 3.61884e+013
-2.35 3.70202e+013
-2.3 3.78811e+013
-2.25 3.87726e+013
-2.2 3.96964e+013
-2.15 4.06542e+013
-2.1 4.1648e+013
-2.05 4.26798e+013
-2 4.3752e+013
-1.95 4.48668e+013
-1.9 4.60271e+013
-1.85 4.72357e+013
-1.8 4.84957e+013
-1.75 4.98106e+013
-1.7 5.1184e+013
-1.65 5.26202e+013
-1.6 5.41236e+013
-1.55 5.56992e+013
-1.5 5.73526e+013
-1.45 5.90897e+013
-1.4 6.09175e+013
-1.35 6.28433e+013
-1.3 6.48757e+013
-1.25 6.7024e+013
-1.2 6.92988e+013
-1.15 7.17122e+013
-1.1 7.42777e+013
-1.05 7.70107e+013
-1 7.99289e+013
-0.95 8.30527e+013
-0.9 8.64053e+013
-0.85 9.00141e+013
-0.8 9.39109e+013
-0.75 9.8133e+013
-0.7 1.02725e+014
-0.65 1.07739e+014
-0.6 1.13239e+014
-0.55 1.19301e+014
-0.5 1.26022e+014
-0.45 1.33516e+014
-0.4 1.41934e+014
-0.35 1.51473e+014
-0.3 1.62414e+014
-0.25 1.75237e+014
-0.2 1.90955e+014
-0.15 2.12273e+014
-0.1 2.4753e+014
-0.05 3.24371e+014
0 5.37065e+014
0.05 1.209e+015
0.1 3.43344e+015
0.15 1.06956e+016
0.2 3.23246e+016
0.25 8.46985e+016
0.3 1.80116e+017
0.35 3.16177e+017
0.4 4.83028e+017
0.45 6.71819e+017
0.5 8.76436e+017
0.55 1.09278e+018
0.6 1.31796e+018
0.65 1.54976e+018
0.7 1.78632e+018
0.75 2.026e+018
0.8 2.26718e+018
0.85 2.50835e+018
0.9 2.74808e+018
0.95 2.9852e+018
1 3.21884e+018
1.05 3.44822e+018
1.1 3.67243e+018
1.15 3.89049e+018
1.2 4.10146e+018
1.25 4.30464e+018
1.3 4.49959e+018
1.35 4.68613e+018
1.4 4.8643e+018
1.45 5.03431e+018
1.5 5.19646e+018
1.55 5.35113e+018
1.6 5.49871e+018
1.65 5.63962e+018
1.7 5.77424e+018
1.75 5.90294e+018
1.8 6.02606e+018
1.85 6.1439e+018
1.9 6.25675e+018
1.95 6.3649e+018
2 6.46858e+018
2.05 6.56805e+018
2.1 6.66354e+018
2.15 6.75527e+018
2.2 6.84343e+018
2.25 6.92824e+018
2.3 7.00988e+018
2.35 7.08852e+018
2.4 7.16434e+018
2.45 7.23748e+018
2.5 7.30809e+018
2.55 7.37632e+018
2.6 7.44228e+018
2.65 7.50611e+018
2.7 7.5679e+018
2.75 7.62777e+018
2.8 7.68582e+018
2.85 7.74214e+018
2.9 7.7968e+018
2.95 7.8499e+018
3 7.90151e+018
