Probe bulk_front_electrons vs gate bias
121 2 2
gate bias
Probe bulk_front_electrons
-3 3.58851e-033
-2.95 4.23947e-033
-2.9 5.09918e-033
-2.85 6.27452e-033
-2.8 7.95252e-033
-2.75 1.04847e-032
-2.7 1.45941e-032
-2.65 2.19574e-032
-2.6 3.71646e-032
-2.55 7.62015e-032
-2.5 2.16973e-031
-2.45 9.78905e-031
-2.4 6.07436e-030
-2.35 4.12663e-029
-2.3 2.8471e-028
-2.25 1.96877e-027
-2.2 1.36178e-026
-2.15 9.38013e-026
-2.1 6.27121e-025
-2.05 4.06151e-024
-2 2.67681e-023
-1.95 1.81491e-022
-1.9 1.24739e-021
-1.85 8.61257e-021
-1.8 5.95471e-020
-1.75 4.11871e-019
-1.7 2.84913e-018
-1.65 1.97096e-017
-1.6 1.36347e-016
-1.55 9.4323e-016
-1.5 6.52513e-015
-1.45 4.51399e-014
-1.4 3.12271e-013
-1.35 2.16024e-012
-1.3 1.49438e-011
-1.25 1.03356e-010
-1.2 7.13911e-010
-1.15 4.88726e-009
-1.1 3.16269e-008
-1.05 1.71586e-007
-1 9.96844e-007
-0.95 6.76814e-006
-0.9 4.67887e-005
-0.85 0.000323657
-0.8 0.00223891
-0.75 0.0154876
-0.7 0.107136
-0.65 0.741082
-0.6 5.12608
-0.55 35.4592
-0.5 245.286
-0.45 1696.75
-0.4 11737
-0.35 81189.2
-0.3 561611
-0.25 3.88482e+006
-0.2 2.6872e+007
-0.15 1.85873e+008
-0.1 1.28558e+009
-0.05 8.88918e+009
0 6.1408e+010
0.05 4.22878e+011
0.1 2.88095e+012
0.15 1.89515e+013
0.2 1.12778e+014
0.25 5.41338e+014
0.3 1.9259e+015
0.35 5.18601e+015
0.4 1.13627e+016
0.45 2.1572e+016
0.5 3.70158e+016
0.55 5.8987e+016
0.6 8.88687e+016
0.65 1.28138e+017
0.7 1.78376e+017
0.75 2.41279e+017
0.8 3.18669e+017
0.85 4.12489e+017
0.9 5.24789e+017
0.95 6.57697e+017
1 8.13373e+017
1.05 9.93895e+017
1.1 1.2011e+018
1.15 1.43643e+018
1.2 1.70094e+018
1.25 1.99523e+018
1.3 2.31959e+018
1.35 2.67403e+018
1.4 3.0584e+018
1.45 3.4724e+018
1.5 3.91569e+018
1.55 4.38793e+018
1.6 4.88873e+018
1.65 5.41769e+018
1.7 5.97438e+018
1.75 6.55829e+018
1.8 7.16881e+018
1.85 7.80519e+018
1.9 8.46657e+018
1.95 9.15198e+018
2 9.86034e+018
2.05 1.05905e+019
2.1 1.13413e+019
2.15 1.21116e+019
2.2 1.29e+019
2.25 1.37055e+019
2.3 1.45269e+019
2.35 1.53632e+019
2.4 1.62132e+019
2.45 1.70759e+019
2.5 1.79506e+019
2.55 1.88363e+019
2.6 1.97321e+019
2.65 2.06374e+019
2.7 2.15515e+019
2.75 2.24736e+019
2.8 2.34033e+019
2.85 2.43399e+019
2.9 2.52829e+019
2.95 2.6232e+019
3 2.71866e+019
