Probe bulk_back_electrons vs gate bias
121 2 2
gate bias
Probe bulk_back_electrons
-3 2.43105e-032
-2.95 2.55196e-032
-2.9 2.70295e-032
-2.85 2.89781e-032
-2.8 3.15992e-032
-2.75 3.53198e-032
-2.7 4.09923e-032
-2.65 5.05424e-032
-2.6 6.91367e-032
-2.55 1.14576e-031
-2.5 2.7353e-031
-2.45 1.12549e-030
-2.4 6.81666e-030
-2.35 4.61211e-029
-2.3 3.18013e-028
-2.25 2.19887e-027
-2.2 1.52092e-026
-2.15 1.04763e-025
-2.1 7.00406e-025
-2.05 4.53614e-024
-2 2.98962e-023
-1.95 2.027e-022
-1.9 1.39316e-021
-1.85 9.61904e-021
-1.8 6.65058e-020
-1.75 4.60003e-019
-1.7 3.18208e-018
-1.65 2.20129e-017
-1.6 1.52281e-016
-1.55 1.05346e-015
-1.5 7.28766e-015
-1.45 5.0415e-014
-1.4 3.48763e-013
-1.35 2.41269e-012
-1.3 1.66901e-011
-1.25 1.15434e-010
-1.2 7.97339e-010
-1.15 5.45839e-009
-1.1 3.53229e-008
-1.05 1.91638e-007
-1 1.11334e-006
-0.95 7.5591e-006
-0.9 5.22567e-005
-0.85 0.000361481
-0.8 0.00250055
-0.75 0.0172976
-0.7 0.119656
-0.65 0.827685
-0.6 5.72515
-0.55 39.6033
-0.5 273.953
-0.45 1895.04
-0.4 13108.7
-0.35 90677.6
-0.3 627246
-0.25 4.33883e+006
-0.2 3.00124e+007
-0.15 2.07595e+008
-0.1 1.43579e+009
-0.05 9.92717e+009
0 6.85638e+010
0.05 4.718e+011
0.1 3.20593e+012
0.15 2.09095e+013
0.2 1.2128e+014
0.25 5.47228e+014
0.3 1.74332e+015
0.35 4.03552e+015
0.4 7.41849e+015
0.45 1.16878e+016
0.5 1.65994e+016
0.55 2.194e+016
0.6 2.75445e+016
0.65 3.32934e+016
0.7 3.91046e+016
0.75 4.49241e+016
0.8 5.0718e+016
0.85 5.64661e+016
0.9 6.21569e+016
0.95 6.77845e+016
1 7.33461e+016
1.05 7.8839e+016
1.1 8.42586e+016
1.15 8.95981e+016
1.2 9.4851e+016
1.25 1.00012e+017
1.3 1.0508e+017
1.35 1.10053e+017
1.4 1.14936e+017
1.45 1.19734e+017
1.5 1.24452e+017
1.55 1.29098e+017
1.6 1.33679e+017
1.65 1.38203e+017
1.7 1.42676e+017
1.75 1.47105e+017
1.8 1.51494e+017
1.85 1.55846e+017
1.9 1.60165e+017
1.95 1.64452e+017
2 1.68709e+017
2.05 1.72935e+017
2.1 1.77131e+017
2.15 1.81298e+017
2.2 1.85435e+017
2.25 1.89542e+017
2.3 1.93619e+017
2.35 1.97667e+017
2.4 2.01685e+017
2.45 2.05673e+017
2.5 2.09631e+017
2.55 2.13561e+017
2.6 2.17461e+017
2.65 2.21333e+017
2.7 2.25176e+017
2.75 2.28991e+017
2.8 2.32779e+017
2.85 2.36539e+017
2.9 2.40272e+017
2.95 2.4398e+017
3 2.47661e+017
