Probe channel_electrons vs gate bias
121 2 2
gate bias
Probe channel_electrons
-3 1.39247e-032
-2.95 1.50233e-032
-2.9 1.64029e-032
-2.85 1.81935e-032
-2.8 2.06168e-032
-2.75 2.40782e-032
-2.7 2.93909e-032
-2.65 3.83984e-032
-2.6 5.60611e-032
-2.55 9.94975e-032
-2.5 2.52062e-031
-2.45 1.07087e-030
-2.4 6.54147e-030
-2.35 4.43228e-029
-2.3 3.05678e-028
-2.25 2.11365e-027
-2.2 1.46198e-026
-2.15 1.00703e-025
-2.1 6.73265e-025
-2.05 4.36037e-024
-2 2.87378e-023
-1.95 1.94846e-022
-1.9 1.33918e-021
-1.85 9.24632e-021
-1.8 6.39288e-020
-1.75 4.42178e-019
-1.7 3.05878e-018
-1.65 2.11599e-017
-1.6 1.4638e-016
-1.55 1.01264e-015
-1.5 7.00527e-015
-1.45 4.84615e-014
-1.4 3.35249e-013
-1.35 2.3192e-012
-1.3 1.60434e-011
-1.25 1.10961e-010
-1.2 7.66443e-010
-1.15 5.24689e-009
-1.1 3.39542e-008
-1.05 1.84213e-007
-1 1.07021e-006
-0.95 7.26624e-006
-0.9 5.02321e-005
-0.85 0.000347477
-0.8 0.00240368
-0.75 0.0166274
-0.7 0.11502
-0.65 0.795613
-0.6 5.50323
-0.55 38.0681
-0.5 263.333
-0.45 1821.58
-0.4 12600.6
-0.35 87162.7
-0.3 602932
-0.25 4.17064e+006
-0.2 2.88491e+007
-0.15 1.99548e+008
-0.1 1.38014e+009
-0.05 9.54266e+009
0 6.59132e+010
0.05 4.53684e+011
0.1 3.08571e+012
0.15 2.01875e+013
0.2 1.18176e+014
0.25 5.45125e+014
0.3 1.80562e+015
0.35 4.40474e+015
0.4 8.59392e+015
0.45 1.44018e+016
0.5 2.17415e+016
0.55 3.04796e+016
0.6 4.04722e+016
0.65 5.1584e+016
0.7 6.36974e+016
0.75 7.67159e+016
0.8 9.0564e+016
0.85 1.05183e+017
0.9 1.20529e+017
0.95 1.36567e+017
1 1.53268e+017
1.05 1.70603e+017
1.1 1.88536e+017
1.15 2.07018e+017
1.2 2.25999e+017
1.25 2.45428e+017
1.3 2.65264e+017
1.35 2.85474e+017
1.4 3.06036e+017
1.45 3.26941e+017
1.5 3.48186e+017
1.55 3.69778e+017
1.6 3.91727e+017
1.65 4.14049e+017
1.7 4.36759e+017
1.75 4.59871e+017
1.8 4.83396e+017
1.85 5.07343e+017
1.9 5.31715e+017
1.95 5.56513e+017
2 5.81733e+017
2.05 6.07371e+017
2.1 6.33419e+017
2.15 6.59867e+017
2.2 6.86707e+017
2.25 7.13929e+017
2.3 7.41521e+017
2.35 7.69475e+017
2.4 7.9778e+017
2.45 8.26426e+017
2.5 8.55405e+017
2.55 8.84708e+017
2.6 9.14325e+017
2.65 9.44249e+017
2.7 9.74473e+017
2.75 1.00499e+018
2.8 1.03579e+018
2.85 1.06687e+018
2.9 1.09822e+018
2.95 1.12984e+018
3 1.16172e+018
