drain current vs gate bias
121 2 2
gate bias
drain current
-3 0
-2.95 0
-2.9 0
-2.85 0
-2.8 0
-2.75 0
-2.7 0
-2.65 0
-2.6 0
-2.55 0
-2.5 0
-2.45 0
-2.4 0
-2.35 0
-2.3 0
-2.25 0
-2.2 0
-2.15 0
-2.1 0
-2.05 0
-2 0
-1.95 0
-1.9 0
-1.85 0
-1.8 0
-1.75 0
-1.7 0
-1.65 0
-1.6 0
-1.55 0
-1.5 0
-1.45 0
-1.4 0
-1.35 0
-1.3 0
-1.25 0
-1.2 0
-1.15 0
-1.1 0
-1.05 0
-1 0
-0.95 0
-0.9 0
-0.85 0
-0.8 0
-0.75 0
-0.7 0
-0.65 0
-0.6 0
-0.55 0
-0.5 0
-0.45 0
-0.4 0
-0.35 0
-0.3 2.06464e-021
-0.25 1.34202e-020
-0.2 9.08441e-020
-0.15 6.28683e-019
-0.1 4.35174e-018
-0.05 3.00911e-017
0 2.079e-016
0.05 1.43282e-015
0.1 9.79206e-015
0.15 6.51016e-014
0.2 3.99539e-013
0.25 2.052e-012
0.3 8.07972e-012
0.35 2.42834e-011
0.4 5.87491e-011
0.45 1.21236e-010
0.5 2.2304e-010
0.55 3.77215e-010
0.6 5.98952e-010
0.65 9.06056e-010
0.7 1.31946e-009
0.75 1.86373e-009
0.8 2.56752e-009
0.85 3.46373e-009
0.9 4.58933e-009
0.95 5.98442e-009
1 7.6906e-009
1.05 9.74946e-009
1.1 1.22016e-008
1.15 1.50856e-008
1.2 1.84371e-008
1.25 2.2288e-008
1.3 2.6665e-008
1.35 3.15894e-008
1.4 3.70762e-008
1.45 4.3134e-008
1.5 4.97642e-008
1.55 5.69615e-008
1.6 6.47136e-008
1.65 7.30019e-008
1.7 8.18027e-008
1.75 9.10882e-008
1.8 1.00828e-007
1.85 1.10991e-007
1.9 1.21545e-007
1.95 1.32461e-007
2 1.43708e-007
2.05 1.55262e-007
2.1 1.67096e-007
2.15 1.79189e-007
2.2 1.91519e-007
2.25 2.0407e-007
2.3 2.16823e-007
2.35 2.29764e-007
2.4 2.42879e-007
2.45 2.56156e-007
2.5 2.69584e-007
2.55 2.83152e-007
2.6 2.96852e-007
2.65 3.10675e-007
2.7 3.24614e-007
2.75 3.38661e-007
2.8 3.5281e-007
2.85 3.67055e-007
2.9 3.81391e-007
2.95 3.95813e-007
3 4.10316e-007
