Probe avg_n vs gate bias
76 2 2
gate bias
Probe avg_n
-3 8.90956e+012
-2.8 9.02272e+012
-2.6 9.16285e+012
-2.4 9.33653e+012
-2.2 9.55276e+012
-2 9.82352e+012
-1.8 1.0165e+013
-1.6 1.05994e+013
-1.4 1.11583e+013
-1.2 1.18878e+013
-1 1.28578e+013
-0.95 1.31498e+013
-0.9 1.34657e+013
-0.85 1.38083e+013
-0.8 1.41806e+013
-0.75 1.45861e+013
-0.7 1.5029e+013
-0.65 1.55138e+013
-0.6 1.6046e+013
-0.55 1.66322e+013
-0.5 1.72797e+013
-0.45 1.79975e+013
-0.4 1.87959e+013
-0.35 1.96872e+013
-0.3 2.06861e+013
-0.25 2.18101e+013
-0.2 2.30808e+013
-0.15 2.45289e+013
-0.1 2.62166e+013
-0.05 2.83442e+013
-8.36062e-016 3.17583e+013
0.05 4.03027e+013
0.1 7.13274e+013
0.15 2.00626e+014
0.2 7.33016e+014
0.25 2.65736e+015
0.3 8.08773e+015
0.35 1.96051e+016
0.4 3.90758e+016
0.45 6.7536e+016
0.5 1.05675e+017
0.55 1.54182e+017
0.6 2.1391e+017
0.65 2.8594e+017
0.7 3.71616e+017
0.75 4.72554e+017
0.8 5.90623e+017
0.85 7.2791e+017
0.9 8.86668e+017
0.95 1.06927e+018
1 1.27822e+018
1.05 1.51601e+018
1.1 1.78494e+018
1.15 2.08677e+018
1.2 2.42267e+018
1.25 2.79323e+018
1.3 3.19851e+018
1.35 3.63821e+018
1.4 4.11173e+018
1.45 4.61835e+018
1.5 5.15722e+018
1.6 6.32833e+018
1.7 7.61813e+018
1.8 9.01912e+018
1.9 1.05224e+019
2 1.21176e+019
2.1 1.37931e+019
2.2 1.55373e+019
2.3 1.73392e+019
2.4 1.91891e+019
2.5 2.10789e+019
2.6 2.30014e+019
2.7 2.4951e+019
2.8 2.6923e+019
2.9 2.89137e+019
3 3.09198e+019
