Conduction Band Energy vs Depth
87 2 2
Depth
Conduction Band Energy
0 2.64613
0.0200101 2.64613
0.0343543 2.64613
0.0446368 2.64613
0.0520079 2.64613
0.0572917 2.64613
0.0610795 2.64613
0.0637947 2.64613
0.0657411 2.64614
0.0671363 2.64614
0.0681365 2.64614
0.0688535 2.64614
0.0693675 2.64614
0.0697359 2.64614
0.07 -0.400555
0.07 -0.400555
0.0702481 -0.402766
0.0704686 -0.408504
0.0706647 -0.416715
0.0708389 -0.426621
0.0709938 -0.437634
0.0711315 -0.449303
0.0712539 -0.46128
0.0713627 -0.473292
0.0714594 -0.485133
0.0715453 -0.496643
0.0716217 -0.507705
0.0716896 -0.518235
0.07175 -0.528178
0.07175 -0.528178
0.0718125 -0.5391
0.071875 -0.550696
0.0719375 -0.563004
0.072 -0.576064
0.072 -0.576064
0.0720595 2.45946
0.0721253 2.4471
0.0721982 2.43341
0.0722789 2.41826
0.0723683 2.40148
0.0724672 2.38291
0.0725767 2.36234
0.072698 2.33958
0.0728323 2.31437
0.0729809 2.28646
0.0731455 2.25557
0.0733277 2.22136
0.0735294 2.18349
0.0737527 2.14156
0.074 2.99513
0.074 2.99513
0.0742427 2.97418
0.0744984 2.9521
0.0747678 2.92884
0.0750516 2.90434
0.0753506 2.87852
0.0756656 2.85132
0.0759976 2.82266
0.0763473 2.79247
0.0767157 2.76065
0.0771039 2.72714
0.0775128 2.69183
0.0779437 2.65462
0.0783977 2.61543
0.0788759 2.57413
0.0793798 2.53063
0.0799107 2.48479
0.0804701 2.43649
0.0810594 2.38561
0.0816802 2.332
0.0823344 2.27553
0.0830235 2.21602
0.0837496 2.15333
0.0845146 2.08728
0.0853206 2.01769
0.0861697 1.94437
0.0870644 1.86713
0.0880069 1.78574
0.089 1.7
0.089 0
0.0900551 0
0.0917786 0
0.0945935 0
0.0991911 0
0.106701 0
0.118966 0
0.139 0
