Conduction Band Energy vs Depth
87 2 2
Depth
Conduction Band Energy
0 3.03483
0.0200101 3.03483
0.0343543 3.03483
0.0446368 3.03483
0.0520079 3.03483
0.0572917 3.03483
0.0610795 3.03483
0.0637947 3.03483
0.0657411 3.03483
0.0671363 3.03483
0.0681365 3.03483
0.0688535 3.03483
0.0693675 3.03483
0.0697359 3.03483
0.07 -0.0118631
0.07 -0.0118631
0.0702481 -0.0121702
0.0704686 -0.0129617
0.0706647 -0.0140813
0.0708389 -0.0154123
0.0709938 -0.0168674
0.0711315 -0.0183818
0.0712539 -0.0199075
0.0713627 -0.0214096
0.0714594 -0.0228633
0.0715453 -0.0242516
0.0716217 -0.0255635
0.0716896 -0.0267926
0.07175 -0.0279361
0.07175 -0.0279361
0.0718125 -0.0291903
0.071875 -0.0305171
0.0719375 -0.0319179
0.072 -0.033394
0.072 -0.033394
0.0720595 3.01388
0.0721253 3.01452
0.0721982 3.01523
0.0722789 3.01601
0.0723683 3.01688
0.0724672 3.01785
0.0725767 3.01892
0.072698 3.0201
0.0728323 3.02141
0.0729809 3.02285
0.0731455 3.02446
0.0733277 3.02623
0.0735294 3.0282
0.0737527 3.03037
0.074 3.93278
0.074 3.93278
0.0742427 3.93387
0.0744984 3.93502
0.0747678 3.93622
0.0750516 3.9375
0.0753506 3.93884
0.0756656 3.94025
0.0759976 3.94173
0.0763473 3.9433
0.0767157 3.94495
0.0771039 3.94669
0.0775128 3.94853
0.0779437 3.95046
0.0783977 3.95249
0.0788759 3.95463
0.0793798 3.95689
0.0799107 3.95927
0.0804701 3.96178
0.0810594 3.96442
0.0816802 3.9672
0.0823344 3.97013
0.0830235 3.97322
0.0837496 3.97647
0.0845146 3.9799
0.0853206 3.98351
0.0861697 3.98732
0.0870644 3.99133
0.0880069 3.99555
0.089 4
0.089 0
0.0900551 0
0.0917786 0
0.0945935 0
0.0991911 0
0.106701 0
0.118966 0
0.139 0
