Probe chan_n vs gate bias
76 2 2
gate bias
Probe chan_n
-3 3.35937e-029
-2.8 1.41065e-027
-2.6 8.61837e-025
-2.4 5.6197e-022
-2.2 3.66129e-019
-2 2.03274e-016
-1.8 1.24683e-013
-1.6 8.12926e-011
-1.4 5.28703e-008
-1.2 2.27807e-005
-1 0.0140851
-0.95 0.0711765
-0.9 0.359678
-0.85 1.81757
-0.8 9.18476
-0.75 46.4134
-0.7 234.541
-0.65 1185.21
-0.6 5989.19
-0.55 30264.9
-0.5 152933
-0.45 772751
-0.4 3.90408e+006
-0.35 1.97186e+007
-0.3 9.95472e+007
-0.25 5.02222e+008
-0.2 2.53177e+009
-0.15 1.27496e+010
-0.1 6.40577e+010
-0.05 3.19928e+011
-8.36062e-016 1.57702e+012
0.05 7.60477e+012
0.1 3.56447e+013
0.15 1.61533e+014
0.2 6.93324e+014
0.25 2.64959e+015
0.3 8.26298e+015
0.35 2.02999e+016
0.4 4.0721e+016
0.45 7.05268e+016
0.5 1.10298e+017
0.55 1.60575e+017
0.6 2.2203e+017
0.65 2.95532e+017
0.7 3.82185e+017
0.75 4.83339e+017
0.8 6.00596e+017
0.85 7.35787e+017
0.9 8.90949e+017
0.95 1.0683e+018
1 1.27021e+018
1.05 1.49917e+018
1.1 1.7575e+018
1.15 2.0472e+018
1.2 2.3697e+018
1.25 2.7259e+018
1.3 3.11614e+018
1.35 3.54027e+018
1.4 3.99778e+018
1.45 4.48784e+018
1.5 5.00943e+018
1.6 6.14269e+018
1.7 7.38804e+018
1.8 8.73575e+018
1.9 1.01758e+019
2 1.16979e+019
2.1 1.32914e+019
2.2 1.49462e+019
2.3 1.66527e+019
2.4 1.84025e+019
2.5 2.01882e+019
2.6 2.20036e+019
2.7 2.38435e+019
2.8 2.57034e+019
2.9 2.75799e+019
3 2.94698e+019
