drain current vs gate bias
76 2 2
gate bias
drain current
-3 1.16534e-018
-2.8 1.78441e-019
-2.6 5.67532e-019
-2.4 -5.04401e-019
-2.2 5.61734e-019
-2 1.11703e-018
-1.8 8.65793e-019
-1.6 -6.98303e-019
-1.4 -2.60897e-018
-1.2 1.36053e-018
-1 2.74296e-018
-0.95 8.10392e-019
-0.9 -7.57569e-019
-0.85 4.29804e-018
-0.8 -1.49323e-018
-0.75 2.28945e-018
-0.7 1.89134e-018
-0.65 -5.56581e-019
-0.6 4.35474e-019
-0.55 -6.69918e-020
-0.5 -2.67208e-018
-0.45 -2.86784e-018
-0.4 2.34794e-018
-0.35 -1.68522e-018
-0.3 -2.91252e-019
-0.25 7.17072e-018
-0.2 2.70314e-018
-0.15 1.4262e-017
-0.1 8.51412e-017
-0.05 4.11497e-016
-8.36062e-016 2.05635e-015
0.05 1.00251e-014
0.1 4.7713e-014
0.15 2.20416e-013
0.2 9.74047e-013
0.25 3.94711e-012
0.3 1.3725e-011
0.35 3.93047e-011
0.4 9.36544e-011
0.45 1.92407e-010
0.5 3.5318e-010
0.55 5.95592e-010
0.6 9.41651e-010
0.65 1.41628e-009
0.7 2.04795e-009
0.75 2.8692e-009
0.8 3.91718e-009
0.85 5.23383e-009
0.9 6.86562e-009
0.95 8.86234e-009
1 1.12748e-008
1.05 1.41524e-008
1.1 1.75419e-008
1.15 2.14872e-008
1.2 2.60288e-008
1.25 3.12031e-008
1.3 3.70407e-008
1.35 4.35655e-008
1.4 5.07941e-008
1.45 5.87347e-008
1.5 6.7387e-008
1.6 8.67825e-008
1.7 1.08812e-007
1.8 1.33203e-007
1.9 1.59626e-007
2 1.87739e-007
2.1 2.1723e-007
2.2 2.47831e-007
2.3 2.79322e-007
2.4 3.1153e-007
2.5 3.44319e-007
2.6 3.77583e-007
2.7 4.11239e-007
2.8 4.45223e-007
2.9 4.79484e-007
3 5.13981e-007
