source current vs gate bias
76 2 2
gate bias
source current
-3 -2.41572e-019
-2.8 1.88748e-019
-2.6 -2.04209e-019
-2.4 4.57376e-019
-2.2 8.64504e-019
-2 4.29031e-019
-1.8 1.93257e-020
-1.6 1.48422e-018
-1.4 1.99699e-018
-1.2 7.42623e-018
-1 1.65557e-017
-0.95 6.95726e-020
-0.9 4.25166e-019
-0.85 1.10801e-019
-0.8 -6.39037e-019
-0.75 3.5817e-019
-0.7 -2.91174e-019
-0.65 -3.91668e-019
-0.6 -1.3863e-018
-0.55 9.89474e-019
-0.5 4.86991e-019
-0.45 1.62247e-019
-0.4 -2.13401e-018
-0.35 7.91417e-019
-0.3 6.36025e-020
-0.25 -8.51786e-019
-0.2 -3.12732e-018
-0.15 -1.46699e-017
-0.1 -8.23325e-017
-0.05 -4.13697e-016
-8.36062e-016 -2.05526e-015
0.05 -1.00248e-014
0.1 -4.77121e-014
0.15 -2.20415e-013
0.2 -9.7405e-013
0.25 -3.94711e-012
0.3 -1.3725e-011
0.35 -3.93047e-011
0.4 -9.36544e-011
0.45 -1.92407e-010
0.5 -3.5318e-010
0.55 -5.95592e-010
0.6 -9.41651e-010
0.65 -1.41628e-009
0.7 -2.04795e-009
0.75 -2.8692e-009
0.8 -3.91718e-009
0.85 -5.23383e-009
0.9 -6.86562e-009
0.95 -8.86234e-009
1 -1.12748e-008
1.05 -1.41524e-008
1.1 -1.75419e-008
1.15 -2.14872e-008
1.2 -2.60288e-008
1.25 -3.12031e-008
1.3 -3.70407e-008
1.35 -4.35655e-008
1.4 -5.07941e-008
1.45 -5.87347e-008
1.5 -6.7387e-008
1.6 -8.67825e-008
1.7 -1.08812e-007
1.8 -1.33203e-007
1.9 -1.59626e-007
2 -1.87739e-007
2.1 -2.1723e-007
2.2 -2.47831e-007
2.3 -2.79322e-007
2.4 -3.1153e-007
2.5 -3.44319e-007
2.6 -3.77583e-007
2.7 -4.11239e-007
2.8 -4.45223e-007
2.9 -4.79484e-007
3 -5.13981e-007
