Valence Band Energy vs Depth
87 2 2
Depth
Valence Band Energy
0 -5.96517
0.0200101 -5.96517
0.0343543 -5.96517
0.0446368 -5.96517
0.0520079 -5.96517
0.0572917 -5.96517
0.0610795 -5.96517
0.0637947 -5.96517
0.0657411 -5.96517
0.0671363 -5.96517
0.0681365 -5.96517
0.0688535 -5.96517
0.0693675 -5.96517
0.0697359 -5.96517
0.07 -3.41517
0.07 -3.41517
0.0702481 -3.41548
0.0704686 -3.41627
0.0706647 -3.41739
0.0708389 -3.41872
0.0709938 -3.42018
0.0711315 -3.42169
0.0712539 -3.42322
0.0713627 -3.42472
0.0714594 -3.42617
0.0715453 -3.42756
0.0716217 -3.42887
0.0716896 -3.4301
0.07175 -3.43125
0.07175 -3.43125
0.0718125 -3.4325
0.071875 -3.43383
0.0719375 -3.43523
0.072 -3.4367
0.072 -3.4367
0.0720595 -5.98612
0.0721253 -5.98548
0.0721982 -5.98477
0.0722789 -5.98399
0.0723683 -5.98312
0.0724672 -5.98215
0.0725767 -5.98108
0.072698 -5.9799
0.0728323 -5.97859
0.0729809 -5.97715
0.0731455 -5.97554
0.0733277 -5.97377
0.0735294 -5.9718
0.0737527 -5.96963
0.074 -1.76722
0.074 -1.76722
0.0742427 -1.76613
0.0744984 -1.76498
0.0747678 -1.76378
0.0750516 -1.7625
0.0753506 -1.76116
0.0756656 -1.75975
0.0759976 -1.75827
0.0763473 -1.7567
0.0767157 -1.75505
0.0771039 -1.75331
0.0775128 -1.75147
0.0779437 -1.74954
0.0783977 -1.74751
0.0788759 -1.74537
0.0793798 -1.74311
0.0799107 -1.74073
0.0804701 -1.73822
0.0810594 -1.73558
0.0816802 -1.7328
0.0823344 -1.72987
0.0830235 -1.72678
0.0837496 -1.72353
0.0845146 -1.7201
0.0853206 -1.71649
0.0861697 -1.71268
0.0870644 -1.70867
0.0880069 -1.70445
0.089 -1.7
0.089 0
0.0900551 0
0.0917786 0
0.0945935 0
0.0991911 0
0.106701 0
0.118966 0
0.139 0
