Probe bulk_front_electrons vs gate bias
121 2 2
gate bias
Probe bulk_front_electrons
-3 7.53721e-033
-2.95 9.7285e-033
-2.9 1.33242e-032
-2.85 2.005e-032
-2.8 3.55111e-032
-2.75 8.50424e-032
-2.7 3.3032e-031
-2.65 1.92852e-030
-2.6 1.24456e-029
-2.55 7.40873e-029
-2.5 4.34673e-028
-2.45 2.78173e-027
-2.4 1.88003e-026
-2.35 1.29287e-025
-2.3 8.93094e-025
-2.25 6.17613e-024
-2.2 4.27219e-023
-2.15 2.95537e-022
-2.1 2.04447e-021
-2.05 1.41433e-020
-2 9.78413e-020
-1.95 6.76851e-019
-1.9 4.68236e-018
-1.85 3.23918e-017
-1.8 2.24082e-016
-1.75 1.55017e-015
-1.7 1.07238e-014
-1.65 7.41842e-014
-1.6 5.13124e-013
-1.55 3.54632e-012
-1.5 2.4376e-011
-1.45 1.62612e-010
-1.4 1.01567e-009
-1.35 6.52313e-009
-1.3 4.44514e-008
-1.25 3.06986e-007
-1.2 2.1233e-006
-1.15 1.46879e-005
-1.1 0.000101603
-1.05 0.000702839
-1 0.00486186
-0.95 0.0336315
-0.9 0.232595
-0.85 1.60483
-0.8 11.0906
-0.75 76.7152
-0.7 530.66
-0.65 3670.71
-0.6 25391
-0.55 175633
-0.5 1.21486e+006
-0.45 8.40311e+006
-0.4 5.81223e+007
-0.35 4.01992e+008
-0.3 2.7797e+009
-0.25 1.9205e+010
-0.2 1.32246e+011
-0.15 8.98628e+011
-0.1 5.81621e+012
-0.05 3.27646e+013
0 1.44394e+014
0.05 4.93267e+014
0.1 1.39302e+015
0.15 3.44824e+015
0.2 7.75448e+015
0.25 1.61662e+016
0.3 3.16041e+016
0.35 5.83227e+016
0.4 1.02003e+017
0.45 1.6951e+017
0.5 2.68208e+017
0.55 4.04923e+017
0.6 5.84877e+017
0.65 8.11047e+017
0.7 1.08417e+018
0.75 1.40296e+018
0.8 1.76441e+018
0.85 2.16435e+018
0.9 2.59822e+018
0.95 3.06178e+018
1 3.55147e+018
1.05 4.06444e+018
1.1 4.5986e+018
1.15 5.15238e+018
1.2 5.72466e+018
1.25 6.31455e+018
1.3 6.92126e+018
1.35 7.54399e+018
1.4 8.18188e+018
1.45 8.83397e+018
1.5 9.49926e+018
1.55 1.01767e+019
1.6 1.08653e+019
1.65 1.15641e+019
1.7 1.22721e+019
1.75 1.29885e+019
1.8 1.37125e+019
1.85 1.44434e+019
1.9 1.51804e+019
1.95 1.5923e+019
2 1.66707e+019
2.05 1.74229e+019
2.1 1.81792e+019
2.15 1.89392e+019
2.2 1.97026e+019
2.25 2.0469e+019
2.3 2.12381e+019
2.35 2.20097e+019
2.4 2.27835e+019
2.45 2.35592e+019
2.5 2.43368e+019
2.55 2.51159e+019
2.6 2.58965e+019
2.65 2.66784e+019
2.7 2.74614e+019
2.75 2.82454e+019
2.8 2.90303e+019
2.85 2.98161e+019
2.9 3.06025e+019
2.95 3.13896e+019
3 3.21772e+019
