Conduction Band Energy vs Depth
87 2 2
Depth
Conduction Band Energy
0 2.64924
0.0200101 2.64924
0.0343543 2.64924
0.0446368 2.64924
0.0520079 2.64924
0.0572917 2.64924
0.0610795 2.64924
0.0637947 2.64924
0.0657411 2.64924
0.0671363 2.64924
0.0681365 2.64924
0.0688535 2.64924
0.0693675 2.64924
0.0697359 2.64924
0.07 -0.397447
0.07 -0.397447
0.0702481 -0.39966
0.0704686 -0.405402
0.0706647 -0.41362
0.0708389 -0.423534
0.0709938 -0.434559
0.0711315 -0.446241
0.0712539 -0.458233
0.0713627 -0.470261
0.0714594 -0.482118
0.0715453 -0.493644
0.0716217 -0.504722
0.0716896 -0.515267
0.07175 -0.525225
0.07175 -0.525225
0.0718125 -0.536163
0.071875 -0.547776
0.0719375 -0.560102
0.072 -0.573181
0.072 -0.573181
0.0720595 2.46232
0.0721253 2.44994
0.0721982 2.43623
0.0722789 2.42105
0.0723683 2.40425
0.0724672 2.38564
0.0725767 2.36504
0.072698 2.34223
0.0728323 2.31698
0.0729809 2.28903
0.0731455 2.25808
0.0733277 2.22381
0.0735294 2.18587
0.0737527 2.14387
0.074 2.99737
0.074 2.99737
0.0742427 2.97638
0.0744984 2.95426
0.0747678 2.93096
0.0750516 2.90642
0.0753506 2.88055
0.0756656 2.8533
0.0759976 2.8246
0.0763473 2.79435
0.0767157 2.76248
0.0771039 2.72891
0.0775128 2.69354
0.0779437 2.65627
0.0783977 2.61701
0.0788759 2.57564
0.0793798 2.53206
0.0799107 2.48614
0.0804701 2.43776
0.0810594 2.38679
0.0816802 2.3331
0.0823344 2.27652
0.0830235 2.21691
0.0837496 2.15411
0.0845146 2.08795
0.0853206 2.01824
0.0861697 1.94479
0.0870644 1.86741
0.0880069 1.78589
0.089 1.7
0.089 0
0.0900551 0
0.0917786 0
0.0945935 0
0.0991911 0
0.106701 0
0.118966 0
0.139 0
