Conduction Band Energy vs Depth
87 2 2
Depth
Conduction Band Energy
0 3.03726
0.0200101 3.03726
0.0343543 3.03726
0.0446368 3.03726
0.0520079 3.03726
0.0572917 3.03726
0.0610795 3.03726
0.0637947 3.03726
0.0657411 3.03726
0.0671363 3.03726
0.0681365 3.03726
0.0688535 3.03726
0.0693675 3.03726
0.0697359 3.03726
0.07 -0.00942719
0.07 -0.00942719
0.0702481 -0.0097341
0.0704686 -0.0105255
0.0706647 -0.0116455
0.0708389 -0.0129777
0.0709938 -0.0144353
0.0711315 -0.0159534
0.0712539 -0.017484
0.0713627 -0.018992
0.0714594 -0.0204527
0.0715453 -0.0218487
0.0716217 -0.0231688
0.0716896 -0.0244065
0.07175 -0.0255586
0.07175 -0.0255586
0.0718125 -0.0268231
0.071875 -0.0281616
0.0719375 -0.0295756
0.072 -0.0310666
0.072 -0.0310666
0.0720595 3.01619
0.0721253 3.01681
0.0721982 3.0175
0.0722789 3.01827
0.0723683 3.01912
0.0724672 3.02005
0.0725767 3.02109
0.072698 3.02224
0.0728323 3.02352
0.0729809 3.02492
0.0731455 3.02649
0.0733277 3.02821
0.0735294 3.03013
0.0737527 3.03224
0.074 3.93459
0.074 3.93459
0.0742427 3.93565
0.0744984 3.93676
0.0747678 3.93794
0.0750516 3.93917
0.0753506 3.94048
0.0756656 3.94185
0.0759976 3.9433
0.0763473 3.94482
0.0767157 3.94643
0.0771039 3.94812
0.0775128 3.94991
0.0779437 3.95179
0.0783977 3.95377
0.0788759 3.95585
0.0793798 3.95805
0.0799107 3.96036
0.0804701 3.9628
0.0810594 3.96537
0.0816802 3.96808
0.0823344 3.97093
0.0830235 3.97394
0.0837496 3.9771
0.0845146 3.98044
0.0853206 3.98395
0.0861697 3.98766
0.0870644 3.99156
0.0880069 3.99567
0.089 4
0.089 0
0.0900551 0
0.0917786 0
0.0945935 0
0.0991911 0
0.106701 0
0.118966 0
0.139 0
