Probe chan_n vs gate bias
76 2 2
gate bias
Probe chan_n
-3 1.19896e-038
-2.8 1.5623e-036
-2.6 3.50122e-033
-2.4 8.01791e-030
-2.2 1.83395e-026
-2 3.5827e-023
-1.8 7.90952e-020
-1.6 1.81133e-016
-1.4 4.1436e-013
-1.2 5.97539e-010
-1 1.32336e-006
-0.95 9.15449e-006
-0.9 6.33271e-005
-0.85 0.000438071
-0.8 0.00303039
-0.75 0.0209629
-0.7 0.145013
-0.65 1.00313
-0.6 6.93921
-0.55 48.002
-0.5 332.047
-0.45 2296.76
-0.4 15884.2
-0.35 109818
-0.3 758809
-0.25 5.239e+006
-0.2 3.61392e+007
-0.15 2.49031e+008
-0.1 1.71214e+009
-0.05 1.16944e+010
-4.24783e-016 7.86492e+010
0.05 5.15035e+011
0.1 3.26176e+012
0.15 1.99517e+013
0.2 1.1622e+014
0.25 6.03941e+014
0.3 2.48696e+015
0.35 7.5665e+015
0.4 1.76362e+016
0.45 3.39413e+016
0.5 5.73463e+016
0.55 8.86084e+016
0.6 1.28543e+017
0.65 1.78121e+017
0.7 2.3852e+017
0.75 3.11162e+017
0.8 3.97729e+017
0.85 5.00156e+017
0.9 6.20597e+017
0.95 7.61377e+017
1 9.24943e+017
1.05 1.11382e+018
1.1 1.33048e+018
1.15 1.5772e+018
1.2 1.85583e+018
1.25 2.16774e+018
1.3 2.51377e+018
1.35 2.89429e+018
1.4 3.30922e+018
1.45 3.75813e+018
1.5 4.24031e+018
1.6 5.30083e+018
1.7 6.48237e+018
1.8 7.77545e+018
1.9 9.16975e+018
2 1.06542e+019
2.1 1.22172e+019
2.2 1.38477e+019
2.3 1.55349e+019
2.4 1.72696e+019
2.5 1.90435e+019
2.6 2.08496e+019
2.7 2.26821e+019
2.8 2.45364e+019
2.9 2.64083e+019
3 2.82947e+019
