drain current vs gate bias
76 2 2
gate bias
drain current
-3 1.67014e-019
-2.8 4.11747e-019
-2.6 5.43327e-021
-2.4 -8.44755e-019
-2.2 4.45055e-019
-2 1.14335e-019
-1.8 6.7089e-020
-1.6 1.34462e-018
-1.4 -2.72325e-018
-1.2 -3.84581e-019
-1 2.03157e-019
-0.95 1.79534e-020
-0.9 -3.86471e-019
-0.85 -6.99238e-020
-0.8 -1.80384e-018
-0.75 6.58606e-019
-0.7 -2.09771e-019
-0.65 8.90111e-019
-0.6 -9.27907e-019
-0.55 -6.86009e-019
-0.5 1.78211e-018
-0.45 -3.65493e-018
-0.4 1.20193e-018
-0.35 7.21929e-019
-0.3 1.76141e-018
-0.25 3.28513e-018
-0.2 -4.04073e-019
-0.15 -2.85318e-020
-0.1 2.1495e-018
-0.05 1.38404e-017
-4.24783e-016 8.81415e-017
0.05 5.82399e-016
0.1 3.7546e-015
0.15 2.33832e-014
0.2 1.39546e-013
0.25 7.63965e-013
0.3 3.51028e-012
0.35 1.26119e-011
0.4 3.55952e-011
0.45 8.2823e-011
0.5 1.66993e-010
0.55 3.03095e-010
0.6 5.08738e-010
0.65 8.04691e-010
0.7 1.21555e-009
0.75 1.77046e-009
0.8 2.50373e-009
0.85 3.45532e-009
0.9 4.67088e-009
0.95 6.20125e-009
1 8.10094e-009
1.05 1.04258e-008
1.1 1.3231e-008
1.15 1.65692e-008
1.2 2.04903e-008
1.25 2.50401e-008
1.3 3.02586e-008
1.35 3.61793e-008
1.4 4.28276e-008
1.45 5.02205e-008
1.5 5.83653e-008
1.6 7.68916e-008
1.7 9.82753e-008
1.8 1.22259e-007
1.9 1.48506e-007
2 1.76655e-007
2.1 2.06364e-007
2.2 2.37332e-007
2.3 2.69309e-007
2.4 3.02094e-007
2.5 3.35531e-007
2.6 3.69497e-007
2.7 4.03897e-007
2.8 4.38655e-007
2.9 4.73715e-007
3 5.09029e-007
