source current vs gate bias
76 2 2
gate bias
source current
-3 -3.0757e-019
-2.8 -1.39375e-019
-2.6 -5.51358e-019
-2.4 -1.13154e-018
-2.2 8.50424e-019
-2 -1.02712e-018
-1.8 8.22077e-020
-1.6 2.44639e-018
-1.4 6.69945e-018
-1.2 1.58481e-017
-1 -5.85848e-020
-0.95 -2.2111e-019
-0.9 1.37958e-019
-0.85 -1.70085e-019
-0.8 -6.42543e-020
-0.75 -1.51187e-020
-0.7 -6.87899e-019
-0.65 3.04263e-019
-0.6 1.11878e-018
-0.55 5.42382e-019
-0.5 -1.37958e-019
-0.45 -9.82713e-019
-0.4 2.15439e-019
-0.35 2.68345e-019
-0.3 -4.19618e-019
-0.25 6.37396e-020
-0.2 1.52725e-018
-0.15 -1.33547e-018
-0.1 -1.44033e-018
-0.05 -1.2204e-017
-4.24783e-016 -8.86169e-017
0.05 -5.82925e-016
0.1 -3.75563e-015
0.15 -2.33843e-014
0.2 -1.39545e-013
0.25 -7.63962e-013
0.3 -3.51028e-012
0.35 -1.26119e-011
0.4 -3.55952e-011
0.45 -8.28231e-011
0.5 -1.66993e-010
0.55 -3.03095e-010
0.6 -5.08738e-010
0.65 -8.04691e-010
0.7 -1.21555e-009
0.75 -1.77046e-009
0.8 -2.50373e-009
0.85 -3.45532e-009
0.9 -4.67088e-009
0.95 -6.20125e-009
1 -8.10094e-009
1.05 -1.04258e-008
1.1 -1.3231e-008
1.15 -1.65692e-008
1.2 -2.04903e-008
1.25 -2.50401e-008
1.3 -3.02586e-008
1.35 -3.61793e-008
1.4 -4.28276e-008
1.45 -5.02205e-008
1.5 -5.83653e-008
1.6 -7.68916e-008
1.7 -9.82753e-008
1.8 -1.22259e-007
1.9 -1.48506e-007
2 -1.76655e-007
2.1 -2.06364e-007
2.2 -2.37332e-007
2.3 -2.69309e-007
2.4 -3.02094e-007
2.5 -3.35531e-007
2.6 -3.69497e-007
2.7 -4.03897e-007
2.8 -4.38655e-007
2.9 -4.73715e-007
3 -5.09029e-007
