Valence Band Energy vs Depth
87 2 2
Depth
Valence Band Energy
0 -6.35076
0.0200101 -6.35076
0.0343543 -6.35076
0.0446368 -6.35076
0.0520079 -6.35076
0.0572917 -6.35076
0.0610795 -6.35076
0.0637947 -6.35076
0.0657411 -6.35076
0.0671363 -6.35076
0.0681365 -6.35076
0.0688535 -6.35076
0.0693675 -6.35076
0.0697359 -6.35076
0.07 -3.80076
0.07 -3.80076
0.0702481 -3.80297
0.0704686 -3.80871
0.0706647 -3.81693
0.0708389 -3.82684
0.0709938 -3.83787
0.0711315 -3.84955
0.0712539 -3.86154
0.0713627 -3.87357
0.0714594 -3.88543
0.0715453 -3.89695
0.0716217 -3.90803
0.0716896 -3.91858
0.07175 -3.92853
0.07175 -3.92853
0.0718125 -3.93947
0.071875 -3.95109
0.0719375 -3.96341
0.072 -3.97649
0.072 -3.97649
0.0720595 -6.53768
0.0721253 -6.55006
0.0721982 -6.56377
0.0722789 -6.57895
0.0723683 -6.59575
0.0724672 -6.61436
0.0725767 -6.63496
0.072698 -6.65777
0.0728323 -6.68302
0.0729809 -6.71097
0.0731455 -6.74192
0.0733277 -6.77619
0.0735294 -6.81413
0.0737527 -6.85613
0.074 -2.70263
0.074 -2.70263
0.0742427 -2.72362
0.0744984 -2.74574
0.0747678 -2.76904
0.0750516 -2.79358
0.0753506 -2.81945
0.0756656 -2.8467
0.0759976 -2.8754
0.0763473 -2.90565
0.0767157 -2.93752
0.0771039 -2.97109
0.0775128 -3.00646
0.0779437 -3.04373
0.0783977 -3.08299
0.0788759 -3.12436
0.0793798 -3.16794
0.0799107 -3.21386
0.0804701 -3.26224
0.0810594 -3.31321
0.0816802 -3.3669
0.0823344 -3.42348
0.0830235 -3.48309
0.0837496 -3.54589
0.0845146 -3.61205
0.0853206 -3.68176
0.0861697 -3.75521
0.0870644 -3.83259
0.0880069 -3.91411
0.089 -4
0.089 0
0.0900551 0
0.0917786 0
0.0945935 0
0.0991911 0
0.106701 0
0.118966 0
0.139 0
