Valence Band Energy vs Depth
87 2 2
Depth
Valence Band Energy
0 -5.96274
0.0200101 -5.96274
0.0343543 -5.96274
0.0446368 -5.96274
0.0520079 -5.96274
0.0572917 -5.96274
0.0610795 -5.96274
0.0637947 -5.96274
0.0657411 -5.96274
0.0671363 -5.96274
0.0681365 -5.96274
0.0688535 -5.96274
0.0693675 -5.96274
0.0697359 -5.96274
0.07 -3.41274
0.07 -3.41274
0.0702481 -3.41304
0.0704686 -3.41384
0.0706647 -3.41496
0.0708389 -3.41629
0.0709938 -3.41775
0.0711315 -3.41926
0.0712539 -3.42079
0.0713627 -3.4223
0.0714594 -3.42376
0.0715453 -3.42516
0.0716217 -3.42648
0.0716896 -3.42772
0.07175 -3.42887
0.07175 -3.42887
0.0718125 -3.43013
0.071875 -3.43147
0.0719375 -3.43289
0.072 -3.43438
0.072 -3.43438
0.0720595 -5.98381
0.0721253 -5.98319
0.0721982 -5.9825
0.0722789 -5.98173
0.0723683 -5.98088
0.0724672 -5.97995
0.0725767 -5.97891
0.072698 -5.97776
0.0728323 -5.97648
0.0729809 -5.97508
0.0731455 -5.97351
0.0733277 -5.97179
0.0735294 -5.96987
0.0737527 -5.96776
0.074 -1.76541
0.074 -1.76541
0.0742427 -1.76435
0.0744984 -1.76324
0.0747678 -1.76206
0.0750516 -1.76083
0.0753506 -1.75952
0.0756656 -1.75815
0.0759976 -1.7567
0.0763473 -1.75518
0.0767157 -1.75357
0.0771039 -1.75188
0.0775128 -1.75009
0.0779437 -1.74821
0.0783977 -1.74623
0.0788759 -1.74415
0.0793798 -1.74195
0.0799107 -1.73964
0.0804701 -1.7372
0.0810594 -1.73463
0.0816802 -1.73192
0.0823344 -1.72907
0.0830235 -1.72606
0.0837496 -1.7229
0.0845146 -1.71956
0.0853206 -1.71605
0.0861697 -1.71234
0.0870644 -1.70844
0.0880069 -1.70433
0.089 -1.7
0.089 0
0.0900551 0
0.0917786 0
0.0945935 0
0.0991911 0
0.106701 0
0.118966 0
0.139 0
