Probe avg_n vs gate bias
76 2 2
gate bias
Probe avg_n
-3 7.76083e+012
-2.8 7.76143e+012
-2.6 7.76248e+012
-2.4 7.76432e+012
-2.2 7.76751e+012
-2 7.77305e+012
-1.8 7.78265e+012
-1.6 7.79934e+012
-1.4 7.82838e+012
-1.2 7.8791e+012
-1 7.96813e+012
-0.95 7.99949e+012
-0.9 8.0357e+012
-0.85 8.07752e+012
-0.8 8.12588e+012
-0.75 8.18187e+012
-0.7 8.24676e+012
-0.65 8.32207e+012
-0.6 8.4096e+012
-0.55 8.5115e+012
-0.5 8.63036e+012
-0.45 8.7693e+012
-0.4 8.93211e+012
-0.35 9.12347e+012
-0.3 9.34921e+012
-0.25 9.61666e+012
-0.2 9.93515e+012
-0.15 1.03169e+013
-0.1 1.07788e+013
-0.05 1.13508e+013
-4.24783e-016 1.21205e+013
0.05 1.3504e+013
0.1 1.78466e+013
0.15 3.8373e+013
0.2 1.41729e+014
0.25 5.77276e+014
0.3 1.90042e+015
0.35 4.78634e+015
0.4 9.75565e+015
0.45 1.71752e+016
0.5 2.73735e+016
0.55 4.07245e+016
0.6 5.76928e+016
0.65 7.88606e+016
0.7 1.04936e+017
0.75 1.36738e+017
0.8 1.75154e+017
0.85 2.21053e+017
0.9 2.752e+017
0.95 3.38176e+017
1 4.10359e+017
1.05 4.91943e+017
1.1 5.82945e+017
1.15 6.83229e+017
1.2 7.9255e+017
1.25 9.10615e+017
1.3 1.03713e+018
1.35 1.17185e+018
1.4 1.31457e+018
1.45 1.46517e+018
1.5 1.62359e+018
1.6 1.96366e+018
1.7 2.33409e+018
1.8 2.73327e+018
1.9 3.15863e+018
2 3.6071e+018
2.1 4.07563e+018
2.2 4.56138e+018
2.3 5.06191e+018
2.4 5.57512e+018
2.5 6.09923e+018
2.6 6.63275e+018
2.7 7.17446e+018
2.8 7.72329e+018
2.9 8.27836e+018
3 8.83893e+018
