Conduction Band Energy vs Depth
92 2 2
Depth
Conduction Band Energy
0 3.74938
0.0199902 3.74938
0.0344313 3.74938
0.0448638 3.74938
0.0524003 3.74938
0.0578448 3.74938
0.061778 3.74938
0.0646194 3.74938
0.066672 3.74938
0.0681549 3.74938
0.0692261 3.74938
0.07 0.421777
0.07 0.421777
0.0707848 0.421921
0.0714745 0.422284
0.0720807 0.422786
0.0726135 0.423369
0.0730818 0.42399
0.0734934 0.424621
0.0738552 0.42524
0.0741731 0.425835
0.0744526 0.426397
0.0746982 0.42692
0.0749141 0.427404
0.0751038 0.427847
0.0752706 0.42825
0.0754172 0.428615
0.075546 0.428944
0.0756592 0.42924
0.0757587 0.429505
0.0758462 0.429741
0.0759231 0.429952
0.0759906 0.43014
0.07605 0.430307
0.07605 0.430307
0.0761125 0.430482
0.076175 0.430657
0.0762375 0.430833
0.0763 0.431008
0.0763 0.431008
0.0763595 3.75889
0.0764253 3.75919
0.0764982 3.75953
0.0765789 3.75991
0.0766683 3.76032
0.0767672 3.76078
0.0768767 3.76129
0.076998 3.76186
0.0771323 3.76248
0.0772809 3.76317
0.0774455 3.76394
0.0776277 3.76478
0.0778294 3.76572
0.0780527 3.76676
0.0783 4.66791
0.0783 4.66791
0.0785427 4.66843
0.0787984 4.66898
0.0790678 4.66955
0.0793516 4.67016
0.0796506 4.6708
0.0799656 4.67147
0.0802976 4.67218
0.0806473 4.67293
0.0810157 4.67372
0.0814039 4.67455
0.0818128 4.67543
0.0822437 4.67635
0.0826977 4.67732
0.0831759 4.67834
0.0836798 4.67942
0.0842107 4.68056
0.0847701 4.68175
0.0853594 4.68301
0.0859802 4.68434
0.0866344 4.68574
0.0873235 4.68722
0.0880496 4.68877
0.0888146 4.6904
0.0896206 4.69213
0.0904697 4.69395
0.0913644 4.69586
0.0923069 4.69788
0.0933 4.7
0.0933 0
0.0943551 0
0.0960786 0
0.0988935 0
0.103491 0
0.111001 0
0.123266 0
0.1433 0
