Conduction Band Energy vs Depth
92 2 2
Depth
Conduction Band Energy
0 3.05509
0.0199902 3.05509
0.0344313 3.05509
0.0448638 3.05509
0.0524003 3.05509
0.0578448 3.05509
0.061778 3.05509
0.0646194 3.05509
0.066672 3.05509
0.0681549 3.05509
0.0692261 3.05509
0.07 -0.272508
0.07 -0.272508
0.0707848 -0.275048
0.0714745 -0.281669
0.0720807 -0.29129
0.0726135 -0.303178
0.0730818 -0.316794
0.0734934 -0.331713
0.0738552 -0.347583
0.0741731 -0.364109
0.0744526 -0.381037
0.0746982 -0.398139
0.0749141 -0.41521
0.0751038 -0.432062
0.0752706 -0.448528
0.0754172 -0.46446
0.075546 -0.479735
0.0756592 -0.494257
0.0757587 -0.507954
0.0758462 -0.520779
0.0759231 -0.532707
0.0759906 -0.543735
0.07605 -0.553875
0.07605 -0.553875
0.0761125 -0.565042
0.076175 -0.576746
0.0762375 -0.58902
0.0763 -0.601895
0.0763 -0.601895
0.0763595 2.71283
0.0764253 2.69858
0.0764982 2.68281
0.0765789 2.66534
0.0766683 2.646
0.0767672 2.62459
0.0768767 2.60089
0.076998 2.57465
0.0771323 2.54559
0.0772809 2.51342
0.0774455 2.47781
0.0776277 2.43838
0.0778294 2.39472
0.0780527 2.34639
0.0783 3.19288
0.0783 3.19288
0.0785427 3.16873
0.0787984 3.14328
0.0790678 3.11647
0.0793516 3.08822
0.0796506 3.05846
0.0799656 3.02711
0.0802976 2.99407
0.0806473 2.95927
0.0810157 2.9226
0.0814039 2.88397
0.0818128 2.84326
0.0822437 2.80038
0.0826977 2.7552
0.0831759 2.7076
0.0836798 2.65745
0.0842107 2.60461
0.0847701 2.54894
0.0853594 2.49029
0.0859802 2.4285
0.0866344 2.3634
0.0873235 2.29481
0.0880496 2.22254
0.0888146 2.14641
0.0896206 2.06619
0.0904697 1.98168
0.0913644 1.89264
0.0923069 1.79883
0.0933 1.7
0.0933 0
0.0943551 0
0.0960786 0
0.0988935 0
0.103491 0
0.111001 0
0.123266 0
0.1433 0
