Conduction Band Energy vs Depth
92 2 2
Depth
Conduction Band Energy
0 3.35334
0.0199902 3.35334
0.0344313 3.35334
0.0448638 3.35334
0.0524003 3.35334
0.0578448 3.35335
0.061778 3.35335
0.0646194 3.35335
0.066672 3.35335
0.0681549 3.35335
0.0692261 3.35335
0.07 0.0257457
0.07 0.0257457
0.0707848 0.0251751
0.0714745 0.0237165
0.0720807 0.0216646
0.0726135 0.0192324
0.0730818 0.0165761
0.0734934 0.0138119
0.0738552 0.011026
0.0741731 0.0082819
0.0744526 0.0056256
0.0746982 0.00308937
0.0749141 0.000694699
0.0751038 -0.00154539
0.0752706 -0.00362446
0.0754172 -0.00554112
0.075546 -0.0072978
0.0756592 -0.00889973
0.0757587 -0.0103541
0.0758462 -0.0116694
0.0759231 -0.0128548
0.0759906 -0.0139201
0.07605 -0.0148748
0.07605 -0.0148748
0.0761125 -0.0159174
0.076175 -0.0169992
0.0762375 -0.0181206
0.0763 -0.0192822
0.0763 -0.0192822
0.0763595 3.30726
0.0764253 3.30609
0.0764982 3.30479
0.0765789 3.30336
0.0766683 3.30177
0.0767672 3.30001
0.0768767 3.29806
0.076998 3.2959
0.0771323 3.29351
0.0772809 3.29087
0.0774455 3.28794
0.0776277 3.2847
0.0778294 3.28111
0.0780527 3.27713
0.0783 4.17273
0.0783 4.17273
0.0785427 4.17075
0.0787984 4.16866
0.0790678 4.16645
0.0793516 4.16413
0.0796506 4.16168
0.0799656 4.15911
0.0802976 4.15639
0.0806473 4.15353
0.0810157 4.15051
0.0814039 4.14734
0.0818128 4.14399
0.0822437 4.14047
0.0826977 4.13675
0.0831759 4.13284
0.0836798 4.12871
0.0842107 4.12437
0.0847701 4.11979
0.0853594 4.11497
0.0859802 4.10989
0.0866344 4.10454
0.0873235 4.0989
0.0880496 4.09296
0.0888146 4.0867
0.0896206 4.08011
0.0904697 4.07316
0.0913644 4.06584
0.0923069 4.05813
0.0933 4.05
0.0933 0
0.0943551 0
0.0960786 0
0.0988935 0
0.103491 0
0.111001 0
0.123266 0
0.1433 0
