Probe chan_n vs gate bias
76 2 2
gate bias
Probe chan_n
-3 5.61808e-034
-2.8 9.87292e-034
-2.6 8.37143e-033
-2.4 1.03483e-029
-2.2 2.36865e-026
-2 5.42431e-023
-1.8 1.18874e-019
-1.6 2.4345e-016
-1.4 5.56985e-013
-1.2 1.25656e-009
-1 1.7076e-006
-0.95 1.18089e-005
-0.9 8.16883e-005
-0.85 0.000565085
-0.8 0.00390901
-0.75 0.0270408
-0.7 0.187056
-0.65 1.29393
-0.6 8.95058
-0.55 61.9136
-0.5 428.231
-0.45 2961.01
-0.4 20458.6
-0.35 141136
-0.3 971178
-0.25 6.66151e+006
-0.2 4.55586e+007
-0.15 3.10989e+008
-0.1 2.11925e+009
-0.05 1.43652e+010
-4.24783e-016 9.59474e+010
0.05 6.23556e+011
0.1 3.90375e+012
0.15 2.32757e+013
0.2 1.26965e+014
0.25 5.74349e+014
0.3 1.94665e+015
0.35 4.91821e+015
0.4 9.90437e+015
0.45 1.70356e+016
0.5 2.62852e+016
0.55 3.75663e+016
0.6 5.07861e+016
0.65 6.58717e+016
0.7 8.27809e+016
0.75 1.01498e+017
0.8 1.22024e+017
0.85 1.44354e+017
0.9 1.68464e+017
0.95 1.94307e+017
1 2.21818e+017
1.05 2.50931e+017
1.1 2.81577e+017
1.15 3.13695e+017
1.2 3.47229e+017
1.25 3.82143e+017
1.3 4.18418e+017
1.35 4.56056e+017
1.4 4.95078e+017
1.45 5.35522e+017
1.5 5.77439e+017
1.6 6.65925e+017
1.7 7.60961e+017
1.8 8.62795e+017
1.9 9.71446e+017
2 1.08674e+018
2.1 1.20841e+018
2.2 1.3361e+018
2.3 1.46944e+018
2.4 1.60807e+018
2.5 1.75163e+018
2.6 1.89975e+018
2.7 2.05211e+018
2.8 2.20837e+018
2.9 2.36822e+018
3 2.53139e+018
