Probe chan_mob vs gate bias
76 2 2
gate bias
Probe chan_mob
-3 10.3941
-2.8 10.3941
-2.6 10.3941
-2.4 10.3941
-2.2 10.3941
-2 10.3941
-1.8 10.3941
-1.6 10.3941
-1.4 10.3941
-1.2 10.3941
-1 10.3941
-0.95 10.3941
-0.9 10.3941
-0.85 10.3941
-0.8 10.3941
-0.75 10.3941
-0.7 10.3941
-0.65 10.3941
-0.6 10.3941
-0.55 10.3941
-0.5 10.3941
-0.45 10.3941
-0.4 10.3941
-0.35 10.3941
-0.3 10.3941
-0.25 10.3941
-0.2 10.3941
-0.15 10.3941
-0.1 10.3941
-0.05 10.3941
-4.24783e-016 10.3941
0.05 10.3941
0.1 10.3941
0.15 10.3941
0.2 10.3941
0.25 10.3941
0.3 10.3941
0.35 10.3941
0.4 10.3941
0.45 10.3941
0.5 10.3941
0.55 10.3941
0.6 10.3941
0.65 10.3941
0.7 10.3941
0.75 10.3941
0.8 10.3941
0.85 10.3941
0.9 10.3941
0.95 10.3941
1 10.3941
1.05 10.3941
1.1 10.3941
1.15 10.3941
1.2 10.3941
1.25 10.3941
1.3 10.3941
1.35 10.3941
1.4 10.3941
1.45 10.3941
1.5 10.3941
1.6 10.3941
1.7 10.3941
1.8 10.3941
1.9 10.3941
2 10.3941
2.1 10.3941
2.2 10.3941
2.3 10.3941
2.4 10.3941
2.5 10.3941
2.6 10.3941
2.7 10.3941
2.8 10.3941
2.9 10.3941
3 10.3941
