drain current vs gate bias
76 2 2
gate bias
drain current
-3 3.88188e-021
-2.8 9.26619e-021
-2.6 -2.71708e-021
-2.4 -1.14924e-020
-2.2 -2.24379e-020
-2 -3.18993e-021
-1.8 -1.33006e-020
-1.6 -2.14835e-020
-1.4 -1.52909e-020
-1.2 -1.21356e-020
-1 -7.61423e-020
-0.95 2.25792e-020
-0.9 1.74753e-021
-0.85 -3.58659e-020
-0.8 3.02905e-020
-0.75 1.14172e-019
-0.7 -2.43544e-020
-0.65 3.91668e-020
-0.6 1.75751e-019
-0.55 -1.53283e-019
-0.5 1.53505e-019
-0.45 1.54173e-019
-0.4 -9.65178e-020
-0.35 -1.97415e-019
-0.3 7.32419e-020
-0.25 2.70784e-019
-0.2 -8.66257e-020
-0.15 8.10984e-019
-0.1 5.55724e-018
-0.05 3.84192e-017
-4.24783e-016 2.60118e-016
0.05 1.71005e-015
0.1 1.08969e-014
0.15 6.65508e-014
0.2 3.78716e-013
0.25 1.87203e-012
0.3 7.38643e-012
0.35 2.26936e-011
0.4 5.63468e-011
0.45 1.19142e-010
0.5 2.2403e-010
0.55 3.86504e-010
0.6 6.25261e-010
0.65 9.63036e-010
0.7 1.42745e-009
0.75 2.05167e-009
0.8 2.87462e-009
0.85 3.94043e-009
0.9 5.29694e-009
0.95 6.99337e-009
1 9.07726e-009
1.05 1.15918e-008
1.1 1.45745e-008
1.15 1.80569e-008
1.2 2.20645e-008
1.25 2.66165e-008
1.3 3.17255e-008
1.35 3.73968e-008
1.4 4.36277e-008
1.45 5.04078e-008
1.5 5.77185e-008
1.6 7.38224e-008
1.7 9.16773e-008
1.8 1.10996e-007
1.9 1.31516e-007
2 1.53021e-007
2.1 1.75337e-007
2.2 1.98331e-007
2.3 2.21895e-007
2.4 2.45946e-007
2.5 2.70417e-007
2.6 2.95253e-007
2.7 3.20409e-007
2.8 3.45848e-007
2.9 3.7154e-007
3 3.97457e-007
