source current vs gate bias
76 2 2
gate bias
source current
-3 1.37826e-022
-2.8 5.74188e-021
-2.6 1.72291e-020
-2.4 -1.99718e-020
-2.2 2.74681e-020
-2 5.10389e-021
-1.8 -9.86105e-021
-1.6 5.76684e-020
-1.4 4.94079e-019
-1.2 2.33625e-018
-1 2.00673e-017
-0.95 5.96934e-020
-0.9 -1.78636e-020
-0.85 -4.95965e-020
-0.8 -9.4533e-020
-0.75 5.94714e-020
-0.7 2.65846e-019
-0.65 1.14727e-019
-0.6 5.71414e-019
-0.55 9.77063e-019
-0.5 2.01981e-018
-0.45 4.02586e-018
-0.4 7.54221e-018
-0.35 1.25138e-017
-0.3 2.104e-017
-0.25 3.58451e-017
-0.2 -1.26077e-019
-0.15 -7.92202e-019
-0.1 -5.57118e-018
-0.05 -3.83553e-017
-4.24783e-016 -2.60403e-016
0.05 -1.70976e-015
0.1 -1.0897e-014
0.15 -6.65508e-014
0.2 -3.78716e-013
0.25 -1.87203e-012
0.3 -7.38643e-012
0.35 -2.26935e-011
0.4 -5.63468e-011
0.45 -1.19142e-010
0.5 -2.2403e-010
0.55 -3.86504e-010
0.6 -6.25261e-010
0.65 -9.63036e-010
0.7 -1.42745e-009
0.75 -2.05167e-009
0.8 -2.87462e-009
0.85 -3.94043e-009
0.9 -5.29694e-009
0.95 -6.99337e-009
1 -9.07726e-009
1.05 -1.15918e-008
1.1 -1.45745e-008
1.15 -1.80569e-008
1.2 -2.20645e-008
1.25 -2.66165e-008
1.3 -3.17255e-008
1.35 -3.73968e-008
1.4 -4.36277e-008
1.45 -5.04078e-008
1.5 -5.77185e-008
1.6 -7.38224e-008
1.7 -9.16773e-008
1.8 -1.10996e-007
1.9 -1.31516e-007
2 -1.53021e-007
2.1 -1.75337e-007
2.2 -1.98331e-007
2.3 -2.21895e-007
2.4 -2.45946e-007
2.5 -2.70417e-007
2.6 -2.95253e-007
2.7 -3.20409e-007
2.8 -3.45848e-007
2.9 -3.7154e-007
3 -3.97457e-007
