Valence Band Energy vs Depth
92 2 2
Depth
Valence Band Energy
0 -5.94491
0.0199902 -5.94491
0.0344313 -5.94491
0.0448638 -5.94491
0.0524003 -5.94491
0.0578448 -5.94491
0.061778 -5.94491
0.0646194 -5.94491
0.066672 -5.94491
0.0681549 -5.94491
0.0692261 -5.94491
0.07 -3.39491
0.07 -3.39491
0.0707848 -3.39745
0.0714745 -3.40407
0.0720807 -3.41369
0.0726135 -3.42558
0.0730818 -3.43919
0.0734934 -3.45411
0.0738552 -3.46998
0.0741731 -3.48651
0.0744526 -3.50344
0.0746982 -3.52054
0.0749141 -3.53761
0.0751038 -3.55446
0.0752706 -3.57093
0.0754172 -3.58686
0.075546 -3.60214
0.0756592 -3.61666
0.0757587 -3.63035
0.0758462 -3.64318
0.0759231 -3.65511
0.0759906 -3.66614
0.07605 -3.67627
0.07605 -3.67627
0.0761125 -3.68744
0.076175 -3.69915
0.0762375 -3.71142
0.0763 -3.7243
0.0763 -3.7243
0.0763595 -6.28717
0.0764253 -6.30142
0.0764982 -6.31719
0.0765789 -6.33466
0.0766683 -6.354
0.0767672 -6.37541
0.0768767 -6.39911
0.076998 -6.42535
0.0771323 -6.45441
0.0772809 -6.48658
0.0774455 -6.52219
0.0776277 -6.56162
0.0778294 -6.60528
0.0780527 -6.65361
0.0783 -2.50712
0.0783 -2.50712
0.0785427 -2.53127
0.0787984 -2.55672
0.0790678 -2.58353
0.0793516 -2.61178
0.0796506 -2.64154
0.0799656 -2.67289
0.0802976 -2.70593
0.0806473 -2.74073
0.0810157 -2.7774
0.0814039 -2.81603
0.0818128 -2.85674
0.0822437 -2.89962
0.0826977 -2.9448
0.0831759 -2.9924
0.0836798 -3.04255
0.0842107 -3.09539
0.0847701 -3.15106
0.0853594 -3.20971
0.0859802 -3.2715
0.0866344 -3.3366
0.0873235 -3.40519
0.0880496 -3.47746
0.0888146 -3.55359
0.0896206 -3.63381
0.0904697 -3.71832
0.0913644 -3.80736
0.0923069 -3.90117
0.0933 -4
0.0933 0
0.0943551 0
0.0960786 0
0.0988935 0
0.103491 0
0.111001 0
0.123266 0
0.1433 0
