Valence Band Energy vs Depth
92 2 2
Depth
Valence Band Energy
0 -5.64666
0.0199902 -5.64666
0.0344313 -5.64666
0.0448638 -5.64666
0.0524003 -5.64666
0.0578448 -5.64665
0.061778 -5.64665
0.0646194 -5.64665
0.066672 -5.64665
0.0681549 -5.64665
0.0692261 -5.64665
0.07 -3.09665
0.07 -3.09665
0.0707848 -3.09722
0.0714745 -3.09868
0.0720807 -3.10074
0.0726135 -3.10317
0.0730818 -3.10582
0.0734934 -3.10859
0.0738552 -3.11137
0.0741731 -3.11412
0.0744526 -3.11677
0.0746982 -3.11931
0.0749141 -3.12171
0.0751038 -3.12395
0.0752706 -3.12602
0.0754172 -3.12794
0.075546 -3.1297
0.0756592 -3.1313
0.0757587 -3.13275
0.0758462 -3.13407
0.0759231 -3.13525
0.0759906 -3.13632
0.07605 -3.13727
0.07605 -3.13727
0.0761125 -3.13832
0.076175 -3.1394
0.0762375 -3.14052
0.0763 -3.14168
0.0763 -3.14168
0.0763595 -5.69274
0.0764253 -5.69391
0.0764982 -5.69521
0.0765789 -5.69664
0.0766683 -5.69823
0.0767672 -5.69999
0.0768767 -5.70194
0.076998 -5.7041
0.0771323 -5.70649
0.0772809 -5.70913
0.0774455 -5.71206
0.0776277 -5.7153
0.0778294 -5.71889
0.0780527 -5.72287
0.0783 -1.52727
0.0783 -1.52727
0.0785427 -1.52925
0.0787984 -1.53134
0.0790678 -1.53355
0.0793516 -1.53587
0.0796506 -1.53832
0.0799656 -1.54089
0.0802976 -1.54361
0.0806473 -1.54647
0.0810157 -1.54949
0.0814039 -1.55266
0.0818128 -1.55601
0.0822437 -1.55953
0.0826977 -1.56325
0.0831759 -1.56716
0.0836798 -1.57129
0.0842107 -1.57563
0.0847701 -1.58021
0.0853594 -1.58503
0.0859802 -1.59011
0.0866344 -1.59546
0.0873235 -1.6011
0.0880496 -1.60704
0.0888146 -1.6133
0.0896206 -1.61989
0.0904697 -1.62684
0.0913644 -1.63416
0.0923069 -1.64187
0.0933 -1.65
0.0933 0
0.0943551 0
0.0960786 0
0.0988935 0
0.103491 0
0.111001 0
0.123266 0
0.1433 0
