Probe bulk_back_electrons vs gate bias
121 2 2
gate bias
Probe bulk_back_electrons
-3 1.71129e-030
-2.95 2.03366e-030
-2.9 2.55496e-030
-2.85 3.51817e-030
-2.8 5.71237e-030
-2.75 1.27053e-029
-2.7 4.72743e-029
-2.65 2.72469e-028
-2.6 1.75432e-027
-2.55 1.04393e-026
-2.5 6.12434e-026
-2.45 3.91925e-025
-2.4 2.64881e-024
-2.35 1.82155e-023
-2.3 1.2583e-022
-2.25 8.70165e-022
-2.2 6.01916e-021
-2.15 4.16388e-020
-2.1 2.88049e-019
-2.05 1.99268e-018
-2 1.3785e-017
-1.95 9.53628e-017
-1.9 6.59706e-016
-1.85 4.56374e-015
-1.8 3.15713e-014
-1.75 2.18406e-013
-1.7 1.51089e-012
-1.65 1.04519e-011
-1.6 7.2295e-011
-1.55 4.99648e-010
-1.5 3.43438e-009
-1.45 2.29105e-008
-1.4 1.43097e-007
-1.35 9.19023e-007
-1.3 6.2626e-006
-1.25 4.32501e-005
-1.2 0.000299145
-1.15 0.00206932
-1.1 0.0143145
-1.05 0.0990204
-1 0.684936
-0.95 4.7375
-0.9 32.771
-0.85 226.69
-0.8 1568.09
-0.75 10847
-0.7 75032
-0.65 519014
-0.6 3.59012e+006
-0.55 2.48333e+007
-0.5 1.71773e+008
-0.45 1.18814e+009
-0.4 8.21805e+009
-0.35 5.68368e+010
-0.3 3.92966e+011
-0.25 2.71358e+012
-0.2 1.8645e+013
-0.15 1.25582e+014
-0.1 7.86141e+014
-0.05 3.99191e+015
0 1.40027e+016
0.05 3.36266e+016
0.1 6.14909e+016
0.15 9.43906e+016
0.2 1.29347e+017
0.25 1.6415e+017
0.3 1.97331e+017
0.35 2.28011e+017
0.4 2.55742e+017
0.45 2.80384e+017
0.5 3.02004e+017
0.55 3.20802e+017
0.6 3.3706e+017
0.65 3.51098e+017
0.7 3.63247e+017
0.75 3.73808e+017
0.8 3.83041e+017
0.85 3.91161e+017
0.9 3.98353e+017
0.95 4.04774e+017
1 4.10554e+017
1.05 4.158e+017
1.1 4.20602e+017
1.15 4.25031e+017
1.2 4.29144e+017
1.25 4.32988e+017
1.3 4.36599e+017
1.35 4.40009e+017
1.4 4.43239e+017
1.45 4.46309e+017
1.5 4.49234e+017
1.55 4.52028e+017
1.6 4.54702e+017
1.65 4.57265e+017
1.7 4.59726e+017
1.75 4.62092e+017
1.8 4.6437e+017
1.85 4.66566e+017
1.9 4.68686e+017
1.95 4.70734e+017
2 4.72716e+017
2.05 4.74635e+017
2.1 4.76495e+017
2.15 4.78299e+017
2.2 4.80052e+017
2.25 4.81755e+017
2.3 4.83411e+017
2.35 4.85023e+017
2.4 4.86594e+017
2.45 4.88125e+017
2.5 4.89618e+017
2.55 4.91075e+017
2.6 4.92498e+017
2.65 4.93889e+017
2.7 4.95248e+017
2.75 4.96578e+017
2.8 4.9788e+017
2.85 4.99154e+017
2.9 5.00403e+017
2.95 5.01626e+017
3 5.02826e+017
