Probe bulk_ionized_acceptors vs gate bias
121 2 2
gate bias
Probe bulk_ionized_acceptors
-3 1.91372e+012
-2.95 1.95883e+012
-2.9 2.0067e+012
-2.85 2.05743e+012
-2.8 2.11062e+012
-2.75 2.16605e+012
-2.7 2.22377e+012
-2.65 2.28383e+012
-2.6 2.34629e+012
-2.55 2.41126e+012
-2.5 2.4789e+012
-2.45 2.54937e+012
-2.4 2.62283e+012
-2.35 2.69947e+012
-2.3 2.77949e+012
-2.25 2.86311e+012
-2.2 2.95058e+012
-2.15 3.04213e+012
-2.1 3.13806e+012
-2.05 3.23867e+012
-2 3.34428e+012
-1.95 3.45526e+012
-1.9 3.57201e+012
-1.85 3.69495e+012
-1.8 3.82457e+012
-1.75 3.96138e+012
-1.7 4.10596e+012
-1.65 4.25894e+012
-1.6 4.42104e+012
-1.55 4.59302e+012
-1.5 4.77577e+012
-1.45 4.97025e+012
-1.4 5.17755e+012
-1.35 5.39891e+012
-1.3 5.63571e+012
-1.25 5.88953e+012
-1.2 6.16217e+012
-1.15 6.4557e+012
-1.1 6.77251e+012
-1.05 7.11536e+012
-1 7.48753e+012
-0.95 7.89283e+012
-0.9 8.33583e+012
-0.85 8.822e+012
-0.8 9.35798e+012
-0.75 9.95189e+012
-0.7 1.06138e+013
-0.65 1.13568e+013
-0.6 1.21981e+013
-0.55 1.31648e+013
-0.5 1.43108e+013
-0.45 1.57852e+013
-0.4 1.81095e+013
-0.35 2.33177e+013
-0.3 3.96513e+013
-0.25 1.00774e+014
-0.2 3.42882e+014
-0.15 1.29594e+015
-0.1 4.7779e+015
-0.05 1.51298e+016
0 3.68445e+016
0.05 6.94047e+016
0.1 1.09319e+017
0.15 1.53896e+017
0.2 2.01705e+017
0.25 2.52008e+017
0.3 3.04317e+017
0.35 3.58136e+017
0.4 4.12847e+017
0.45 4.67685e+017
0.5 5.21789e+017
0.55 5.74314e+017
0.6 6.24579e+017
0.65 6.72208e+017
0.7 7.17159e+017
0.75 7.59539e+017
0.8 7.99402e+017
0.85 8.36738e+017
0.9 8.71536e+017
0.95 9.03823e+017
1 9.33666e+017
1.05 9.61157e+017
1.1 9.86408e+017
1.15 1.00955e+018
1.2 1.03072e+018
1.25 1.05008e+018
1.3 1.0678e+018
1.35 1.08403e+018
1.4 1.09895e+018
1.45 1.11269e+018
1.5 1.12539e+018
1.55 1.13717e+018
1.6 1.14813e+018
1.65 1.15837e+018
1.7 1.16795e+018
1.75 1.17696e+018
1.8 1.18544e+018
1.85 1.19345e+018
1.9 1.20104e+018
1.95 1.20823e+018
2 1.21507e+018
2.05 1.22159e+018
2.1 1.22781e+018
2.15 1.23375e+018
2.2 1.23945e+018
2.25 1.24491e+018
2.3 1.25015e+018
2.35 1.25519e+018
2.4 1.26004e+018
2.45 1.26472e+018
2.5 1.26923e+018
2.55 1.27359e+018
2.6 1.27781e+018
2.65 1.28189e+018
2.7 1.28584e+018
2.75 1.28967e+018
2.8 1.29339e+018
2.85 1.297e+018
2.9 1.30051e+018
2.95 1.30392e+018
3 1.30723e+018
