Probe bulk_free_electrons vs gate bias
121 2 2
gate bias
Probe bulk_free_electrons
-3 4.59713e+011
-2.95 4.64596e+011
-2.9 4.69787e+011
-2.85 4.75298e+011
-2.8 4.81088e+011
-2.75 4.87132e+011
-2.7 4.93436e+011
-2.65 5.00005e+011
-2.6 5.06848e+011
-2.55 5.13976e+011
-2.5 5.21408e+011
-2.45 5.29161e+011
-2.4 5.37255e+011
-2.35 5.45711e+011
-2.3 5.54552e+011
-2.25 5.63804e+011
-2.2 5.73494e+011
-2.15 5.83652e+011
-2.1 5.94312e+011
-2.05 6.05509e+011
-2 6.17282e+011
-1.95 6.29676e+011
-1.9 6.42739e+011
-1.85 6.56522e+011
-1.8 6.71085e+011
-1.75 6.86493e+011
-1.7 7.02818e+011
-1.65 7.20141e+011
-1.6 7.3855e+011
-1.55 7.58147e+011
-1.5 7.79044e+011
-1.45 8.01368e+011
-1.4 8.25262e+011
-1.35 8.50888e+011
-1.3 8.7843e+011
-1.25 9.08098e+011
-1.2 9.40132e+011
-1.15 9.74809e+011
-1.1 1.01245e+012
-1.05 1.05342e+012
-1 1.09816e+012
-0.95 1.14718e+012
-0.9 1.20109e+012
-0.85 1.26063e+012
-0.8 1.32666e+012
-0.75 1.40028e+012
-0.7 1.48282e+012
-0.65 1.57598e+012
-0.6 1.68189e+012
-0.55 1.80334e+012
-0.5 1.94405e+012
-0.45 2.10923e+012
-0.4 2.30765e+012
-0.35 2.56253e+012
-0.3 2.98204e+012
-0.25 4.23711e+012
-0.2 1.08076e+013
-0.15 5.22864e+013
-0.1 3.04717e+014
-0.05 1.52578e+015
0 5.40534e+015
0.05 1.34386e+016
0.1 2.59547e+016
0.15 4.2678e+016
0.2 6.33209e+016
0.25 8.77926e+016
0.3 1.16241e+017
0.35 1.49036e+017
0.4 1.86726e+017
0.45 2.29948e+017
0.5 2.79331e+017
0.55 3.35391e+017
0.6 3.98464e+017
0.65 4.68725e+017
0.7 5.4626e+017
0.75 6.31041e+017
0.8 7.22859e+017
0.85 8.21334e+017
0.9 9.26015e+017
0.95 1.03647e+018
1 1.15233e+018
1.05 1.27331e+018
1.1 1.39918e+018
1.15 1.52975e+018
1.2 1.66486e+018
1.25 1.80434e+018
1.3 1.94799e+018
1.35 2.09556e+018
1.4 2.24678e+018
1.45 2.40136e+018
1.5 2.55899e+018
1.55 2.71938e+018
1.6 2.88225e+018
1.65 3.04736e+018
1.7 3.21447e+018
1.75 3.38338e+018
1.8 3.55392e+018
1.85 3.72593e+018
1.9 3.89926e+018
1.95 4.0738e+018
2 4.24944e+018
2.05 4.42608e+018
2.1 4.60363e+018
2.15 4.78203e+018
2.2 4.96121e+018
2.25 5.1411e+018
2.3 5.32165e+018
2.35 5.50283e+018
2.4 5.68457e+018
2.45 5.86685e+018
2.5 6.04964e+018
2.55 6.23289e+018
2.6 6.41658e+018
2.65 6.60068e+018
2.7 6.78518e+018
2.75 6.97004e+018
2.8 7.15525e+018
2.85 7.34079e+018
2.9 7.52665e+018
2.95 7.7128e+018
3 7.89923e+018
