Probe channel_electrons vs gate bias
121 2 2
gate bias
Probe channel_electrons
-3 3.42775e-031
-2.95 4.09859e-031
-2.9 5.18354e-031
-2.85 7.18837e-031
-2.8 1.17557e-030
-2.75 2.63123e-030
-2.7 9.82727e-030
-2.65 5.67065e-029
-2.6 3.65272e-028
-2.55 2.17464e-027
-2.5 1.27624e-026
-2.45 8.16853e-026
-2.4 5.52094e-025
-2.35 3.79672e-024
-2.3 2.62272e-023
-2.25 1.81372e-022
-2.2 1.2546e-021
-2.15 8.67895e-021
-2.1 6.00393e-020
-2.05 4.15342e-019
-2 2.87327e-018
-1.95 1.98769e-017
-1.9 1.37505e-016
-1.85 9.51239e-016
-1.8 6.58053e-015
-1.75 4.55231e-014
-1.7 3.14922e-013
-1.65 2.17854e-012
-1.6 1.50687e-011
-1.55 1.04144e-010
-1.5 7.15851e-010
-1.45 4.77575e-009
-1.4 2.98352e-008
-1.35 1.91645e-007
-1.3 1.306e-006
-1.25 9.01938e-006
-1.2 6.23836e-005
-1.15 0.000431537
-1.1 0.00298515
-1.05 0.0206494
-1 0.142744
-0.95 0.968425
-0.9 6.48548
-0.85 44.7711
-0.8 309.684
-0.75 2142.19
-0.7 14818.1
-0.65 102500
-0.6 709015
-0.55 4.90435e+006
-0.5 3.39236e+007
-0.45 2.34647e+008
-0.4 1.62299e+009
-0.35 1.12249e+010
-0.3 7.76124e+010
-0.25 5.36063e+011
-0.2 3.68666e+012
-0.15 2.49231e+013
-0.1 1.58208e+014
-0.05 8.388e+014
0 3.23136e+015
0.05 8.9379e+015
0.1 1.9341e+016
0.15 3.54429e+016
0.2 5.78247e+016
0.25 8.65531e+016
0.3 1.21134e+017
0.35 1.60562e+017
0.4 2.03467e+017
0.45 2.48311e+017
0.5 2.93596e+017
0.55 3.38035e+017
0.6 3.80664e+017
0.65 4.20887e+017
0.7 4.58443e+017
0.75 4.93297e+017
0.8 5.2554e+017
0.85 5.55333e+017
0.9 5.8289e+017
0.95 6.08451e+017
1 6.32261e+017
1.05 6.5455e+017
1.1 6.75528e+017
1.15 6.95376e+017
1.2 7.14251e+017
1.25 7.32282e+017
1.3 7.49576e+017
1.35 7.66216e+017
1.4 7.82272e+017
1.45 7.97796e+017
1.5 8.12833e+017
1.55 8.2742e+017
1.6 8.41587e+017
1.65 8.55362e+017
1.7 8.68768e+017
1.75 8.81826e+017
1.8 8.94558e+017
1.85 9.0698e+017
1.9 9.19111e+017
1.95 9.30964e+017
2 9.42554e+017
2.05 9.53895e+017
2.1 9.65e+017
2.15 9.75879e+017
2.2 9.86543e+017
2.25 9.97003e+017
2.3 1.00727e+018
2.35 1.01735e+018
2.4 1.02724e+018
2.45 1.03697e+018
2.5 1.04654e+018
2.55 1.05595e+018
2.6 1.06521e+018
2.65 1.07432e+018
2.7 1.08329e+018
2.75 1.09213e+018
2.8 1.10085e+018
2.85 1.10943e+018
2.9 1.1179e+018
2.95 1.12625e+018
3 1.13449e+018
