source current vs gate bias
121 2 2
gate bias
source current
-3 0
-2.95 0
-2.9 0
-2.85 0
-2.8 0
-2.75 0
-2.7 0
-2.65 0
-2.6 0
-2.55 0
-2.5 0
-2.45 0
-2.4 0
-2.35 0
-2.3 0
-2.25 0
-2.2 0
-2.15 0
-2.1 0
-2.05 0
-2 0
-1.95 0
-1.9 0
-1.85 0
-1.8 0
-1.75 0
-1.7 0
-1.65 0
-1.6 0
-1.55 0
-1.5 0
-1.45 0
-1.4 0
-1.35 0
-1.3 0
-1.25 0
-1.2 0
-1.15 0
-1.1 0
-1.05 0
-1 0
-0.95 0
-0.9 0
-0.85 0
-0.8 0
-0.75 0
-0.7 -1.03232e-021
-0.65 -6.19392e-021
-0.6 -4.12928e-020
-0.55 -2.88017e-019
-0.5 -1.99754e-018
-0.45 -1.38217e-017
-0.4 -9.55851e-017
-0.35 -6.60992e-016
-0.3 -4.5698e-015
-0.25 -3.15668e-014
-0.2 -2.17323e-013
-0.15 -1.47629e-012
-0.1 -9.54455e-012
-0.05 -5.33593e-011
0 -2.26719e-010
0.05 -7.0419e-010
0.1 -1.69495e-009
0.15 -3.40203e-009
0.2 -6.01586e-009
0.25 -9.72362e-009
0.3 -1.47222e-008
0.35 -2.12305e-008
0.4 -2.94978e-008
0.45 -3.98064e-008
0.5 -5.24656e-008
0.55 -6.77977e-008
0.6 -8.61127e-008
0.65 -1.07672e-007
0.7 -1.32654e-007
0.75 -1.61147e-007
0.8 -1.93188e-007
0.85 -2.28782e-007
0.9 -2.6791e-007
0.95 -3.10517e-007
1 -3.56505e-007
1.05 -4.05733e-007
1.1 -4.58015e-007
1.15 -5.13121e-007
1.2 -5.70789e-007
1.25 -6.30732e-007
1.3 -6.92662e-007
1.35 -7.56299e-007
1.4 -8.2139e-007
1.45 -8.87714e-007
1.5 -9.55083e-007
1.55 -1.02334e-006
1.6 -1.09236e-006
1.65 -1.16204e-006
1.7 -1.23229e-006
1.75 -1.30303e-006
1.8 -1.37421e-006
1.85 -1.44578e-006
1.9 -1.5177e-006
1.95 -1.58992e-006
2 -1.66242e-006
2.05 -1.73517e-006
2.1 -1.80815e-006
2.15 -1.88134e-006
2.2 -1.95472e-006
2.25 -2.02828e-006
2.3 -2.102e-006
2.35 -2.17587e-006
2.4 -2.24987e-006
2.45 -2.32401e-006
2.5 -2.39826e-006
2.55 -2.47263e-006
2.6 -2.54711e-006
2.65 -2.62168e-006
2.7 -2.69634e-006
2.75 -2.77109e-006
2.8 -2.84593e-006
2.85 -2.92084e-006
2.9 -2.99582e-006
2.95 -3.07087e-006
3 -3.14599e-006
