Probe bulk_ionized_acceptors vs gate bias
121 2 2
gate bias
Probe bulk_ionized_acceptors
-3 4.22369e+013
-2.95 4.35973e+013
-2.9 4.5009e+013
-2.85 4.64751e+013
-2.8 4.79993e+013
-2.75 4.95869e+013
-2.7 5.12458e+013
-2.65 5.29857e+013
-2.6 5.48103e+013
-2.55 5.67163e+013
-2.5 5.8703e+013
-2.45 6.07731e+013
-2.4 6.29303e+013
-2.35 6.5179e+013
-2.3 6.75243e+013
-2.25 6.99714e+013
-2.2 7.25262e+013
-2.15 7.51948e+013
-2.1 7.7984e+013
-2.05 8.09009e+013
-2 8.39534e+013
-1.95 8.71498e+013
-1.9 9.04994e+013
-1.85 9.4012e+013
-1.8 9.76983e+013
-1.75 1.0157e+014
-1.7 1.0564e+014
-1.65 1.09922e+014
-1.6 1.14432e+014
-1.55 1.19186e+014
-1.5 1.24203e+014
-1.45 1.29502e+014
-1.4 1.35107e+014
-1.35 1.41042e+014
-1.3 1.47334e+014
-1.25 1.54014e+014
-1.2 1.61115e+014
-1.15 1.68676e+014
-1.1 1.76738e+014
-1.05 1.85349e+014
-1 1.94562e+014
-0.95 2.04436e+014
-0.9 2.1504e+014
-0.85 2.26448e+014
-0.8 2.38747e+014
-0.75 2.52035e+014
-0.7 2.66423e+014
-0.65 2.82038e+014
-0.6 2.99025e+014
-0.55 3.17549e+014
-0.5 3.37801e+014
-0.45 3.59999e+014
-0.4 3.84399e+014
-0.35 4.11305e+014
-0.3 4.41113e+014
-0.25 4.74433e+014
-0.2 5.12502e+014
-0.15 5.58615e+014
-0.1 6.23101e+014
-0.05 7.40615e+014
0 1.03031e+015
0.05 1.90425e+015
0.1 4.77982e+015
0.15 1.44182e+016
0.2 4.56635e+016
0.25 1.36094e+017
0.3 3.44638e+017
0.35 7.05714e+017
0.4 1.20125e+018
0.45 1.79278e+018
0.5 2.44827e+018
0.55 3.14604e+018
0.6 3.8718e+018
0.65 4.61566e+018
0.7 5.37027e+018
0.75 6.12964e+018
0.8 6.88849e+018
0.85 7.64189e+018
0.9 8.38528e+018
0.95 9.11475e+018
1 9.82751e+018
1.05 1.05217e+019
1.1 1.11953e+019
1.15 1.18458e+019
1.2 1.24703e+019
1.25 1.30658e+019
1.3 1.36304e+019
1.35 1.41627e+019
1.4 1.46623e+019
1.45 1.51296e+019
1.5 1.55655e+019
1.55 1.59712e+019
1.6 1.63481e+019
1.65 1.66979e+019
1.7 1.7022e+019
1.75 1.73222e+019
1.8 1.75999e+019
1.85 1.78566e+019
1.9 1.80938e+019
1.95 1.83128e+019
2 1.8515e+019
2.05 1.87017e+019
2.1 1.8874e+019
2.15 1.90331e+019
2.2 1.91801e+019
2.25 1.9316e+019
2.3 1.94418e+019
2.35 1.95583e+019
2.4 1.96663e+019
2.45 1.97666e+019
2.5 1.98598e+019
2.55 1.99466e+019
2.6 2.00275e+019
2.65 2.0103e+019
2.7 2.01735e+019
2.75 2.02396e+019
2.8 2.03015e+019
2.85 2.03596e+019
2.9 2.04142e+019
2.95 2.04657e+019
3 2.05141e+019
